"id","Scenario","Actual Range","Protocol","Buildings","Total nodes","Nodes on circ","Total coverage","Coverage on circ","Alert received mean time","Hops","Slots","Messages sent","Messages received", "Starting x", "Starting y","Starting node", "Vehicle distance", "Received node ids", "Node ids", "Transmission map", "Received on circ nodes", "Transmission vector"
0,0,500,0,1,1344,45,1344,45,1.00076e+07,3.46667,6.42222,1294,1343,1300,1700,352,25,1104_351_353_1103_1105_350_354_1102_1106_349_355_1101_1107_348_356_1100_1108_347_357_1099_1109_346_358_1098_1110_345_359_1097_1111_344_360_1096_1112_343_361_1095_1113_342_362_1094_1114_341_363_1093_1115_340_364_1092_1116_339_365_1091_1117_338_366_1090_1118_337_367_1089_1119_256_336_368_448_1008_1088_1120_1200_257_449_1009_1201_258_450_1010_1202_259_451_1011_1203_452_1204_453_1205_335_369_1087_1121_454_1206_455_1207_456_1208_334_370_1086_1122_457_1209_458_1210_333_371_1085_1123_459_1211_332_372_460_1084_1124_1212_1213_1214_1215_464_1216_463_465_462_466_461_467_1217_468_1218_469_1219_470_1220_471_472_1221_1222_1223_1224_1199_1225_1198_1226_1197_1227_1196_1228_1195_1229_1316_1194_1230_1317_1318_1193_1231_1319_560_1192_1232_1320_331_1083_1125_330_1082_1126_1007_255_447_1006_254_446_329_1081_1127_1005_253_445_328_1004_1012_252_260_1080_444_1128_1003_1013_251_261_443_327_1079_1129_1002_1014_250_262_442_326_1078_1130_1001_1015_263_325_1077_1131_1000_1016_264_324_1076_1132_323_1075_1133_322_1074_1134_321_1073_1135_320_912_160_1072_544_1136_913_161_545_914_162_546_915_163_435_547_548_549_319_1071_1137_434_550_551_318_1070_1138_552_433_553_317_1069_1027_1139_1026_1025_432_1024_554_1023_1022_316_1068_1140_555_243_995_1187_1021_431_244_436_1188_556_245_437_1189_315_1067_1141_990_238_430_246_438_1190_899_147_557_227_979_1191_314_1066_1142_898_146_558_989_237_429_226_978_897_145_559_225_313_977_1065_1143_561_1233_1321_562_1234_1322_563_1235_1323_564_1236_1324_565_1237_1315_1325_566_1238_1314_1326_567_1239_1313_1327_568_1240_1312_479_478_477_569_1241_1311_570_1242_1310_1243_1309_1244_1308_1245_1307_1246_1306_1247_1305_656_1304_657_658_659_660_661_543_1303_662_663_664_542_1302_665_666_541_1301_667_540_668_1300_1186_1185_272_1184_271_273_270_274_269_275_276_1183_1182_1181_1180_1179_1178_1177_1176_1175_1174_1173_1172_224_896_312_144_976_1064_1144_223_311_975_1063_1145_222_228_310_974_980_1062_1146_893_141_221_229_309_973_981_1061_1147_892_900_140_148_220_230_308_972_982_1060_1148_891_901_139_149_219_231_307_971_983_1059_1149_890_902_138_150_218_232_306_970_984_1058_1150_889_903_137_151_217_233_305_969_985_1057_1151_888_904_916_136_152_164_917_165_539_216_234_304_816_968_986_64_1056_640_887_905_815_817_135_153_63_65_639_641_814_818_62_66_638_642_819_67_215_235_303_967_987_886_134_214_236_302_966_988_213_301_965_212_300_964_239_299_991_531_298_530_297_998_1043_999_247_529_1042_296_248_1041_528_1040_249_1039_207_295_878_126_1038_527_399_1037_206_294_877_125_799_47_526_398_1036_205_293_397_1035_1299_1298_1297_1296_383_382_381_1295_380_1294_379_1293_378_1292_377_376_1291_1290_1289_1288_1287_1286_1285_1284_1283_1282_1281_1280_1171_1170_1169_176_1168_175_177_174_178_173_179_1167_172_180_1166_171_181_1165_170_182_1164_169_183_184_1163_1162_1161_1160_1159_1158_1157_1156_1155_159_1154_158_1153_157_80_1152_473_474_475_476_265_242_266_241_267_240_268_992_993_994_441_1020_292_396_1034_395_1033_538_394_400_832_1032_831_833_830_834_537_393_401_1031_829_835_536_288_720_392_402_828_836_1030_719_718_717_827_837_535_391_403_1029_716_724_826_838_534_390_404_1028_715_725_825_839_714_726_389_405_824_840_713_727_388_406_1044_387_407_1045_386_408_1046_385_409_1047_384_410_736_1048_737_738_739_707_411_1049_706_412_1050_705_413_1019_1051_195_194_193_192_704_414_1018_1052_419_643_499_644_500_703_418_645_501_415_1017_1053_646_502_702_647_503_1054_926_925_648_504_924_932_701_923_933_922_934_649_505_927_951_1055_1335_287_1279_286_1278_285_1277_284_1276_283_1275_282_1274_281_1273_280_1272_279_1271_278_1270_277_1269_1268_1267_1266_1265_1264_1263_1262_1261_1260_997_996_571_440_572_439_573_574_575_1328_1329_1330_1331_1332_1333_1334_428_427_426_425_424_373_423_374_422_143_142_154_155_156_895_133_963_132_962_961_50_49_51_48_960_46_127_879_166_637_636_635_525_524_523_522_669_521_670_520_532_671_519_533_1343_1342_1341_518_1340_1339_517_516_655_515_654_514_653_513_652_512_944_945_651_946_947_511_650_510_626_627_509_628_629_630_508_631_632_507_931_930_506_45_44_43_42_52_41_53_40_54_39_55_38_56_37_57_36_58_35_59_34_60_33_61_32_864_865_866_867_31_30_29_28_27_416_928_950_952_624_417_623_625_929_949_953_622_948_954_621_955_420_620_956_421_619_921_957_618_920_958_617_919_959_616_918_608_607_609_615_633_606_610_495_614_634_494_493_492_491_490_489_911_488_910_487_909_841_486_908_590_842_485_589_843_907_1259_1258_1257_1256_191_190_189_1255_188_1254_187_1253_186_1252_185_1251_1250_1249_1248_83_82_81_208_798_800_209_797_801_210_796_802_211_795_803_204_794_804_203_793_805_202_792_806_201_791_807_200_790_808_199_789_809_198_788_810_787_811_786_812_785_813_112_784_113_114_115_783_708_782_709_710_711_781_712_780_906_99_691_779_79_78_77_76_84_75_85_74_86_73_87_72_88_71_89_70_90_91_92_93_94_95_700_935_699_936_698_937_697_938_196_696_939_197_695_940_694_941_693_942_692_943_690_689_96_688_97_98_687_686_685_684_683_682_289_290_291_681_721_894_885_884_883_882_881_128_880_129_130_131_375_124_123_122_121_120_876_875_119_874_118_873_117_872_116_111_110_109_108_107_771_19_106_770_18_769_17_105_167_168_820_26_25_24_23_22_21_868_20_869_870_871_16_768_15_14_13_12_11_10_9_8_7_484_588_844_587_591_845_586_592_846_585_593_847_480_752_584_594_751_750_749_583_595_849_748_756_582_596_850_747_757_746_758_581_597_851_745_580_598_852_579_599_853_578_600_854_577_601_576_602_603_604_605_735_734_733_821_822_723_722_69_68_1338_1337_1336_778_777_776_775_774_773_772_3_2_675_674_1_673_0_672_680_679_678_677_676_100_101_498_6_5_4_104_103_102_611_612_496_848_497_855_856_857_858_483_482_481_753_754_755_732_731_730_729_728_740_741_742_743_744_613_759_760_761_762_763_764_765_766_767_823_859_860_861_862_863_,0_1_2_3_4_5_6_7_8_9_10_11_12_13_14_15_16_17_18_19_20_21_22_23_24_25_26_27_28_29_30_31_32_33_34_35_36_37_38_39_40_41_42_43_44_45_46_47_48_49_50_51_52_53_54_55_56_57_58_59_60_61_62_63_64_65_66_67_68_69_70_71_72_73_74_75_76_77_78_79_80_81_82_83_84_85_86_87_88_89_90_91_92_93_94_95_96_97_98_99_100_101_102_103_104_105_106_107_108_109_110_111_112_113_114_115_116_117_118_119_120_121_122_123_124_125_126_127_128_129_130_131_132_133_134_135_136_137_138_139_140_141_142_143_144_145_146_147_148_149_150_151_152_153_154_155_156_157_158_159_160_161_162_163_164_165_166_167_168_169_170_171_172_173_174_175_176_177_178_179_180_181_182_183_184_185_186_187_188_189_190_191_192_193_194_195_196_197_198_199_200_201_202_203_204_205_206_207_208_209_210_211_212_213_214_215_216_217_218_219_220_221_222_223_224_225_226_227_228_229_230_231_232_233_234_235_236_237_238_239_240_241_242_243_244_245_246_247_248_249_250_251_252_253_254_255_256_257_258_259_260_261_262_263_264_265_266_267_268_269_270_271_272_273_274_275_276_277_278_279_280_281_282_283_284_285_286_287_288_289_290_291_292_293_294_295_296_297_298_299_300_301_302_303_304_305_306_307_308_309_310_311_312_313_314_315_316_317_318_319_320_321_322_323_324_325_326_327_328_329_330_331_332_333_334_335_336_337_338_339_340_341_342_343_344_345_346_347_348_349_350_351_352_353_354_355_356_357_358_359_360_361_362_363_364_365_366_367_368_369_370_371_372_373_374_375_376_377_378_379_380_381_382_383_384_385_386_387_388_389_390_391_392_393_394_395_396_397_398_399_400_401_402_403_404_405_406_407_408_409_410_411_412_413_414_415_416_417_418_419_420_421_422_423_424_425_426_427_428_429_430_431_432_433_434_435_436_437_438_439_440_441_442_443_444_445_446_447_448_449_450_451_452_453_454_455_456_457_458_459_460_461_462_463_464_465_466_467_468_469_470_471_472_473_474_475_476_477_478_479_480_481_482_483_484_485_486_487_488_489_490_491_492_493_494_495_496_497_498_499_500_501_502_503_504_505_506_507_508_509_510_511_512_513_514_515_516_517_518_519_520_521_522_523_524_525_526_527_528_529_530_531_532_533_534_535_536_537_538_539_540_541_542_543_544_545_546_547_548_549_550_551_552_553_554_555_556_557_558_559_560_561_562_563_564_565_566_567_568_569_570_571_572_573_574_575_576_577_578_579_580_581_582_583_584_585_586_587_588_589_590_591_592_593_594_595_596_597_598_599_600_601_602_603_604_605_606_607_608_609_610_611_612_613_614_615_616_617_618_619_620_621_622_623_624_625_626_627_628_629_630_631_632_633_634_635_636_637_638_639_640_641_642_643_644_645_646_647_648_649_650_651_652_653_654_655_656_657_658_659_660_661_662_663_664_665_666_667_668_669_670_671_672_673_674_675_676_677_678_679_680_681_682_683_684_685_686_687_688_689_690_691_692_693_694_695_696_697_698_699_700_701_702_703_704_705_706_707_708_709_710_711_712_713_714_715_716_717_718_719_720_721_722_723_724_725_726_727_728_729_730_731_732_733_734_735_736_737_738_739_740_741_742_743_744_745_746_747_748_749_750_751_752_753_754_755_756_757_758_759_760_761_762_763_764_765_766_767_768_769_770_771_772_773_774_775_776_777_778_779_780_781_782_783_784_785_786_787_788_789_790_791_792_793_794_795_796_797_798_799_800_801_802_803_804_805_806_807_808_809_810_811_812_813_814_815_816_817_818_819_820_821_822_823_824_825_826_827_828_829_830_831_832_833_834_835_836_837_838_839_840_841_842_843_844_845_846_847_848_849_850_851_852_853_854_855_856_857_858_859_860_861_862_863_864_865_866_867_868_869_870_871_872_873_874_875_876_877_878_879_880_881_882_883_884_885_886_887_888_889_890_891_892_893_894_895_896_897_898_899_900_901_902_903_904_905_906_907_908_909_910_911_912_913_914_915_916_917_918_919_920_921_922_923_924_925_926_927_928_929_930_931_932_933_934_935_936_937_938_939_940_941_942_943_944_945_946_947_948_949_950_951_952_953_954_955_956_957_958_959_960_961_962_963_964_965_966_967_968_969_970_971_972_973_974_975_976_977_978_979_980_981_982_983_984_985_986_987_988_989_990_991_992_993_994_995_996_997_998_999_1000_1001_1002_1003_1004_1005_1006_1007_1008_1009_1010_1011_1012_1013_1014_1015_1016_1017_1018_1019_1020_1021_1022_1023_1024_1025_1026_1027_1028_1029_1030_1031_1032_1033_1034_1035_1036_1037_1038_1039_1040_1041_1042_1043_1044_1045_1046_1047_1048_1049_1050_1051_1052_1053_1054_1055_1056_1057_1058_1059_1060_1061_1062_1063_1064_1065_1066_1067_1068_1069_1070_1071_1072_1073_1074_1075_1076_1077_1078_1079_1080_1081_1082_1083_1084_1085_1086_1087_1088_1089_1090_1091_1092_1093_1094_1095_1096_1097_1098_1099_1100_1101_1102_1103_1104_1105_1106_1107_1108_1109_1110_1111_1112_1113_1114_1115_1116_1117_1118_1119_1120_1121_1122_1123_1124_1125_1126_1127_1128_1129_1130_1131_1132_1133_1134_1135_1136_1137_1138_1139_1140_1141_1142_1143_1144_1145_1146_1147_1148_1149_1150_1151_1152_1153_1154_1155_1156_1157_1158_1159_1160_1161_1162_1163_1164_1165_1166_1167_1168_1169_1170_1171_1172_1173_1174_1175_1176_1177_1178_1179_1180_1181_1182_1183_1184_1185_1186_1187_1188_1189_1190_1191_1192_1193_1194_1195_1196_1197_1198_1199_1200_1201_1202_1203_1204_1205_1206_1207_1208_1209_1210_1211_1212_1213_1214_1215_1216_1217_1218_1219_1220_1221_1222_1223_1224_1225_1226_1227_1228_1229_1230_1231_1232_1233_1234_1235_1236_1237_1238_1239_1240_1241_1242_1243_1244_1245_1246_1247_1248_1249_1250_1251_1252_1253_1254_1255_1256_1257_1258_1259_1260_1261_1262_1263_1264_1265_1266_1267_1268_1269_1270_1271_1272_1273_1274_1275_1276_1277_1278_1279_1280_1281_1282_1283_1284_1285_1286_1287_1288_1289_1290_1291_1292_1293_1294_1295_1296_1297_1298_1299_1300_1301_1302_1303_1304_1305_1306_1307_1308_1309_1310_1311_1312_1313_1314_1315_1316_1317_1318_1319_1320_1321_1322_1323_1324_1325_1326_1327_1328_1329_1330_1331_1332_1333_1334_1335_1336_1337_1338_1339_1340_1341_1342_1343_,7:{6;5;4;}27:{26;25;24;23;22;21;868;20;869;870;871;16;768;15;14;13;12;11;10;9;8;7;}47:{45;44;43;42;52;41;53;40;54;39;55;38;56;37;57;36;58;35;59;34;60;33;61;32;864;865;866;867;31;30;29;28;27;}111:{104;103;102;}125:{124;123;122;121;120;876;875;119;874;118;873;117;872;116;111;110;109;108;107;771;19;106;770;18;769;17;105;}146:{143;142;154;155;156;133;963;132;962;961;50;49;51;48;960;46;127;166;}166:{167;168;}225:{224;896;223;222;228;893;221;229;892;900;220;230;891;901;219;231;890;902;218;232;889;903;217;233;888;904;216;234;887;905;215;235;886;214;236;213;212;239;998;999;207;878;206;877;205;}234:{895;879;}254:{265;242;266;241;267;240;268;992;993;994;}293:{292;288;720;719;718;717;716;724;715;725;714;726;713;727;707;706;705;195;194;193;192;704;703;702;701;}312:{820;}313:{312;311;310;309;308;307;306;305;916;917;304;816;815;817;814;818;819;303;302;301;300;299;298;297;296;295;399;294;799;398;293;397;}333:{331;330;1007;1006;329;1005;328;1004;1012;1003;1013;327;1002;1014;326;1001;1015;325;1000;1016;324;323;322;321;320;912;913;914;915;319;318;317;316;243;244;436;245;437;315;990;246;438;899;227;314;898;989;226;897;225;313;}352:{1104;351;353;1103;1105;350;354;1102;1106;349;355;1101;1107;348;356;1100;1108;347;357;1099;1109;346;358;1098;1110;345;359;1097;1111;344;360;1096;1112;343;361;1095;1113;342;362;1094;1114;341;363;1093;1115;340;364;1092;1116;339;365;1091;1117;338;366;1090;1118;337;367;1089;1119;256;336;368;448;1008;1088;1120;1200;257;449;1009;1201;258;450;1010;1202;259;451;1011;1203;452;1204;453;1205;335;369;1087;1121;454;1206;455;1207;456;1208;334;370;1086;1122;457;1209;458;1210;333;371;1085;1123;459;1211;332;372;460;1084;1124;1212;}354:{373;374;}374:{375;}397:{396;395;394;400;832;831;833;830;834;393;401;829;835;392;402;828;836;827;837;391;403;826;838;390;404;825;839;389;405;824;840;388;406;387;407;386;408;385;409;384;410;736;737;738;739;411;412;413;414;499;500;501;415;502;503;926;925;504;924;932;923;933;922;934;505;}398:{498;}442:{440;439;428;427;426;425;424;423;422;}462:{473;474;475;476;}485:{484;480;752;751;750;749;748;756;747;757;746;758;745;735;734;733;}495:{496;848;497;855;856;857;858;483;482;481;753;754;755;}505:{495;494;493;492;491;490;489;488;487;486;590;485;589;}526:{525;524;523;522;521;520;532;519;533;518;517;516;515;514;513;512;944;945;946;947;511;510;626;627;509;628;629;630;508;631;632;507;931;930;506;}541:{538;537;536;535;534;643;644;645;646;647;648;649;}570:{571;572;573;574;575;1328;1329;1330;1331;1332;1333;1334;}589:{588;587;591;586;592;585;593;584;594;583;595;582;596;581;597;580;598;579;599;578;600;577;601;576;602;603;604;605;}609:{611;612;}665:{669;670;671;1343;1342;1341;1340;1339;655;654;653;652;651;650;}669:{1338;1337;1336;}681:{680;679;678;677;676;100;101;}701:{700;699;698;697;196;696;197;695;694;693;692;690;689;96;688;97;98;687;686;685;684;683;682;289;290;291;681;721;}733:{732;731;730;729;728;740;741;742;743;744;}753:{759;760;761;762;763;764;765;766;767;}779:{778;777;776;775;774;773;772;3;2;675;674;1;673;0;672;}799:{208;798;800;209;797;801;210;796;802;211;795;803;204;794;804;203;793;805;202;792;806;201;791;807;200;790;808;199;789;809;198;788;810;787;811;786;812;785;813;112;784;113;114;115;783;708;782;709;710;711;781;712;780;906;99;691;779;}819:{821;822;723;722;}841:{823;}843:{844;845;846;847;849;850;851;852;853;854;}846:{859;860;861;862;863;}897:{894;885;884;883;882;881;128;880;129;130;131;}927:{416;928;417;929;420;421;921;920;919;918;911;910;909;841;908;842;843;907;}934:{935;936;937;938;939;940;941;942;943;}951:{950;952;949;953;948;954;955;956;957;958;959;608;607;609;606;610;}954:{613;}977:{144;976;975;974;980;141;973;981;140;148;972;982;139;149;971;983;138;150;970;984;137;151;969;985;136;152;968;986;135;153;967;987;134;966;988;965;964;991;247;248;249;126;125;}1005:{997;996;}1035:{1034;1033;1032;1031;1030;1029;1028;1044;1045;1046;1047;1048;1049;1050;1019;1051;1018;1052;419;418;1017;1053;1054;927;951;1055;}1055:{624;623;625;622;621;620;619;618;617;616;615;633;614;634;}1065:{1064;1063;1062;1061;1060;1059;1058;1057;164;165;64;1056;63;65;62;66;67;47;}1085:{1083;1082;255;254;1081;253;252;260;1080;251;261;1079;250;262;1078;263;1077;264;1076;1075;1074;1073;160;1072;161;162;163;1071;1070;1069;1068;995;1187;1188;1189;1067;238;1190;147;979;1191;1066;146;237;978;145;977;1065;}1123:{1125;1126;447;446;1127;445;444;1128;443;1129;442;1130;1131;1132;1133;1134;1135;544;1136;545;546;435;547;548;549;1137;434;550;551;1138;552;433;553;1027;1139;1026;1025;432;1024;554;1023;1022;1140;555;1021;431;556;1141;430;557;1142;558;429;559;1143;}1125:{441;1020;}1143:{1144;1145;1146;1147;1148;1149;1150;1151;539;640;639;641;638;642;531;530;1043;529;1042;1041;528;1040;1039;1038;527;1037;526;1036;1035;}1145:{637;636;635;}1152:{69;68;}1153:{79;78;77;76;84;75;85;74;86;73;87;72;88;71;89;70;90;91;92;93;94;95;}1172:{1171;1170;1169;176;1168;175;177;174;178;173;179;1167;172;180;1166;171;181;1165;170;182;1164;169;183;184;1163;1162;1161;1160;1159;1158;1157;1156;1155;159;1154;158;1153;157;80;1152;}1192:{1186;1185;272;1184;271;273;270;274;269;275;276;1183;1182;1181;1180;1179;1178;1177;1176;1175;1174;1173;1172;}1212:{1213;1214;1215;464;1216;463;465;462;466;461;467;1217;468;1218;469;1219;470;1220;471;472;1221;1222;1223;1224;1199;1225;1198;1226;1197;1227;1196;1228;1195;1229;1316;1194;1230;1317;1318;1193;1231;1319;560;1192;1232;1320;}1227:{1335;}1232:{561;1233;562;1234;563;1235;564;1236;565;1237;566;1238;567;1239;568;1240;569;1241;570;1242;1243;1244;1245;1246;1247;656;657;658;659;660;661;543;662;663;664;542;665;666;541;667;540;668;}1260:{1259;1258;1257;1256;191;190;189;1255;188;1254;187;1253;186;1252;185;1251;1250;1249;1248;83;82;81;}1280:{287;1279;286;1278;285;1277;284;1276;283;1275;282;1274;281;1273;280;1272;279;1271;278;1270;277;1269;1268;1267;1266;1265;1264;1263;1262;1261;1260;}1300:{1299;1298;1297;1296;383;382;381;1295;380;1294;379;1293;378;1292;377;376;1291;1290;1289;1288;1287;1286;1285;1284;1283;1282;1281;1280;}1320:{1321;1322;1323;1324;1315;1325;1314;1326;1313;1327;1312;479;478;477;1311;1310;1309;1308;1307;1306;1305;1304;1303;1302;1301;1300;},135_136_137_183_184_185_219_220_311_312_313_411_412_519_520_521_567_568_569_887_888_889_935_936_937_971_972_1044_1045_1063_1064_1065_1143_1144_1145_1163_1164_1236_1237_1271_1272_1273_1319_1320_1321_,352-1104*0_352-351*0_352-353*0_352-1103*0_352-1105*0_352-350*0_352-354*0_352-1102*0_352-1106*0_352-349*0_352-355*0_352-1101*0_352-1107*0_352-348*0_352-356*0_352-1100*0_352-1108*0_352-347*0_352-357*0_352-1099*0_352-1109*0_352-346*0_352-358*0_352-1098*0_352-1110*0_352-345*0_352-359*0_352-1097*0_352-1111*0_352-344*0_352-360*0_352-1096*0_352-1112*0_352-343*0_352-361*0_352-1095*0_352-1113*0_352-342*0_352-362*0_352-1094*0_352-1114*0_352-341*0_352-363*0_352-1093*0_352-1115*0_352-340*0_352-364*0_352-1092*0_352-1116*0_352-339*0_352-365*0_352-1091*0_352-1117*0_352-338*0_352-366*0_352-1090*0_352-1118*0_352-337*0_352-367*0_352-1089*0_352-1119*0_352-256*0_352-336*0_352-368*0_352-448*0_352-1008*0_352-1088*0_352-1120*0_352-1200*0_352-257*0_352-449*0_352-1009*0_352-1201*0_352-258*0_352-450*0_352-1010*0_352-1202*0_352-259*0_352-451*0_352-1011*0_352-1203*0_352-452*0_352-1204*0_352-453*0_352-1205*0_352-335*0_352-369*0_352-1087*0_352-1121*0_352-454*0_352-1206*0_352-455*0_352-1207*0_352-456*0_352-1208*0_352-334*0_352-370*0_352-1086*0_352-1122*0_352-457*0_352-1209*0_352-458*0_352-1210*0_352-333*0_352-371*0_352-1085*0_352-1123*0_352-459*0_352-1211*0_352-332*0_352-372*0_352-460*0_352-1084*0_352-1124*0_352-1212*0_1212-1213*1_1212-1214*1_1212-1215*1_1212-464*1_1212-1216*1_1212-463*1_1212-465*1_1212-462*1_1212-466*1_1212-461*1_1212-467*1_1212-1217*1_1212-468*1_1212-1218*1_1212-469*1_1212-1219*1_1212-470*1_1212-1220*1_1212-471*1_1212-472*1_1212-1221*1_1212-1222*1_1212-1223*1_1212-1224*1_1212-1199*1_1212-1225*1_1212-1198*1_1212-1226*1_1212-1197*1_1212-1227*1_1212-1196*1_1212-1228*1_1212-1195*1_1212-1229*1_1212-1316*1_1212-1194*1_1212-1230*1_1212-1317*1_1212-1318*1_1212-1193*1_1212-1231*1_1212-1319*1_1212-560*1_1212-1192*1_1212-1232*1_1212-1320*1_333-331*1_1085-1083*1_1123-1125*1_333-330*1_1085-1082*1_1123-1126*1_333-1007*1_1085-255*1_1123-447*1_333-1006*1_1085-254*1_1123-446*1_333-329*1_1085-1081*1_1123-1127*1_333-1005*1_1085-253*1_1123-445*1_333-328*1_333-1004*1_333-1012*1_1085-252*1_1085-260*1_1085-1080*1_1123-444*1_1123-1128*1_333-1003*1_333-1013*1_1085-251*1_1085-261*1_1123-443*1_333-327*1_1085-1079*1_1123-1129*1_333-1002*1_333-1014*1_1085-250*1_1085-262*1_1123-442*1_333-326*1_1085-1078*1_1123-1130*1_333-1001*1_333-1015*1_1085-263*1_333-325*1_1085-1077*1_1123-1131*1_333-1000*1_333-1016*1_1085-264*1_333-324*1_1085-1076*1_1123-1132*1_333-323*1_1085-1075*1_1123-1133*1_333-322*1_1085-1074*1_1123-1134*1_333-321*1_1085-1073*1_1123-1135*1_333-320*1_333-912*1_1085-160*1_1085-1072*1_1123-544*1_1123-1136*1_333-913*1_1085-161*1_1123-545*1_333-914*1_1085-162*1_1123-546*1_333-915*1_1085-163*1_1123-435*1_1123-547*1_1123-548*1_1123-549*1_333-319*1_1085-1071*1_1123-1137*1_1123-434*1_1123-550*1_1123-551*1_333-318*1_1085-1070*1_1123-1138*1_1123-552*1_1123-433*1_1123-553*1_333-317*1_1085-1069*1_1123-1027*1_1123-1139*1_1123-1026*1_1123-1025*1_1123-432*1_1123-1024*1_1123-554*1_1123-1023*1_1123-1022*1_333-316*1_1085-1068*1_1123-1140*1_1123-555*1_333-243*1_1085-995*1_1085-1187*1_1123-1021*1_1123-431*1_333-244*1_333-436*1_1085-1188*1_1123-556*1_333-245*1_333-437*1_1085-1189*1_333-315*1_1085-1067*1_1123-1141*1_333-990*1_1085-238*1_1123-430*1_333-246*1_333-438*1_1085-1190*1_333-899*1_1085-147*1_1123-557*1_333-227*1_1085-979*1_1085-1191*1_333-314*1_1085-1066*1_1123-1142*1_333-898*1_1085-146*1_1123-558*1_333-989*1_1085-237*1_1123-429*1_333-226*1_1085-978*1_333-897*1_1085-145*1_1123-559*1_333-225*1_333-313*1_1085-977*1_1085-1065*1_1123-1143*1_1232-561*2_1232-1233*2_1320-1321*2_1232-562*2_1232-1234*2_1320-1322*2_1232-563*2_1232-1235*2_1320-1323*2_1232-564*2_1232-1236*2_1320-1324*2_1232-565*2_1232-1237*2_1320-1315*2_1320-1325*2_1232-566*2_1232-1238*2_1320-1314*2_1320-1326*2_1232-567*2_1232-1239*2_1320-1313*2_1320-1327*2_1232-568*2_1232-1240*2_1320-1312*2_1320-479*2_1320-478*2_1320-477*2_1232-569*2_1232-1241*2_1320-1311*2_1232-570*2_1232-1242*2_1320-1310*2_1232-1243*2_1320-1309*2_1232-1244*2_1320-1308*2_1232-1245*2_1320-1307*2_1232-1246*2_1320-1306*2_1232-1247*2_1320-1305*2_1232-656*2_1320-1304*2_1232-657*2_1232-658*2_1232-659*2_1232-660*2_1232-661*2_1232-543*2_1320-1303*2_1232-662*2_1232-663*2_1232-664*2_1232-542*2_1320-1302*2_1232-665*2_1232-666*2_1232-541*2_1320-1301*2_1232-667*2_1232-540*2_1232-668*2_1320-1300*2_1192-1186*2_1192-1185*2_1192-272*2_1192-1184*2_1192-271*2_1192-273*2_1192-270*2_1192-274*2_1192-269*2_1192-275*2_1192-276*2_1192-1183*2_1192-1182*2_1192-1181*2_1192-1180*2_1192-1179*2_1192-1178*2_1192-1177*2_1192-1176*2_1192-1175*2_1192-1174*2_1192-1173*2_1192-1172*2_225-224*2_225-896*2_313-312*2_977-144*2_977-976*2_1065-1064*2_1143-1144*2_225-223*2_313-311*2_977-975*2_1065-1063*2_1143-1145*2_225-222*2_225-228*2_313-310*2_977-974*2_977-980*2_1065-1062*2_1143-1146*2_225-893*2_977-141*2_225-221*2_225-229*2_313-309*2_977-973*2_977-981*2_1065-1061*2_1143-1147*2_225-892*2_225-900*2_977-140*2_977-148*2_225-220*2_225-230*2_313-308*2_977-972*2_977-982*2_1065-1060*2_1143-1148*2_225-891*2_225-901*2_977-139*2_977-149*2_225-219*2_225-231*2_313-307*2_977-971*2_977-983*2_1065-1059*2_1143-1149*2_225-890*2_225-902*2_977-138*2_977-150*2_225-218*2_225-232*2_313-306*2_977-970*2_977-984*2_1065-1058*2_1143-1150*2_225-889*2_225-903*2_977-137*2_977-151*2_225-217*2_225-233*2_313-305*2_977-969*2_977-985*2_1065-1057*2_1143-1151*2_225-888*2_225-904*2_313-916*2_977-136*2_977-152*2_1065-164*2_313-917*2_1065-165*2_1143-539*2_225-216*2_225-234*2_313-304*2_313-816*2_977-968*2_977-986*2_1065-64*2_1065-1056*2_1143-640*2_225-887*2_225-905*2_313-815*2_313-817*2_977-135*2_977-153*2_1065-63*2_1065-65*2_1143-639*2_1143-641*2_313-814*2_313-818*2_1065-62*2_1065-66*2_1143-638*2_1143-642*2_313-819*2_1065-67*2_225-215*2_225-235*2_313-303*2_977-967*2_977-987*2_225-886*2_977-134*2_225-214*2_225-236*2_313-302*2_977-966*2_977-988*2_225-213*2_313-301*2_977-965*2_225-212*2_313-300*2_977-964*2_225-239*2_313-299*2_977-991*2_1143-531*2_313-298*2_1143-530*2_313-297*2_225-998*2_1143-1043*2_225-999*2_977-247*2_1143-529*2_1143-1042*2_313-296*2_977-248*2_1143-1041*2_1143-528*2_1143-1040*2_977-249*2_1143-1039*2_225-207*2_313-295*2_225-878*2_977-126*2_1143-1038*2_1143-527*2_313-399*2_1143-1037*2_225-206*2_313-294*2_225-877*2_977-125*2_313-799*2_1065-47*2_1143-526*2_313-398*2_1143-1036*2_225-205*2_313-293*2_313-397*2_1143-1035*2_1300-1299*3_1300-1298*3_1300-1297*3_1300-1296*3_1300-383*3_1300-382*3_1300-381*3_1300-1295*3_1300-380*3_1300-1294*3_1300-379*3_1300-1293*3_1300-378*3_1300-1292*3_1300-377*3_1300-376*3_1300-1291*3_1300-1290*3_1300-1289*3_1300-1288*3_1300-1287*3_1300-1286*3_1300-1285*3_1300-1284*3_1300-1283*3_1300-1282*3_1300-1281*3_1300-1280*3_1172-1171*3_1172-1170*3_1172-1169*3_1172-176*3_1172-1168*3_1172-175*3_1172-177*3_1172-174*3_1172-178*3_1172-173*3_1172-179*3_1172-1167*3_1172-172*3_1172-180*3_1172-1166*3_1172-171*3_1172-181*3_1172-1165*3_1172-170*3_1172-182*3_1172-1164*3_1172-169*3_1172-183*3_1172-184*3_1172-1163*3_1172-1162*3_1172-1161*3_1172-1160*3_1172-1159*3_1172-1158*3_1172-1157*3_1172-1156*3_1172-1155*3_1172-159*3_1172-1154*3_1172-158*3_1172-1153*3_1172-157*3_1172-80*3_1172-1152*3_462-473*3_462-474*3_462-475*3_462-476*3_254-265*3_254-242*3_254-266*3_254-241*3_254-267*3_254-240*3_254-268*3_254-992*3_254-993*3_254-994*3_1125-441*3_1125-1020*3_293-292*3_397-396*3_1035-1034*3_397-395*3_1035-1033*3_541-538*3_397-394*3_397-400*3_397-832*3_1035-1032*3_397-831*3_397-833*3_397-830*3_397-834*3_541-537*3_397-393*3_397-401*3_1035-1031*3_397-829*3_397-835*3_541-536*3_293-288*3_293-720*3_397-392*3_397-402*3_397-828*3_397-836*3_1035-1030*3_293-719*3_293-718*3_293-717*3_397-827*3_397-837*3_541-535*3_397-391*3_397-403*3_1035-1029*3_293-716*3_293-724*3_397-826*3_397-838*3_541-534*3_397-390*3_397-404*3_1035-1028*3_293-715*3_293-725*3_397-825*3_397-839*3_293-714*3_293-726*3_397-389*3_397-405*3_397-824*3_397-840*3_293-713*3_293-727*3_397-388*3_397-406*3_1035-1044*3_397-387*3_397-407*3_1035-1045*3_397-386*3_397-408*3_1035-1046*3_397-385*3_397-409*3_1035-1047*3_397-384*3_397-410*3_397-736*3_1035-1048*3_397-737*3_397-738*3_397-739*3_293-707*3_397-411*3_1035-1049*3_293-706*3_397-412*3_1035-1050*3_293-705*3_397-413*3_1035-1019*3_1035-1051*3_293-195*3_293-194*3_293-193*3_293-192*3_293-704*3_397-414*3_1035-1018*3_1035-1052*3_1035-419*3_541-643*3_397-499*3_541-644*3_397-500*3_293-703*3_1035-418*3_541-645*3_397-501*3_397-415*3_1035-1017*3_1035-1053*3_541-646*3_397-502*3_293-702*3_541-647*3_397-503*3_1035-1054*3_397-926*3_397-925*3_541-648*3_397-504*3_397-924*3_397-932*3_293-701*3_397-923*3_397-933*3_397-922*3_397-934*3_541-649*3_397-505*3_1035-927*3_1035-951*3_1035-1055*3_1227-1335*3_1280-287*4_1280-1279*4_1280-286*4_1280-1278*4_1280-285*4_1280-1277*4_1280-284*4_1280-1276*4_1280-283*4_1280-1275*4_1280-282*4_1280-1274*4_1280-281*4_1280-1273*4_1280-280*4_1280-1272*4_1280-279*4_1280-1271*4_1280-278*4_1280-1270*4_1280-277*4_1280-1269*4_1280-1268*4_1280-1267*4_1280-1266*4_1280-1265*4_1280-1264*4_1280-1263*4_1280-1262*4_1280-1261*4_1280-1260*4_1005-997*3_1005-996*3_570-571*4_442-440*4_570-572*4_442-439*4_570-573*4_570-574*4_570-575*4_570-1328*4_570-1329*4_570-1330*4_570-1331*4_570-1332*4_570-1333*4_570-1334*4_442-428*4_442-427*4_442-426*4_442-425*4_442-424*4_354-373*4_442-423*4_354-374*4_442-422*4_146-143*4_146-142*4_146-154*4_146-155*4_146-156*4_234-895*4_146-133*4_146-963*4_146-132*4_146-962*4_146-961*4_146-50*4_146-49*4_146-51*4_146-48*4_146-960*4_146-46*4_146-127*4_234-879*4_146-166*4_1145-637*4_1145-636*4_1145-635*4_526-525*3_526-524*3_526-523*3_526-522*3_665-669*3_526-521*3_665-670*3_526-520*3_526-532*3_665-671*3_526-519*3_526-533*3_665-1343*3_665-1342*3_665-1341*3_526-518*3_665-1340*3_665-1339*3_526-517*3_526-516*3_665-655*3_526-515*3_665-654*3_526-514*3_665-653*3_526-513*3_665-652*3_526-512*3_526-944*3_526-945*3_665-651*3_526-946*3_526-947*3_526-511*3_665-650*3_526-510*3_526-626*3_526-627*3_526-509*3_526-628*3_526-629*3_526-630*3_526-508*3_526-631*3_526-632*3_526-507*3_526-931*3_526-930*3_526-506*3_47-45*3_47-44*3_47-43*3_47-42*3_47-52*3_47-41*3_47-53*3_47-40*3_47-54*3_47-39*3_47-55*3_47-38*3_47-56*3_47-37*3_47-57*3_47-36*3_47-58*3_47-35*3_47-59*3_47-34*3_47-60*3_47-33*3_47-61*3_47-32*3_47-864*3_47-865*3_47-866*3_47-867*3_47-31*3_47-30*3_47-29*3_47-28*3_47-27*3_927-416*4_927-928*4_951-950*4_951-952*4_1055-624*4_927-417*4_1055-623*4_1055-625*4_927-929*4_951-949*4_951-953*4_1055-622*4_951-948*4_951-954*4_1055-621*4_951-955*4_927-420*4_1055-620*4_951-956*4_927-421*4_1055-619*4_927-921*4_951-957*4_1055-618*4_927-920*4_951-958*4_1055-617*4_927-919*4_951-959*4_1055-616*4_927-918*4_951-608*4_951-607*4_951-609*4_1055-615*4_1055-633*4_951-606*4_951-610*4_505-495*4_1055-614*4_1055-634*4_505-494*4_505-493*4_505-492*4_505-491*4_505-490*4_505-489*4_927-911*4_505-488*4_927-910*4_505-487*4_927-909*4_927-841*4_505-486*4_927-908*4_505-590*4_927-842*4_505-485*4_505-589*4_927-843*4_927-907*4_1260-1259*5_1260-1258*5_1260-1257*5_1260-1256*5_1260-191*5_1260-190*5_1260-189*5_1260-1255*5_1260-188*5_1260-1254*5_1260-187*5_1260-1253*5_1260-186*5_1260-1252*5_1260-185*5_1260-1251*5_1260-1250*5_1260-1249*5_1260-1248*5_1260-83*5_1260-82*5_1260-81*5_799-208*3_799-798*3_799-800*3_799-209*3_799-797*3_799-801*3_799-210*3_799-796*3_799-802*3_799-211*3_799-795*3_799-803*3_799-204*3_799-794*3_799-804*3_799-203*3_799-793*3_799-805*3_799-202*3_799-792*3_799-806*3_799-201*3_799-791*3_799-807*3_799-200*3_799-790*3_799-808*3_799-199*3_799-789*3_799-809*3_799-198*3_799-788*3_799-810*3_799-787*3_799-811*3_799-786*3_799-812*3_799-785*3_799-813*3_799-112*3_799-784*3_799-113*3_799-114*3_799-115*3_799-783*3_799-708*3_799-782*3_799-709*3_799-710*3_799-711*3_799-781*3_799-712*3_799-780*3_799-906*3_799-99*3_799-691*3_799-779*3_1153-79*4_1153-78*4_1153-77*4_1153-76*4_1153-84*4_1153-75*4_1153-85*4_1153-74*4_1153-86*4_1153-73*4_1153-87*4_1153-72*4_1153-88*4_1153-71*4_1153-89*4_1153-70*4_1153-90*4_1153-91*4_1153-92*4_1153-93*4_1153-94*4_1153-95*4_701-700*4_934-935*4_701-699*4_934-936*4_701-698*4_934-937*4_701-697*4_934-938*4_701-196*4_701-696*4_934-939*4_701-197*4_701-695*4_934-940*4_701-694*4_934-941*4_701-693*4_934-942*4_701-692*4_934-943*4_701-690*4_701-689*4_701-96*4_701-688*4_701-97*4_701-98*4_701-687*4_701-686*4_701-685*4_701-684*4_701-683*4_701-682*4_701-289*4_701-290*4_701-291*4_701-681*4_701-721*4_897-894*4_897-885*4_897-884*4_897-883*4_897-882*4_897-881*4_897-128*4_897-880*4_897-129*4_897-130*4_897-131*4_374-375*5_125-124*3_125-123*3_125-122*3_125-121*3_125-120*3_125-876*3_125-875*3_125-119*3_125-874*3_125-118*3_125-873*3_125-117*3_125-872*3_125-116*3_125-111*3_125-110*3_125-109*3_125-108*3_125-107*3_125-771*3_125-19*3_125-106*3_125-770*3_125-18*3_125-769*3_125-17*3_125-105*3_166-167*5_166-168*5_312-820*4_27-26*4_27-25*4_27-24*4_27-23*4_27-22*4_27-21*4_27-868*4_27-20*4_27-869*4_27-870*4_27-871*4_27-16*4_27-768*4_27-15*4_27-14*4_27-13*4_27-12*4_27-11*4_27-10*4_27-9*4_27-8*4_27-7*4_485-484*5_589-588*5_843-844*5_589-587*5_589-591*5_843-845*5_589-586*5_589-592*5_843-846*5_589-585*5_589-593*5_843-847*5_485-480*5_485-752*5_589-584*5_589-594*5_485-751*5_485-750*5_485-749*5_589-583*5_589-595*5_843-849*5_485-748*5_485-756*5_589-582*5_589-596*5_843-850*5_485-747*5_485-757*5_485-746*5_485-758*5_589-581*5_589-597*5_843-851*5_485-745*5_589-580*5_589-598*5_843-852*5_589-579*5_589-599*5_843-853*5_589-578*5_589-600*5_843-854*5_589-577*5_589-601*5_589-576*5_589-602*5_589-603*5_589-604*5_589-605*5_485-735*5_485-734*5_485-733*5_819-821*5_819-822*5_819-723*5_819-722*5_1152-69*6_1152-68*6_669-1338*5_669-1337*5_669-1336*5_779-778*4_779-777*4_779-776*4_779-775*4_779-774*4_779-773*4_779-772*4_779-3*4_779-2*4_779-675*4_779-674*4_779-1*4_779-673*4_779-0*4_779-672*4_681-680*5_681-679*5_681-678*5_681-677*5_681-676*5_681-100*5_681-101*5_398-498*5_7-6*5_7-5*5_7-4*5_111-104*5_111-103*5_111-102*5_609-611*6_609-612*6_495-496*5_495-848*5_495-497*5_495-855*5_495-856*5_495-857*5_495-858*5_495-483*5_495-482*5_495-481*5_495-753*5_495-754*5_495-755*5_733-732*6_733-731*6_733-730*6_733-729*6_733-728*6_733-740*6_733-741*6_733-742*6_733-743*6_733-744*6_954-613*6_753-759*7_753-760*7_753-761*7_753-762*7_753-763*7_753-764*7_753-765*7_753-766*7_753-767*7_841-823*7_846-859*7_846-860*7_846-861*7_846-862*7_846-863*7_
