"id","Scenario","Actual Range","Protocol","Buildings","Total nodes","Nodes on circ","Total coverage","Coverage on circ","Alert received mean time","Hops","Slots","Messages sent","Messages received", "Starting x", "Starting y","Starting node", "Vehicle distance", "Received node ids", "Node ids", "Transmission map", "Received on circ nodes", "Transmission vector"
0,1,100,500,1,1344,47,1235,47,380838,19.5745,311.532,640,1235,1675,1300,1023,25,432_1022_1024_431_433_1021_1025_430_434_1020_1026_429_435_1019_1027_436_1023_437_438_439_440_1018_1017_1016_428_427_426_425_424_423_441_442_443_1015_1014_1013_1012_1011_444_445_1010_1009_336_1008_1028_1029_1030_1031_1032_335_337_1007_334_338_1006_333_339_1005_332_340_1004_1033_1034_1035_446_447_448_1120_331_330_329_328_341_342_343_422_421_420_419_418_417_1119_1121_1118_1122_449_344_345_1123_1124_450_1125_451_1126_1127_1128_1003_1036_1037_1038_416_928_927_929_926_930_415_327_326_452_453_1117_454_414_925_931_413_346_347_348_325_324_323_1129_1130_349_1131_1132_1133_350_351_352_1104_1103_1105_1102_1106_353_1107_354_1108_355_1101_1109_322_321_320_912_1002_412_411_455_456_1039_528_1040_527_529_526_530_1041_525_531_1042_1100_1099_410_409_1043_457_458_459_1134_1135_544_1136_1001_1000_999_998_1098_1097_1096_1095_1044_1045_319_911_913_318_910_914_317_909_915_316_908_916_315_314_313_312_997_996_995_356_357_543_545_1137_542_546_1138_541_547_1139_358_359_360_1046_1047_1048_1049_994_1094_1093_1092_1050_460_461_1140_1141_1142_1143_1144_1145_1146_361_362_363_364_462_408_407_365_366_367_1147_1148_1149_1150_1091_1090_368_1200_1199_1201_369_1198_1202_370_1197_1203_371_406_405_404_403_1089_1204_1205_372_373_1051_1052_993_240_992_239_241_238_242_991_237_243_990_311_310_309_907_402_401_400_832_374_375_244_245_246_247_256_1088_255_257_1087_254_258_1086_253_259_1085_376_377_399_831_833_398_830_834_397_829_835_396_828_836_1151_640_639_641_638_642_637_643_1053_636_644_989_988_987_986_906_905_308_252_260_1084_645_646_904_903_902_901_463_464_1216_1215_1217_1214_1218_465_1213_1219_466_1054_1055_624_623_625_622_626_307_306_305_304_816_900_899_898_897_467_303_815_817_302_814_818_301_813_819_300_812_820_395_394_393_248_249_621_620_619_618_378_379_548_549_550_551_811_810_809_1220_1221_552_553_554_985_299_298_808_647_648_649_650_984_837_838_839_840_1083_1222_1223_1224_1225_617_616_1196_1195_1194_1193_261_262_263_264_250_651_652_392_391_1082_1081_807_806_805_224_896_223_225_895_222_226_894_221_227_893_1080_841_653_654_265_266_267_268_842_843_844_615_614_613_612_380_381_382_390_389_388_387_297_296_295_294_1079_1078_1077_1076_555_556_557_558_251_611_610_845_846_847_496_848_804_383_1296_827_826_825_609_608_959_958_607_957_606_220_219_218_217_655_803_802_801_208_800_892_891_890_889_605_983_982_981_980_207_209_799_206_210_798_205_211_797_204_212_796_203_202_201_200_199_468_469_470_471_888_887_886_885_821_472_473_474_824_823_475_476_477_386_385_269_270_979_978_293_292_1192_1191_1190_1189_495_497_849_494_498_850_493_499_851_492_500_852_1075_1074_1073_160_1072_559_560_1232_1231_1233_1230_1234_561_1229_1235_562_853_854_855_856_291_290_289_884_883_882_1295_1297_1294_1298_604_603_602_1188_1187_1186_1185_159_161_1071_158_162_1070_157_163_1069_156_164_1068_272_1184_271_273_1183_274_1182_275_1181_977_144_976_143_145_142_146_975_141_147_974_563_564_1228_1236_1180_1179_1178_216_215_1226_1227_656_1293_1292_1291_1290_1237_1238_1239_198_197_196_195_1289_1288_1287_1177_1176_1175_1247_657_1246_658_1245_659_148_149_150_151_601_600_599_598_491_490_489_165_166_167_168_881_128_880_127_129_126_130_879_125_131_878_288_720_822_169_170_171_660_1244_384_736_140_139_973_138_972_971_970_969_597_661_662_663_795_794_793_792_137_136_135_134_124_123_877_122_735_737_734_738_733_739_133_132_1286_1285_1284_1283_478_719_721_718_722_717_723_1240_1241_716_724_968_967_966_732_731_121_120_119_118_857_858_214_213_715_714_713_565_566_1174_1173_859_860_861_712_711_1067_1282_1281_1280_1066_1065_117_116_115_596_595_594_593_152_710_709_708_707_740_706_741_742_743_114_279_1064_1242_1243_488_487_486_155_154_705_192_704_1172_1171_1170_567_568_479_485_484_483_194_193_703_702_701_113_112_784_783_785_782_786_111_287_286_1279_172_173_482_700_569_781_110_780_109_779_787_1169_176_1168_175_177_174_178_1167_179_1166_664_665_666_699_698_697_696_1312_862_863_592_591_590_589_588_587_876_875_874_153_180_181_1165_182_1164_1163_1162_965_964_963_962_481_480_752_751_753_750_754_749_755_791_790_183_184_570_571_276_695_694_693_692_1311_1313_1310_1314_744_1161_1315_1316_1317_1318_748_747_572_573_574_730_729_728_727_789_788_873_872_871_185_186_187_961_48_960_47_49_46_50_45_51_1160_1159_1158_1319_1320_745_108_107_106_746_756_757_758_575_1328_188_189_190_191_1264_1321_1322_1323_1263_1265_1262_1266_1261_1267_1063_1062_1061_1060_277_278_280_105_104_103_1059_1058_759_760_761_762_763_764_765_1057_64_1056_63_65_62_66_61_67_1327_1329_1326_1330_44_43_667_668_1260_1259_691_669_726_586_585_281_282_283_778_777_776_870_869_868_867_68_69_70_71_584_583_1324_1325_285_1278_284_1277_582_581_1157_1156_1155_1154_690_775_774_60_59_58_57_773_772_771_689_96_688_97_98_687_670_671_1343_1342_1341_766_767_576_1258_1257_1256_1255_866_865_32_864_42_41_40_686_99_685_100_684_683_682_681_680_1153_1254_1253_1252_1251_1331_1332_1333_1334_102_101_1276_725_80_1152_79_81_78_82_39_38_37_31_33_30_34_29_35_770_769_77_83_580_579_1250_1249_1248_95_94_1335_1336_1337_1275_1274_84_85_36_1273_1272_1271_1270_72_73_74_52_53_54_1269_16_768_15_17_14_18_13_19_679_678_677_676_12_11_10_9_8_28_27_26_1338_1339_1340_25_24_23_22_21_1268_93_92_91_90_577_578_675_674_55_56_75_20_673_0_672_1_2_76_86_87_88_89_3_4_7_6_5_,0_1_2_3_4_5_6_7_8_9_10_11_12_13_14_15_16_17_18_19_20_21_22_23_24_25_26_27_28_29_30_31_32_33_34_35_36_37_38_39_40_41_42_43_44_45_46_47_48_49_50_51_52_53_54_55_56_57_58_59_60_61_62_63_64_65_66_67_68_69_70_71_72_73_74_75_76_77_78_79_80_81_82_83_84_85_86_87_88_89_90_91_92_93_94_95_96_97_98_99_100_101_102_103_104_105_106_107_108_109_110_111_112_113_114_115_116_117_118_119_120_121_122_123_124_125_126_127_128_129_130_131_132_133_134_135_136_137_138_139_140_141_142_143_144_145_146_147_148_149_150_151_152_153_154_155_156_157_158_159_160_161_162_163_164_165_166_167_168_169_170_171_172_173_174_175_176_177_178_179_180_181_182_183_184_185_186_187_188_189_190_191_192_193_194_195_196_197_198_199_200_201_202_203_204_205_206_207_208_209_210_211_212_213_214_215_216_217_218_219_220_221_222_223_224_225_226_227_228_229_230_231_232_233_234_235_236_237_238_239_240_241_242_243_244_245_246_247_248_249_250_251_252_253_254_255_256_257_258_259_260_261_262_263_264_265_266_267_268_269_270_271_272_273_274_275_276_277_278_279_280_281_282_283_284_285_286_287_288_289_290_291_292_293_294_295_296_297_298_299_300_301_302_303_304_305_306_307_308_309_310_311_312_313_314_315_316_317_318_319_320_321_322_323_324_325_326_327_328_329_330_331_332_333_334_335_336_337_338_339_340_341_342_343_344_345_346_347_348_349_350_351_352_353_354_355_356_357_358_359_360_361_362_363_364_365_366_367_368_369_370_371_372_373_374_375_376_377_378_379_380_381_382_383_384_385_386_387_388_389_390_391_392_393_394_395_396_397_398_399_400_401_402_403_404_405_406_407_408_409_410_411_412_413_414_415_416_417_418_419_420_421_422_423_424_425_426_427_428_429_430_431_432_433_434_435_436_437_438_439_440_441_442_443_444_445_446_447_448_449_450_451_452_453_454_455_456_457_458_459_460_461_462_463_464_465_466_467_468_469_470_471_472_473_474_475_476_477_478_479_480_481_482_483_484_485_486_487_488_489_490_491_492_493_494_495_496_497_498_499_500_501_502_503_504_505_506_507_508_509_510_511_512_513_514_515_516_517_518_519_520_521_522_523_524_525_526_527_528_529_530_531_532_533_534_535_536_537_538_539_540_541_542_543_544_545_546_547_548_549_550_551_552_553_554_555_556_557_558_559_560_561_562_563_564_565_566_567_568_569_570_571_572_573_574_575_576_577_578_579_580_581_582_583_584_585_586_587_588_589_590_591_592_593_594_595_596_597_598_599_600_601_602_603_604_605_606_607_608_609_610_611_612_613_614_615_616_617_618_619_620_621_622_623_624_625_626_627_628_629_630_631_632_633_634_635_636_637_638_639_640_641_642_643_644_645_646_647_648_649_650_651_652_653_654_655_656_657_658_659_660_661_662_663_664_665_666_667_668_669_670_671_672_673_674_675_676_677_678_679_680_681_682_683_684_685_686_687_688_689_690_691_692_693_694_695_696_697_698_699_700_701_702_703_704_705_706_707_708_709_710_711_712_713_714_715_716_717_718_719_720_721_722_723_724_725_726_727_728_729_730_731_732_733_734_735_736_737_738_739_740_741_742_743_744_745_746_747_748_749_750_751_752_753_754_755_756_757_758_759_760_761_762_763_764_765_766_767_768_769_770_771_772_773_774_775_776_777_778_779_780_781_782_783_784_785_786_787_788_789_790_791_792_793_794_795_796_797_798_799_800_801_802_803_804_805_806_807_808_809_810_811_812_813_814_815_816_817_818_819_820_821_822_823_824_825_826_827_828_829_830_831_832_833_834_835_836_837_838_839_840_841_842_843_844_845_846_847_848_849_850_851_852_853_854_855_856_857_858_859_860_861_862_863_864_865_866_867_868_869_870_871_872_873_874_875_876_877_878_879_880_881_882_883_884_885_886_887_888_889_890_891_892_893_894_895_896_897_898_899_900_901_902_903_904_905_906_907_908_909_910_911_912_913_914_915_916_917_918_919_920_921_922_923_924_925_926_927_928_929_930_931_932_933_934_935_936_937_938_939_940_941_942_943_944_945_946_947_948_949_950_951_952_953_954_955_956_957_958_959_960_961_962_963_964_965_966_967_968_969_970_971_972_973_974_975_976_977_978_979_980_981_982_983_984_985_986_987_988_989_990_991_992_993_994_995_996_997_998_999_1000_1001_1002_1003_1004_1005_1006_1007_1008_1009_1010_1011_1012_1013_1014_1015_1016_1017_1018_1019_1020_1021_1022_1023_1024_1025_1026_1027_1028_1029_1030_1031_1032_1033_1034_1035_1036_1037_1038_1039_1040_1041_1042_1043_1044_1045_1046_1047_1048_1049_1050_1051_1052_1053_1054_1055_1056_1057_1058_1059_1060_1061_1062_1063_1064_1065_1066_1067_1068_1069_1070_1071_1072_1073_1074_1075_1076_1077_1078_1079_1080_1081_1082_1083_1084_1085_1086_1087_1088_1089_1090_1091_1092_1093_1094_1095_1096_1097_1098_1099_1100_1101_1102_1103_1104_1105_1106_1107_1108_1109_1110_1111_1112_1113_1114_1115_1116_1117_1118_1119_1120_1121_1122_1123_1124_1125_1126_1127_1128_1129_1130_1131_1132_1133_1134_1135_1136_1137_1138_1139_1140_1141_1142_1143_1144_1145_1146_1147_1148_1149_1150_1151_1152_1153_1154_1155_1156_1157_1158_1159_1160_1161_1162_1163_1164_1165_1166_1167_1168_1169_1170_1171_1172_1173_1174_1175_1176_1177_1178_1179_1180_1181_1182_1183_1184_1185_1186_1187_1188_1189_1190_1191_1192_1193_1194_1195_1196_1197_1198_1199_1200_1201_1202_1203_1204_1205_1206_1207_1208_1209_1210_1211_1212_1213_1214_1215_1216_1217_1218_1219_1220_1221_1222_1223_1224_1225_1226_1227_1228_1229_1230_1231_1232_1233_1234_1235_1236_1237_1238_1239_1240_1241_1242_1243_1244_1245_1246_1247_1248_1249_1250_1251_1252_1253_1254_1255_1256_1257_1258_1259_1260_1261_1262_1263_1264_1265_1266_1267_1268_1269_1270_1271_1272_1273_1274_1275_1276_1277_1278_1279_1280_1281_1282_1283_1284_1285_1286_1287_1288_1289_1290_1291_1292_1293_1294_1295_1296_1297_1298_1299_1300_1301_1302_1303_1304_1305_1306_1307_1308_1309_1310_1311_1312_1313_1314_1315_1316_1317_1318_1319_1320_1321_1322_1323_1324_1325_1326_1327_1328_1329_1330_1331_1332_1333_1334_1335_1336_1337_1338_1339_1340_1341_1342_1343_,8:{6;5;}11:{7;}12:{8;}13:{12;11;10;9;}18:{20;}25:{22;21;}27:{25;24;23;}30:{28;27;26;}37:{36;}41:{39;38;37;}44:{42;41;40;}47:{44;43;}50:{52;53;54;}54:{55;56;}61:{60;59;58;57;}67:{68;69;70;71;}70:{72;73;74;}71:{75;}73:{76;}81:{84;85;}82:{86;}86:{87;88;89;}94:{93;92;91;90;}96:{686;99;685;100;684;}104:{102;101;}107:{105;104;103;}110:{108;107;106;}115:{113;112;784;783;785;782;786;111;}118:{114;}119:{117;116;115;}122:{121;120;119;118;}126:{124;123;877;122;}134:{133;132;}138:{137;136;135;134;}142:{140;139;973;138;}147:{148;149;150;151;}148:{152;}150:{153;}158:{155;154;}164:{165;166;167;168;}167:{169;170;171;}169:{172;173;}178:{180;181;1165;182;}180:{183;184;}183:{185;186;187;}187:{188;189;190;191;}188:{1264;}190:{1263;1265;1262;1266;1261;1267;}194:{703;702;701;}196:{194;193;}199:{198;197;196;195;}203:{202;201;200;199;}207:{203;}217:{214;213;}219:{216;215;}221:{220;219;218;217;}243:{244;245;246;247;}245:{248;249;}246:{250;}249:{251;}256:{252;260;1084;}260:{261;262;263;264;}264:{265;266;267;268;}266:{269;270;}275:{279;}276:{277;278;280;}279:{281;282;283;}287:{285;1278;284;1277;}288:{716;724;}289:{719;721;718;722;717;723;}292:{288;720;}293:{291;290;289;}296:{293;292;}298:{297;296;295;294;}302:{299;298;}308:{307;306;305;304;816;}312:{308;}313:{311;310;309;}316:{315;314;313;312;}320:{319;911;913;318;910;914;317;909;915;316;908;916;}324:{322;321;320;912;}327:{325;324;323;}330:{327;326;}332:{331;330;329;328;}339:{341;342;343;}341:{344;345;}342:{346;}344:{347;348;}345:{349;}349:{350;351;352;1104;1103;1105;1102;1106;353;}353:{356;357;}356:{358;359;360;}360:{361;362;363;364;}362:{365;366;}363:{367;}367:{368;1200;1199;1201;369;1198;1202;370;1197;1203;371;}369:{372;373;}371:{374;375;}373:{376;377;}375:{378;379;}378:{380;381;382;}380:{383;1296;}381:{1295;1297;1294;1298;}385:{735;737;734;738;733;739;}388:{384;736;}389:{386;385;}391:{390;389;388;387;}395:{392;391;}397:{395;394;393;}404:{402;401;400;832;}407:{406;405;404;403;}411:{408;407;}413:{410;409;}415:{412;411;}417:{414;925;931;413;}419:{416;928;927;929;926;930;415;}421:{420;419;418;417;}425:{422;421;}427:{424;423;}429:{428;427;426;425;}434:{436;1023;437;438;}435:{439;}436:{440;}439:{441;442;443;}441:{444;445;}444:{446;447;448;1120;}445:{1119;1121;1118;1122;449;}450:{452;453;1117;454;}452:{455;456;}455:{457;458;459;}457:{460;461;}458:{462;}462:{463;464;1216;1215;1217;1214;1218;465;1213;1219;466;}463:{467;}467:{468;469;470;471;}470:{472;473;474;}473:{475;476;477;}474:{478;}475:{479;}476:{1312;}477:{1311;1313;1310;1314;}482:{481;480;752;751;753;750;754;749;755;}486:{482;}487:{485;484;483;}490:{488;487;486;}493:{491;490;489;}496:{495;497;849;494;498;850;493;499;851;492;500;852;}547:{548;549;550;551;}550:{552;553;554;}554:{555;556;557;558;}558:{559;560;1232;1231;1233;1230;1234;561;1229;1235;562;}562:{565;566;}564:{567;568;}565:{569;}567:{570;571;}570:{572;573;574;}572:{575;1328;}573:{1327;1329;1326;1330;}583:{580;579;}585:{582;581;}587:{584;583;}589:{586;585;}591:{589;588;587;}597:{596;595;594;593;}601:{597;}602:{598;}603:{601;600;599;}606:{604;603;602;}609:{605;}610:{609;608;959;958;607;957;606;}614:{611;610;}616:{615;614;613;612;}620:{617;616;}622:{621;620;619;618;}640:{636;644;}642:{645;646;}646:{647;648;649;650;}648:{651;652;}650:{653;654;}651:{655;}652:{656;}655:{1247;657;1246;658;1245;659;}656:{660;1244;}659:{661;662;663;}662:{664;665;666;}664:{667;668;}665:{669;}669:{670;671;1343;1342;}671:{1341;}672:{3;4;}675:{673;0;672;1;2;}678:{675;674;}680:{679;678;677;676;}684:{683;682;681;680;}691:{689;96;688;97;98;687;}694:{690;}695:{691;}696:{695;694;693;692;}700:{699;698;697;696;}704:{700;}708:{705;192;704;}710:{706;}711:{710;709;708;707;}715:{712;711;}717:{715;714;713;}727:{725;}730:{726;}731:{730;729;728;727;}735:{732;731;}736:{740;}739:{741;742;743;}740:{744;}741:{745;}744:{746;}751:{748;747;}754:{756;757;758;}758:{759;760;761;762;}759:{763;}761:{764;765;}764:{766;767;576;}766:{577;578;}770:{16;768;15;17;14;18;13;19;}773:{770;769;}775:{773;772;771;}778:{775;774;}780:{778;777;776;}783:{781;110;780;109;779;787;}791:{789;788;}794:{791;790;}796:{795;794;793;792;}800:{207;209;799;206;210;798;205;211;797;204;212;796;}804:{803;802;801;208;800;}808:{804;}809:{807;806;805;}812:{808;}813:{811;810;809;}816:{303;815;817;302;814;818;301;813;819;300;812;820;}824:{822;}825:{821;}827:{824;823;}829:{827;826;825;}832:{399;831;833;398;830;834;397;829;835;396;828;836;}836:{837;838;839;840;}837:{841;}840:{842;843;844;}844:{845;846;847;496;848;}852:{853;854;855;856;}854:{857;858;}857:{859;860;861;}861:{862;863;592;591;590;}865:{31;33;30;34;29;35;}868:{866;865;32;864;}871:{870;869;868;867;}875:{873;872;871;}878:{876;875;874;}882:{881;128;880;127;129;126;130;879;125;131;878;}886:{884;883;882;}889:{886;885;}891:{888;887;}893:{892;891;890;889;}897:{224;896;223;225;895;222;226;894;221;227;893;}901:{900;899;898;897;}905:{904;903;902;901;}909:{906;905;}911:{907;}962:{961;48;960;47;49;46;50;45;51;}966:{965;964;963;962;}970:{968;967;966;}973:{972;971;970;969;}978:{977;144;976;143;145;142;146;975;141;147;974;}982:{979;978;}984:{983;982;981;980;}988:{984;}989:{985;}990:{989;988;987;986;}994:{993;240;992;239;241;238;242;991;237;243;990;}998:{994;}999:{997;996;995;}1002:{1001;1000;999;998;}1006:{1002;}1007:{1003;}1008:{335;337;1007;334;338;1006;333;339;1005;332;340;1004;}1012:{1010;1009;336;1008;}1015:{1013;1012;1011;}1018:{1015;1014;}1020:{1018;1017;1016;}1023:{432;1022;1024;431;433;1021;1025;430;434;1020;1026;429;435;1019;1027;}1027:{1028;1029;1030;1031;}1028:{1032;}1031:{1033;1034;1035;}1034:{1036;1037;1038;}1038:{1039;528;1040;527;529;526;530;1041;525;531;1042;}1039:{1043;}1041:{1044;1045;}1045:{1046;1047;1048;1049;}1046:{1050;}1048:{1051;1052;}1049:{1053;}1053:{1054;1055;624;623;625;622;626;}1057:{64;1056;63;65;62;66;61;67;}1061:{1057;}1062:{1059;1058;}1064:{1063;1062;1061;1060;}1068:{1064;}1069:{1066;1065;}1071:{1067;}1072:{159;161;1071;158;162;1070;157;163;1069;156;164;1068;}1076:{1075;1074;1073;160;1072;}1080:{1079;1078;1077;1076;}1084:{1080;}1085:{1082;1081;}1087:{1083;}1089:{256;1088;255;257;1087;254;258;1086;253;259;1085;}1093:{1089;}1094:{1091;1090;}1096:{1094;1093;1092;}1099:{1098;1097;1096;1095;}1103:{1100;1099;}1105:{1107;354;1108;355;1101;1109;}1122:{1123;1124;450;1125;451;1126;}1124:{1127;1128;}1126:{1129;1130;}1129:{1131;1132;1133;}1132:{1134;1135;544;1136;}1135:{543;545;1137;542;546;1138;541;547;1139;}1139:{1140;1141;1142;1143;}1142:{1144;1145;1146;}1146:{1147;1148;1149;1150;}1150:{1151;640;639;641;638;642;637;643;}1154:{77;83;}1155:{80;1152;79;81;78;82;}1157:{1153;}1158:{1157;1156;1155;1154;}1162:{1160;1159;1158;}1165:{1161;}1166:{1164;1163;1162;}1170:{1169;176;1168;175;177;174;178;1167;179;1166;}1174:{1172;1171;1170;}1177:{1174;1173;}1179:{1177;1176;1175;}1182:{1180;1179;1178;}1184:{276;}1185:{272;1184;271;273;1183;274;1182;275;1181;}1189:{1188;1187;1186;1185;}1193:{1192;1191;1190;1189;}1197:{1196;1195;1194;1193;}1201:{1204;1205;}1217:{1220;1221;}1221:{1222;1223;1224;1225;}1223:{1226;1227;}1232:{563;564;1228;1236;}1235:{1237;1238;1239;}1237:{1240;1241;}1241:{1242;1243;}1251:{1250;1249;1248;95;94;}1255:{1254;1253;1252;1251;}1259:{1258;1257;1256;1255;}1263:{1260;1259;}1272:{1268;}1273:{1269;}1274:{1273;1272;1271;1270;}1278:{1275;1274;}1280:{1276;}1283:{287;286;1279;}1284:{1282;1281;1280;}1287:{1286;1285;1284;1283;}1291:{1289;1288;1287;}1294:{1293;1292;1291;1290;}1314:{1315;1316;1317;1318;}1316:{1319;1320;}1319:{1321;1322;1323;}1322:{1324;1325;}1330:{1331;1332;1333;1334;}1333:{1335;1336;1337;}1336:{1338;1339;1340;},214_215_216_264_265_266_298_299_300_372_373_374_392_393_471_472_491_492_564_565_600_601_602_603_645_646_647_648_806_807_808_854_855_856_890_891_982_983_984_1082_1083_1190_1191_1192_1238_1239_1240_,1023-432*0_1023-1022*0_1023-1024*0_1023-431*0_1023-433*0_1023-1021*0_1023-1025*0_1023-430*0_1023-434*0_1023-1020*0_1023-1026*0_1023-429*0_1023-435*0_1023-1019*0_1023-1027*0_434-436*1_434-1023*1_434-437*1_434-438*1_435-439*2_436-440*3_1020-1018*1_1020-1017*1_1020-1016*1_429-428*1_429-427*1_429-426*1_429-425*1_427-424*2_427-423*2_439-441*4_439-442*4_439-443*4_1018-1015*2_1018-1014*2_1015-1013*3_1015-1012*3_1015-1011*3_441-444*5_441-445*5_1012-1010*4_1012-1009*4_1012-336*4_1012-1008*4_1027-1028*2_1027-1029*2_1027-1030*2_1027-1031*2_1028-1032*3_1008-335*5_1008-337*5_1008-1007*5_1008-334*5_1008-338*5_1008-1006*5_1008-333*5_1008-339*5_1008-1005*5_1008-332*5_1008-340*5_1008-1004*5_1031-1033*4_1031-1034*4_1031-1035*4_444-446*6_444-447*6_444-448*6_444-1120*6_332-331*6_332-330*6_332-329*6_332-328*6_339-341*6_339-342*6_339-343*6_425-422*3_425-421*3_421-420*4_421-419*4_421-418*4_421-417*4_445-1119*7_445-1121*7_445-1118*7_445-1122*7_445-449*7_341-344*7_341-345*7_1122-1123*8_1122-1124*8_1122-450*8_1122-1125*8_1122-451*8_1122-1126*8_1124-1127*9_1124-1128*9_1007-1003*7_1034-1036*5_1034-1037*5_1034-1038*5_419-416*5_419-928*5_419-927*5_419-929*5_419-926*5_419-930*5_419-415*5_330-327*7_330-326*7_450-452*9_450-453*9_450-1117*9_450-454*9_417-414*6_417-925*6_417-931*6_417-413*6_342-346*8_344-347*8_344-348*8_327-325*8_327-324*8_327-323*8_1126-1129*10_1126-1130*10_345-349*9_1129-1131*11_1129-1132*11_1129-1133*11_349-350*10_349-351*10_349-352*10_349-1104*10_349-1103*10_349-1105*10_349-1102*10_349-1106*10_349-353*10_1105-1107*11_1105-354*11_1105-1108*11_1105-355*11_1105-1101*11_1105-1109*11_324-322*9_324-321*9_324-320*9_324-912*9_1006-1002*8_415-412*7_415-411*7_452-455*10_452-456*10_1038-1039*6_1038-528*6_1038-1040*6_1038-527*6_1038-529*6_1038-526*6_1038-530*6_1038-1041*6_1038-525*6_1038-531*6_1038-1042*6_1103-1100*12_1103-1099*12_413-410*8_413-409*8_1039-1043*7_455-457*11_455-458*11_455-459*11_1132-1134*12_1132-1135*12_1132-544*12_1132-1136*12_1002-1001*9_1002-1000*9_1002-999*9_1002-998*9_1099-1098*13_1099-1097*13_1099-1096*13_1099-1095*13_1041-1044*8_1041-1045*8_320-319*10_320-911*10_320-913*10_320-318*10_320-910*10_320-914*10_320-317*10_320-909*10_320-915*10_320-316*10_320-908*10_320-916*10_316-315*11_316-314*11_316-313*11_316-312*11_999-997*10_999-996*10_999-995*10_353-356*13_353-357*13_1135-543*13_1135-545*13_1135-1137*13_1135-542*13_1135-546*13_1135-1138*13_1135-541*13_1135-547*13_1135-1139*13_356-358*14_356-359*14_356-360*14_1045-1046*9_1045-1047*9_1045-1048*9_1045-1049*9_998-994*11_1096-1094*14_1096-1093*14_1096-1092*14_1046-1050*10_457-460*12_457-461*12_1139-1140*14_1139-1141*14_1139-1142*14_1139-1143*14_1142-1144*15_1142-1145*15_1142-1146*15_360-361*15_360-362*15_360-363*15_360-364*15_458-462*13_411-408*9_411-407*9_362-365*16_362-366*16_363-367*17_1146-1147*16_1146-1148*16_1146-1149*16_1146-1150*16_1094-1091*16_1094-1090*16_367-368*18_367-1200*18_367-1199*18_367-1201*18_367-369*18_367-1198*18_367-1202*18_367-370*18_367-1197*18_367-1203*18_367-371*18_407-406*10_407-405*10_407-404*10_407-403*10_1093-1089*17_1201-1204*19_1201-1205*19_369-372*20_369-373*20_1048-1051*11_1048-1052*11_994-993*12_994-240*12_994-992*12_994-239*12_994-241*12_994-238*12_994-242*12_994-991*12_994-237*12_994-243*12_994-990*12_313-311*12_313-310*12_313-309*12_911-907*11_404-402*11_404-401*11_404-400*11_404-832*11_371-374*21_371-375*21_243-244*13_243-245*13_243-246*13_243-247*13_1089-256*18_1089-1088*18_1089-255*18_1089-257*18_1089-1087*18_1089-254*18_1089-258*18_1089-1086*18_1089-253*18_1089-259*18_1089-1085*18_373-376*22_373-377*22_832-399*12_832-831*12_832-833*12_832-398*12_832-830*12_832-834*12_832-397*12_832-829*12_832-835*12_832-396*12_832-828*12_832-836*12_1150-1151*17_1150-640*17_1150-639*17_1150-641*17_1150-638*17_1150-642*17_1150-637*17_1150-643*17_1049-1053*12_640-636*18_640-644*18_990-989*14_990-988*14_990-987*14_990-986*14_909-906*12_909-905*12_312-308*13_256-252*19_256-260*19_256-1084*19_642-645*19_642-646*19_905-904*13_905-903*13_905-902*13_905-901*13_462-463*14_462-464*14_462-1216*14_462-1215*14_462-1217*14_462-1214*14_462-1218*14_462-465*14_462-1213*14_462-1219*14_462-466*14_1053-1054*13_1053-1055*13_1053-624*13_1053-623*13_1053-625*13_1053-622*13_1053-626*13_308-307*14_308-306*14_308-305*14_308-304*14_308-816*14_901-900*14_901-899*14_901-898*14_901-897*14_463-467*15_816-303*15_816-815*15_816-817*15_816-302*15_816-814*15_816-818*15_816-301*15_816-813*15_816-819*15_816-300*15_816-812*15_816-820*15_397-395*13_397-394*13_397-393*13_245-248*14_245-249*14_622-621*14_622-620*14_622-619*14_622-618*14_375-378*23_375-379*23_547-548*14_547-549*14_547-550*14_547-551*14_813-811*16_813-810*16_813-809*16_1217-1220*16_1217-1221*16_550-552*15_550-553*15_550-554*15_989-985*15_302-299*17_302-298*17_812-808*17_646-647*20_646-648*20_646-649*20_646-650*20_988-984*16_836-837*13_836-838*13_836-839*13_836-840*13_1087-1083*20_1221-1222*17_1221-1223*17_1221-1224*17_1221-1225*17_620-617*15_620-616*15_1197-1196*21_1197-1195*21_1197-1194*21_1197-1193*21_260-261*20_260-262*20_260-263*20_260-264*20_246-250*15_648-651*21_648-652*21_395-392*14_395-391*14_1085-1082*21_1085-1081*21_809-807*18_809-806*18_809-805*18_897-224*15_897-896*15_897-223*15_897-225*15_897-895*15_897-222*15_897-226*15_897-894*15_897-221*15_897-227*15_897-893*15_1084-1080*22_837-841*14_650-653*22_650-654*22_264-265*21_264-266*21_264-267*21_264-268*21_840-842*15_840-843*15_840-844*15_616-615*16_616-614*16_616-613*16_616-612*16_378-380*24_378-381*24_378-382*24_391-390*15_391-389*15_391-388*15_391-387*15_298-297*18_298-296*18_298-295*18_298-294*18_1080-1079*23_1080-1078*23_1080-1077*23_1080-1076*23_554-555*16_554-556*16_554-557*16_554-558*16_249-251*16_614-611*17_614-610*17_844-845*16_844-846*16_844-847*16_844-496*16_844-848*16_808-804*19_380-383*25_380-1296*25_829-827*13_829-826*13_829-825*13_610-609*18_610-608*18_610-959*18_610-958*18_610-607*18_610-957*18_610-606*18_221-220*16_221-219*16_221-218*16_221-217*16_651-655*23_804-803*20_804-802*20_804-801*20_804-208*20_804-800*20_893-892*16_893-891*16_893-890*16_893-889*16_609-605*19_984-983*17_984-982*17_984-981*17_984-980*17_800-207*21_800-209*21_800-799*21_800-206*21_800-210*21_800-798*21_800-205*21_800-211*21_800-797*21_800-204*21_800-212*21_800-796*21_207-203*22_203-202*23_203-201*23_203-200*23_203-199*23_467-468*17_467-469*17_467-470*17_467-471*17_891-888*17_891-887*17_889-886*18_889-885*18_825-821*14_470-472*18_470-473*18_470-474*18_827-824*14_827-823*14_473-475*19_473-476*19_473-477*19_389-386*16_389-385*16_266-269*22_266-270*22_982-979*18_982-978*18_296-293*19_296-292*19_1193-1192*22_1193-1191*22_1193-1190*22_1193-1189*22_496-495*17_496-497*17_496-849*17_496-494*17_496-498*17_496-850*17_496-493*17_496-499*17_496-851*17_496-492*17_496-500*17_496-852*17_1076-1075*24_1076-1074*24_1076-1073*24_1076-160*24_1076-1072*24_558-559*17_558-560*17_558-1232*17_558-1231*17_558-1233*17_558-1230*17_558-1234*17_558-561*17_558-1229*17_558-1235*17_558-562*17_852-853*18_852-854*18_852-855*18_852-856*18_293-291*20_293-290*20_293-289*20_886-884*19_886-883*19_886-882*19_381-1295*26_381-1297*26_381-1294*26_381-1298*26_606-604*20_606-603*20_606-602*20_1189-1188*23_1189-1187*23_1189-1186*23_1189-1185*23_1072-159*25_1072-161*25_1072-1071*25_1072-158*25_1072-162*25_1072-1070*25_1072-157*25_1072-163*25_1072-1069*25_1072-156*25_1072-164*25_1072-1068*25_1185-272*24_1185-1184*24_1185-271*24_1185-273*24_1185-1183*24_1185-274*24_1185-1182*24_1185-275*24_1185-1181*24_978-977*19_978-144*19_978-976*19_978-143*19_978-145*19_978-142*19_978-146*19_978-975*19_978-141*19_978-147*19_978-974*19_1232-563*18_1232-564*18_1232-1228*18_1232-1236*18_1182-1180*25_1182-1179*25_1182-1178*25_219-216*17_219-215*17_1223-1226*18_1223-1227*18_652-656*24_1294-1293*27_1294-1292*27_1294-1291*27_1294-1290*27_1235-1237*19_1235-1238*19_1235-1239*19_199-198*24_199-197*24_199-196*24_199-195*24_1291-1289*28_1291-1288*28_1291-1287*28_1179-1177*26_1179-1176*26_1179-1175*26_655-1247*25_655-657*25_655-1246*25_655-658*25_655-1245*25_655-659*25_147-148*20_147-149*20_147-150*20_147-151*20_603-601*21_603-600*21_603-599*21_602-598*22_493-491*18_493-490*18_493-489*18_164-165*26_164-166*26_164-167*26_164-168*26_882-881*20_882-128*20_882-880*20_882-127*20_882-129*20_882-126*20_882-130*20_882-879*20_882-125*20_882-131*20_882-878*20_292-288*21_292-720*21_824-822*15_167-169*27_167-170*27_167-171*27_656-660*26_656-1244*26_388-384*17_388-736*17_142-140*20_142-139*20_142-973*20_142-138*20_973-972*21_973-971*21_973-970*21_973-969*21_601-597*23_659-661*27_659-662*27_659-663*27_796-795*22_796-794*22_796-793*22_796-792*22_138-137*21_138-136*21_138-135*21_138-134*21_126-124*21_126-123*21_126-877*21_126-122*21_385-735*18_385-737*18_385-734*18_385-738*18_385-733*18_385-739*18_134-133*22_134-132*22_1287-1286*29_1287-1285*29_1287-1284*29_1287-1283*29_474-478*20_289-719*22_289-721*22_289-718*22_289-722*22_289-717*22_289-723*22_1237-1240*20_1237-1241*20_288-716*23_288-724*23_970-968*22_970-967*22_970-966*22_735-732*19_735-731*19_122-121*22_122-120*22_122-119*22_122-118*22_854-857*19_854-858*19_217-214*18_217-213*18_717-715*24_717-714*24_717-713*24_562-565*20_562-566*20_1177-1174*27_1177-1173*27_857-859*20_857-860*20_857-861*20_715-712*25_715-711*25_1071-1067*26_1284-1282*30_1284-1281*30_1284-1280*30_1069-1066*26_1069-1065*26_119-117*23_119-116*23_119-115*23_597-596*24_597-595*24_597-594*24_597-593*24_148-152*21_711-710*26_711-709*26_711-708*26_711-707*26_736-740*20_710-706*27_739-741*21_739-742*21_739-743*21_118-114*24_275-279*26_1068-1064*27_1241-1242*21_1241-1243*21_490-488*19_490-487*19_490-486*19_158-155*26_158-154*26_708-705*28_708-192*28_708-704*28_1174-1172*28_1174-1171*28_1174-1170*28_564-567*21_564-568*21_475-479*21_487-485*20_487-484*20_487-483*20_196-194*25_196-193*25_194-703*26_194-702*26_194-701*26_115-113*25_115-112*25_115-784*25_115-783*25_115-785*25_115-782*25_115-786*25_115-111*25_1283-287*31_1283-286*31_1283-1279*31_169-172*28_169-173*28_486-482*21_704-700*29_565-569*22_783-781*26_783-110*26_783-780*26_783-109*26_783-779*26_783-787*26_1170-1169*29_1170-176*29_1170-1168*29_1170-175*29_1170-177*29_1170-174*29_1170-178*29_1170-1167*29_1170-179*29_1170-1166*29_662-664*28_662-665*28_662-666*28_700-699*30_700-698*30_700-697*30_700-696*30_476-1312*22_861-862*21_861-863*21_861-592*21_861-591*21_861-590*21_591-589*22_591-588*22_591-587*22_878-876*26_878-875*26_878-874*26_150-153*22_178-180*30_178-181*30_178-1165*30_178-182*30_1166-1164*31_1166-1163*31_1166-1162*31_966-965*23_966-964*23_966-963*23_966-962*23_482-481*22_482-480*22_482-752*22_482-751*22_482-753*22_482-750*22_482-754*22_482-749*22_482-755*22_794-791*25_794-790*25_180-183*31_180-184*31_567-570*23_567-571*23_1184-276*25_696-695*31_696-694*31_696-693*31_696-692*31_477-1311*23_477-1313*23_477-1310*23_477-1314*23_740-744*22_1165-1161*32_1314-1315*24_1314-1316*24_1314-1317*24_1314-1318*24_751-748*23_751-747*23_570-572*24_570-573*24_570-574*24_731-730*20_731-729*20_731-728*20_731-727*20_791-789*26_791-788*26_875-873*27_875-872*27_875-871*27_183-185*32_183-186*32_183-187*32_962-961*24_962-48*24_962-960*24_962-47*24_962-49*24_962-46*24_962-50*24_962-45*24_962-51*24_1162-1160*33_1162-1159*33_1162-1158*33_1316-1319*25_1316-1320*25_741-745*23_110-108*27_110-107*27_110-106*27_744-746*24_754-756*24_754-757*24_754-758*24_572-575*25_572-1328*25_187-188*33_187-189*33_187-190*33_187-191*33_188-1264*34_1319-1321*26_1319-1322*26_1319-1323*26_190-1263*35_190-1265*35_190-1262*35_190-1266*35_190-1261*35_190-1267*35_1064-1063*28_1064-1062*28_1064-1061*28_1064-1060*28_276-277*26_276-278*26_276-280*26_107-105*28_107-104*28_107-103*28_1062-1059*29_1062-1058*29_758-759*25_758-760*25_758-761*25_758-762*25_759-763*26_761-764*27_761-765*27_1061-1057*30_1057-64*31_1057-1056*31_1057-63*31_1057-65*31_1057-62*31_1057-66*31_1057-61*31_1057-67*31_573-1327*26_573-1329*26_573-1326*26_573-1330*26_47-44*25_47-43*25_664-667*29_664-668*29_1263-1260*36_1263-1259*36_695-691*32_665-669*30_730-726*22_589-586*27_589-585*27_279-281*27_279-282*27_279-283*27_780-778*27_780-777*27_780-776*27_871-870*28_871-869*28_871-868*28_871-867*28_67-68*32_67-69*32_67-70*32_67-71*32_587-584*28_587-583*28_1322-1324*27_1322-1325*27_287-285*32_287-1278*32_287-284*32_287-1277*32_585-582*29_585-581*29_1158-1157*34_1158-1156*34_1158-1155*34_1158-1154*34_694-690*33_778-775*29_778-774*29_61-60*32_61-59*32_61-58*32_61-57*32_775-773*30_775-772*30_775-771*30_691-689*34_691-96*34_691-688*34_691-97*34_691-98*34_691-687*34_669-670*31_669-671*31_669-1343*31_669-1342*31_671-1341*32_764-766*28_764-767*28_764-576*28_1259-1258*37_1259-1257*37_1259-1256*37_1259-1255*37_868-866*29_868-865*29_868-32*29_868-864*29_44-42*26_44-41*26_44-40*26_96-686*35_96-99*35_96-685*35_96-100*35_96-684*35_684-683*36_684-682*36_684-681*36_684-680*36_1157-1153*35_1255-1254*38_1255-1253*38_1255-1252*38_1255-1251*38_1330-1331*27_1330-1332*27_1330-1333*27_1330-1334*27_104-102*29_104-101*29_1280-1276*33_727-725*23_1155-80*36_1155-1152*36_1155-79*36_1155-81*36_1155-78*36_1155-82*36_41-39*27_41-38*27_41-37*27_865-31*30_865-33*30_865-30*30_865-34*30_865-29*30_865-35*30_773-770*31_773-769*31_1154-77*37_1154-83*37_583-580*30_583-579*30_1251-1250*39_1251-1249*39_1251-1248*39_1251-95*39_1251-94*39_1333-1335*28_1333-1336*28_1333-1337*28_1278-1275*34_1278-1274*34_81-84*38_81-85*38_37-36*28_1274-1273*35_1274-1272*35_1274-1271*35_1274-1270*35_70-72*33_70-73*33_70-74*33_50-52*26_50-53*26_50-54*26_1273-1269*36_770-16*32_770-768*32_770-15*32_770-17*32_770-14*32_770-18*32_770-13*32_770-19*32_680-679*37_680-678*37_680-677*37_680-676*37_13-12*33_13-11*33_13-10*33_13-9*33_12-8*34_30-28*32_30-27*32_30-26*32_1336-1338*29_1336-1339*29_1336-1340*29_27-25*33_27-24*33_27-23*33_25-22*34_25-21*34_1272-1268*37_94-93*40_94-92*40_94-91*40_94-90*40_766-577*29_766-578*29_678-675*38_678-674*38_54-55*27_54-56*27_71-75*36_18-20*33_675-673*39_675-0*39_675-672*39_675-1*39_675-2*39_73-76*37_82-86*39_86-87*40_86-88*40_86-89*40_672-3*40_672-4*40_11-7*35_8-6*36_8-5*36_
