"id","Scenario","Actual Range","Protocol","Buildings","Total nodes","Nodes on circ","Total coverage","Coverage on circ","Alert received mean time","Hops","Slots","Messages sent","Messages received", "Starting x", "Starting y","Starting node", "Vehicle distance", "Received node ids", "Node ids", "Transmission map", "Received on circ nodes", "Transmission vector"
0,1,100,0,0,1776,80,1521,64,708739,18.5156,572.391,803,1521,1153.84,1884.7,310,25,309_311_308_312_294_314_275_293_276_274_277_310_273_287_250_286_285_851_272_284_852_850_278_283_271_849_279_853_848_281_325_251_249_323_248_252_233_244_232_253_231_295_254_255_230_256_257_263_326_268_262_261_259_229_331_260_264_847_282_270_330_234_237_235_238_327_228_265_332_227_266_328_226_267_223_329_333_240_241_239_242_315_316_317_698_318_699_697_1197_296_245_246_297_307_298_306_322_700_701_1198_1196_1200_1201_222_342_221_289_290_334_220_288_341_292_337_1202_1203_703_320_704_1220_1223_1759_1204_1219_1758_1218_1217_1216_319_321_1191_1195_1190_1460_1189_216_338_217_299_300_301_1175_1205_696_1214_1206_1207_695_1213_1215_1208_694_1212_1211_1209_1757_1224_202_191_435_447_1176_303_1174_1130_1178_304_1163_1129_1131_1179_1128_1132_705_1134_1164_1127_1135_1126_243_513_1225_1240_1239_1238_1226_1237_1236_1227_502_524_724_491_535_480_218_219_175_1180_305_1181_1182_1184_845_1183_1061_1140_1136_1168_1141_1167_1137_1169_1165_1142_1138_1170_1125_1124_646_469_635_458_657_669_624_680_613_180_236_169_225_213_1461_1462_1463_546_1060_1059_1062_1058_1063_558_757_569_746_761_735_768_602_1139_1123_1161_1160_1121_1120_1157_1158_1057_1087_1228_1235_1234_1229_1232_1231_173_174_172_176_171_203_215_177_691_702_713_591_158_580_147_1230_1241_1242_1243_1575_1245_1576_1574_178_214_179_212_1159_1162_1090_1091_1089_1092_770_1156_771_769_1147_1148_1146_1149_1145_1150_1093_710_1064_1081_1065_709_1082_1067_1068_1083_708_707_1573_1572_1578_1571_1579_742_1246_1429_1428_1247_1427_1248_1426_204_1464_1459_211_210_199_198_201_136_258_247_125_269_114_280_380_1073_1080_291_1069_783_1075_782_1076_781_844_843_1070_1084_205_140_200_139_206_138_141_207_137_142_654_599_197_196_653_1249_1250_1292_1580_1430_733_759_760_884_758_883_1431_1425_1433_1424_1434_1085_789_788_1086_787_1643_1632_1654_786_1423_1422_1074_302_313_1072_391_1071_324_402_336_424_778_780_791_756_755_752_753_754_802_652_208_1420_1396_1409_1411_170_168_343_651_129_128_130_127_133_143_209_131_145_813_824_868_869_870_743_871_835_741_846_867_872_339_751_340_750_873_1756_1755_1753_1435_1436_1437_146_605_134_144_148_132_598_597_135_777_784_785_776_775_841_1079_1078_1151_1487_882_1152_1486_885_1489_1153_1485_1490_553_1484_1491_1094_886_1056_1115_706_1054_1114_1053_1113_1039_1666_1038_1621_1040_1677_1037_1688_1610_920_919_921_1036_167_574_344_573_345_166_346_348_579_351_1599_923_1035_924_1154_1095_1108_1107_1097_1096_1116_803_1109_1098_1117_809_805_606_649_600_650_583_1112_801_804_808_800_807_578_577_165_576_581_767_766_572_587_571_592_349_163_352_595_570_162_350_601_607_1100_1101_1052_1478_1476_1479_1475_1480_1472_1481_1457_1456_1458_1454_582_603_604_584_925_926_1032_1034_1465_1467_857_865_864_355_164_585_586_589_149_1453_1452_1451_1450_765_764_734_763_736_762_1752_1760_1751_1761_1762_1750_1143_1171_1173_1172_1492_1194_150_590_806_826_799_825_798_1455_1466_157_159_156_160_588_154_155_161_596_575_151_80_69_91_47_58_36_102_369_413_739_738_740_737_25_1444_823_1432_1421_1410_1118_1119_1468_1473_1469_1474_1563_1470_1562_1561_774_790_1710_773_1721_792_1699_1732_772_793_1743_915_914_916_913_794_1754_749_1765_3_912_358_910_347_14_909_152_748_747_1477_1488_1499_1510_812_814_797_795_810_842_1449_1448_1447_1564_1446_593_594_353_379_568_357_382_567_441_384_874_875_876_878_879_880_917_918_1051_887_548_890_547_891_545_1494_1763_1764_1749_1412_1413_1415_1398_1416_1414_1417_1418_1404_1401_1403_1397_1402_1400_1395_378_373_383_372_381_374_360_361_359_375_362_371_370_368_385_376_363_386_354_367_1471_1560_1521_815_816_1532_817_796_935_936_934_811_937_1543_932_818_440_366_364_365_377_408_407_400_399_1588_1047_822_1577_1048_821_927_1566_1049_928_1050_938_939_387_388_438_389_437_439_436_1766_1262_1261_1263_1260_690_1770_1769_1264_692_1773_931_930_819_929_820_1106_908_907_717_906_711_905_712_715_716_1394_1585_714_892_401_560_893_729_894_728_895_552_881_551_1102_1493_1483_1495_1496_1385_1384_1386_1383_1382_1392_1581_1445_1582_1565_1442_1567_1441_1568_1772_1265_1771_1627_1613_1601_1267_1626_1614_1268_1286_745_744_434_433_1013_1014_1012_1002_406_559_405_556_404_555_403_727_896_726_719_720_725_730_722_897_1103_721_723_464_463_465_462_526_731_466_461_898_899_1482_531_1625_1628_1624_550_549_1555_1405_1408_1381_398_940_544_732_543_542_541_1497_1498_1500_1501_1502_1505_467_468_901_902_718_470_1387_1391_1389_1393_397_1504_1506_1551_1507_1503_1527_1552_1508_1528_1526_1553_1525_1523_356_1531_1530_1524_1520_1529_1522_1519_1509_1518_1511_1542_941_942_1586_1587_1589_1104_565_396_392_395_393_409_390_394_566_444_540_539_538_525_523_522_1590_1591_1594_1018_1019_828_1020_827_1021_1399_1105_471_527_472_473_460_459_457_1390_1541_1517_1535_1516_1550_1544_1549_1545_1533_943_456_507_455_1623_1629_1622_1620_1619_1380_153_443_442_427_429_428_426_430_425_431_432_521_520_475_474_476_477_904_903_478_479_481_410_1291_945_950_946_1030_949_1031_1534_1388_532_533_534_554_536_537_1290_1293_1295_1296_693_1259_1258_1257_1001_1015_1023_506_1297_1294_1303_1600_1302_840_411_412_414_423_415_1548_1547_1546_948_994_995_947_996_951_962_997_489_488_490_487_492_454_1024_1016_1025_1355_1009_1366_1010_1008_561_562_563_998_1003_1693_1692_1691_1690_1598_1372_1597_1596_1592_961_1026_1285_1284_1269_1270_1283_1271_1272_486_453_1027_1028_1029_1007_966_977_1017_955_988_1006_993_1000_1005_1004_992_944_1344_991_1371_1370_493_499_498_494_497_496_495_500_1364_1365_1363_1367_1360_1301_1298_501_530_504_529_416_445_1595_1309_1615_1768_1616_1377_1273_1282_1274_1281_1256_1254_1280_1275_1279_1602_482_483_484_1630_1631_508_509_485_510_511_1276_1278_1604_1603_1605_1606_1287_1253_1593_1341_1362_1336_1335_1337_1361_1308_1338_1339_1438_1607_960_959_958_963_957_1633_1252_1251_1556_1557_1440_1583_1439_1608_1609_1289_1515_1512_1514_1513_1340_1342_1359_1343_1345_1611_564_452_863_862_861_1406_860_1407_1584_1559_1558_859_858_952_953_956_954_512_514_1612_839_838_1689_1687_1686_1368_1369_1634_1635_1300_1304_1315_1311_1312_1322_1316_1313_1314_1317_964_981_965_967_980_968_970_1636_1637_971_982_969_972_973_983_984_985_979_986_987_1166_1682_1681_1683_503_505_422_421_519_420_518_1346_517_516_515_448_449_450_451_989_837_836_834_833_832_831_974_975_888_528_1347_1348_1379_1374_1373_1375_1378_1376_1700_1684_1698_1685_1680_1697_1675_1674_1679_1661_1660_1638_1678_1673_1672_1676_1536_1318_1323_990_830_829_1319_1324_1320_976_978_1331_1356_1330_1354_1329_1328_1537_1538_1539_1540_999_1349_1350_1351_1659_687_688_1671_1658_1662_689_1670_1657_1663_1669_1133_1144_1122_1155_1667_1668_1664_1334_1307_1325_1656_1352_1353_1327_1326_1111_1357_1358_1306_1639_1640_1618_1617_1724_1725_1694_1695_1641_1642_1644_419_418_417_1696_1701_1702_1703_1188_1645_1646_1305_854_855_1650_1651_1652_1649_1653_1648_1655_1647_1177_933_922_1199_1210_856_900_1011_889_911_1310_877_1299_1222_866_1233_1288_1022_1033_1044_779_446_668_557_224_113_335_2_1665_1055_1066_1077_1554_1443_1099_1088_1704_,0_1_2_3_4_5_6_7_8_9_10_11_12_13_14_15_16_17_18_19_20_21_22_23_24_25_26_27_28_29_30_31_32_33_34_35_36_37_38_39_40_41_42_43_44_45_46_47_48_49_50_51_52_53_54_55_56_57_58_59_60_61_62_63_64_65_66_67_68_69_70_71_72_73_74_75_76_77_78_79_80_81_82_83_84_85_86_87_88_89_90_91_92_93_94_95_96_97_98_99_100_101_102_103_104_105_106_107_108_109_110_111_112_113_114_115_116_117_118_119_120_121_122_123_124_125_126_127_128_129_130_131_132_133_134_135_136_137_138_139_140_141_142_143_144_145_146_147_148_149_150_151_152_153_154_155_156_157_158_159_160_161_162_163_164_165_166_167_168_169_170_171_172_173_174_175_176_177_178_179_180_181_182_183_184_185_186_187_188_189_190_191_192_193_194_195_196_197_198_199_200_201_202_203_204_205_206_207_208_209_210_211_212_213_214_215_216_217_218_219_220_221_222_223_224_225_226_227_228_229_230_231_232_233_234_235_236_237_238_239_240_241_242_243_244_245_246_247_248_249_250_251_252_253_254_255_256_257_258_259_260_261_262_263_264_265_266_267_268_269_270_271_272_273_274_275_276_277_278_279_280_281_282_283_284_285_286_287_288_289_290_291_292_293_294_295_296_297_298_299_300_301_302_303_304_305_306_307_308_309_310_311_312_313_314_315_316_317_318_319_320_321_322_323_324_325_326_327_328_329_330_331_332_333_334_335_336_337_338_339_340_341_342_343_344_345_346_347_348_349_350_351_352_353_354_355_356_357_358_359_360_361_362_363_364_365_366_367_368_369_370_371_372_373_374_375_376_377_378_379_380_381_382_383_384_385_386_387_388_389_390_391_392_393_394_395_396_397_398_399_400_401_402_403_404_405_406_407_408_409_410_411_412_413_414_415_416_417_418_419_420_421_422_423_424_425_426_427_428_429_430_431_432_433_434_435_436_437_438_439_440_441_442_443_444_445_446_447_448_449_450_451_452_453_454_455_456_457_458_459_460_461_462_463_464_465_466_467_468_469_470_471_472_473_474_475_476_477_478_479_480_481_482_483_484_485_486_487_488_489_490_491_492_493_494_495_496_497_498_499_500_501_502_503_504_505_506_507_508_509_510_511_512_513_514_515_516_517_518_519_520_521_522_523_524_525_526_527_528_529_530_531_532_533_534_535_536_537_538_539_540_541_542_543_544_545_546_547_548_549_550_551_552_553_554_555_556_557_558_559_560_561_562_563_564_565_566_567_568_569_570_571_572_573_574_575_576_577_578_579_580_581_582_583_584_585_586_587_588_589_590_591_592_593_594_595_596_597_598_599_600_601_602_603_604_605_606_607_608_609_610_611_612_613_614_615_616_617_618_619_620_621_622_623_624_625_626_627_628_629_630_631_632_633_634_635_636_637_638_639_640_641_642_643_644_645_646_647_648_649_650_651_652_653_654_655_656_657_658_659_660_661_662_663_664_665_666_667_668_669_670_671_672_673_674_675_676_677_678_679_680_681_682_683_684_685_686_687_688_689_690_691_692_693_694_695_696_697_698_699_700_701_702_703_704_705_706_707_708_709_710_711_712_713_714_715_716_717_718_719_720_721_722_723_724_725_726_727_728_729_730_731_732_733_734_735_736_737_738_739_740_741_742_743_744_745_746_747_748_749_750_751_752_753_754_755_756_757_758_759_760_761_762_763_764_765_766_767_768_769_770_771_772_773_774_775_776_777_778_779_780_781_782_783_784_785_786_787_788_789_790_791_792_793_794_795_796_797_798_799_800_801_802_803_804_805_806_807_808_809_810_811_812_813_814_815_816_817_818_819_820_821_822_823_824_825_826_827_828_829_830_831_832_833_834_835_836_837_838_839_840_841_842_843_844_845_846_847_848_849_850_851_852_853_854_855_856_857_858_859_860_861_862_863_864_865_866_867_868_869_870_871_872_873_874_875_876_877_878_879_880_881_882_883_884_885_886_887_888_889_890_891_892_893_894_895_896_897_898_899_900_901_902_903_904_905_906_907_908_909_910_911_912_913_914_915_916_917_918_919_920_921_922_923_924_925_926_927_928_929_930_931_932_933_934_935_936_937_938_939_940_941_942_943_944_945_946_947_948_949_950_951_952_953_954_955_956_957_958_959_960_961_962_963_964_965_966_967_968_969_970_971_972_973_974_975_976_977_978_979_980_981_982_983_984_985_986_987_988_989_990_991_992_993_994_995_996_997_998_999_1000_1001_1002_1003_1004_1005_1006_1007_1008_1009_1010_1011_1012_1013_1014_1015_1016_1017_1018_1019_1020_1021_1022_1023_1024_1025_1026_1027_1028_1029_1030_1031_1032_1033_1034_1035_1036_1037_1038_1039_1040_1041_1042_1043_1044_1045_1046_1047_1048_1049_1050_1051_1052_1053_1054_1055_1056_1057_1058_1059_1060_1061_1062_1063_1064_1065_1066_1067_1068_1069_1070_1071_1072_1073_1074_1075_1076_1077_1078_1079_1080_1081_1082_1083_1084_1085_1086_1087_1088_1089_1090_1091_1092_1093_1094_1095_1096_1097_1098_1099_1100_1101_1102_1103_1104_1105_1106_1107_1108_1109_1110_1111_1112_1113_1114_1115_1116_1117_1118_1119_1120_1121_1122_1123_1124_1125_1126_1127_1128_1129_1130_1131_1132_1133_1134_1135_1136_1137_1138_1139_1140_1141_1142_1143_1144_1145_1146_1147_1148_1149_1150_1151_1152_1153_1154_1155_1156_1157_1158_1159_1160_1161_1162_1163_1164_1165_1166_1167_1168_1169_1170_1171_1172_1173_1174_1175_1176_1177_1178_1179_1180_1181_1182_1183_1184_1185_1186_1187_1188_1189_1190_1191_1192_1193_1194_1195_1196_1197_1198_1199_1200_1201_1202_1203_1204_1205_1206_1207_1208_1209_1210_1211_1212_1213_1214_1215_1216_1217_1218_1219_1220_1221_1222_1223_1224_1225_1226_1227_1228_1229_1230_1231_1232_1233_1234_1235_1236_1237_1238_1239_1240_1241_1242_1243_1244_1245_1246_1247_1248_1249_1250_1251_1252_1253_1254_1255_1256_1257_1258_1259_1260_1261_1262_1263_1264_1265_1266_1267_1268_1269_1270_1271_1272_1273_1274_1275_1276_1277_1278_1279_1280_1281_1282_1283_1284_1285_1286_1287_1288_1289_1290_1291_1292_1293_1294_1295_1296_1297_1298_1299_1300_1301_1302_1303_1304_1305_1306_1307_1308_1309_1310_1311_1312_1313_1314_1315_1316_1317_1318_1319_1320_1321_1322_1323_1324_1325_1326_1327_1328_1329_1330_1331_1332_1333_1334_1335_1336_1337_1338_1339_1340_1341_1342_1343_1344_1345_1346_1347_1348_1349_1350_1351_1352_1353_1354_1355_1356_1357_1358_1359_1360_1361_1362_1363_1364_1365_1366_1367_1368_1369_1370_1371_1372_1373_1374_1375_1376_1377_1378_1379_1380_1381_1382_1383_1384_1385_1386_1387_1388_1389_1390_1391_1392_1393_1394_1395_1396_1397_1398_1399_1400_1401_1402_1403_1404_1405_1406_1407_1408_1409_1410_1411_1412_1413_1414_1415_1416_1417_1418_1419_1420_1421_1422_1423_1424_1425_1426_1427_1428_1429_1430_1431_1432_1433_1434_1435_1436_1437_1438_1439_1440_1441_1442_1443_1444_1445_1446_1447_1448_1449_1450_1451_1452_1453_1454_1455_1456_1457_1458_1459_1460_1461_1462_1463_1464_1465_1466_1467_1468_1469_1470_1471_1472_1473_1474_1475_1476_1477_1478_1479_1480_1481_1482_1483_1484_1485_1486_1487_1488_1489_1490_1491_1492_1493_1494_1495_1496_1497_1498_1499_1500_1501_1502_1503_1504_1505_1506_1507_1508_1509_1510_1511_1512_1513_1514_1515_1516_1517_1518_1519_1520_1521_1522_1523_1524_1525_1526_1527_1528_1529_1530_1531_1532_1533_1534_1535_1536_1537_1538_1539_1540_1541_1542_1543_1544_1545_1546_1547_1548_1549_1550_1551_1552_1553_1554_1555_1556_1557_1558_1559_1560_1561_1562_1563_1564_1565_1566_1567_1568_1569_1570_1571_1572_1573_1574_1575_1576_1577_1578_1579_1580_1581_1582_1583_1584_1585_1586_1587_1588_1589_1590_1591_1592_1593_1594_1595_1596_1597_1598_1599_1600_1601_1602_1603_1604_1605_1606_1607_1608_1609_1610_1611_1612_1613_1614_1615_1616_1617_1618_1619_1620_1621_1622_1623_1624_1625_1626_1627_1628_1629_1630_1631_1632_1633_1634_1635_1636_1637_1638_1639_1640_1641_1642_1643_1644_1645_1646_1647_1648_1649_1650_1651_1652_1653_1654_1655_1656_1657_1658_1659_1660_1661_1662_1663_1664_1665_1666_1667_1668_1669_1670_1671_1672_1673_1674_1675_1676_1677_1678_1679_1680_1681_1682_1683_1684_1685_1686_1687_1688_1689_1690_1691_1692_1693_1694_1695_1696_1697_1698_1699_1700_1701_1702_1703_1704_1705_1706_1707_1708_1709_1710_1711_1712_1713_1714_1715_1716_1717_1718_1719_1720_1721_1722_1723_1724_1725_1726_1727_1728_1729_1730_1731_1732_1733_1734_1735_1736_1737_1738_1739_1740_1741_1742_1743_1744_1745_1746_1747_1748_1749_1750_1751_1752_1753_1754_1755_1756_1757_1758_1759_1760_1761_1762_1763_1764_1765_1766_1767_1768_1769_1770_1771_1772_1773_1774_1775_,143:{146;605;134;144;148;132;598;597;135;}145:{606;649;600;650;583;}147:{136;258;247;125;269;114;280;380;1073;1080;291;}163:{440;}165:{572;587;571;592;349;163;352;595;570;162;350;}168:{167;574;344;573;345;166;346;348;579;351;}171:{170;168;343;}173:{204;}177:{178;214;179;212;}198:{651;}199:{652;208;}201:{205;140;200;139;206;138;141;207;137;142;654;599;}210:{197;196;653;}213:{841;1079;1078;}214:{211;210;199;198;201;}216:{218;219;175;}219:{173;174;172;176;171;203;215;177;}223:{222;342;221;289;290;334;220;288;341;292;337;}227:{223;}232:{330;234;237;235;238;327;}242:{502;524;724;491;535;480;}250:{325;251;249;323;248;252;233;244;232;253;231;295;254;}254:{255;230;256;257;263;326;268;262;261;259;229;331;260;264;}256:{228;265;332;227;266;328;}264:{226;267;}273:{271;849;279;853;848;281;}283:{847;282;270;}287:{286;285;851;272;284;852;850;278;283;}291:{1074;302;313;1072;391;1071;324;402;336;424;778;}294:{293;276;274;277;310;273;287;250;}295:{296;245;246;297;307;298;306;322;}306:{299;300;301;1175;}310:{309;311;308;312;294;314;275;}311:{315;}315:{316;317;698;318;699;697;1197;}320:{319;321;1191;1195;1190;1460;1189;}322:{202;191;435;447;}328:{329;333;240;241;239;242;}329:{243;513;}334:{216;338;217;}338:{339;751;340;750;}355:{356;}363:{366;364;365;377;408;407;}364:{401;560;}376:{400;399;}377:{398;}384:{378;373;383;372;381;374;360;361;359;375;362;371;370;368;385;376;363;386;354;367;}386:{387;388;438;389;437;439;436;}398:{565;396;392;395;393;409;390;394;566;444;}404:{410;}405:{397;}410:{411;412;414;423;415;}415:{416;445;}420:{419;418;417;}435:{180;236;169;225;213;}437:{434;433;}444:{443;442;427;429;428;426;430;425;431;432;}445:{448;449;450;451;}457:{506;}460:{456;507;455;}462:{460;459;457;}465:{525;523;522;}470:{471;527;472;473;}477:{478;479;481;}478:{482;483;484;}480:{646;469;635;458;657;669;624;680;613;}483:{508;509;485;510;511;}490:{493;499;498;494;497;496;}492:{495;500;}496:{501;530;504;529;}502:{546;}504:{503;505;422;421;519;420;518;}506:{486;453;}507:{489;488;490;487;492;454;}510:{512;514;}519:{517;516;515;}522:{475;474;476;477;}525:{521;520;}531:{532;533;534;554;536;537;}534:{561;562;563;}535:{558;757;569;746;761;735;768;602;}541:{540;539;538;}545:{544;732;543;542;541;}553:{550;549;}560:{406;559;405;556;404;555;403;}562:{564;452;}564:{528;}569:{733;759;760;884;758;883;}572:{593;594;353;379;568;357;382;567;441;384;}574:{578;577;165;576;581;}578:{164;585;586;589;149;}582:{150;590;}586:{152;}590:{157;159;156;160;588;154;155;161;596;575;151;}599:{582;}602:{770;771;769;}604:{153;}624:{691;702;713;591;158;580;147;}649:{601;607;}650:{603;604;584;}652:{129;128;130;127;133;143;209;131;145;}668:{224;113;335;2;1665;}688:{1667;1668;1664;}692:{693;1259;1258;1257;}699:{700;701;1198;1196;1200;1201;}703:{704;1220;1223;1759;1204;1219;1758;1218;}714:{904;903;}715:{894;728;895;}722:{721;723;464;463;465;462;526;731;466;461;}724:{742;}729:{727;896;726;719;720;725;730;722;897;}736:{715;716;}737:{714;892;}747:{745;744;}749:{748;747;}751:{749;}752:{813;824;868;869;870;743;871;835;741;846;867;872;}762:{80;69;91;47;58;36;102;369;413;739;738;740;737;25;}766:{765;764;734;763;736;762;}768:{780;791;756;755;752;753;754;802;}770:{767;766;}772:{917;918;}775:{774;790;1710;773;1721;792;1699;1732;772;793;1743;915;914;916;913;794;1754;}778:{777;784;785;776;775;}804:{1103;}805:{806;826;799;825;798;1455;1466;}811:{940;}812:{938;939;}826:{1444;823;1432;1421;1410;1118;1119;}829:{854;855;}831:{830;829;}836:{834;833;832;831;}841:{842;}861:{859;858;}867:{355;}868:{857;865;864;}872:{873;}873:{874;875;876;878;879;880;}877:{668;557;}878:{531;}882:{552;881;551;}883:{882;885;553;886;}886:{887;548;890;547;891;545;}890:{893;729;}895:{898;899;}897:{467;468;901;902;718;470;}900:{889;911;1310;877;1299;1222;866;1233;1288;}909:{908;907;717;906;711;905;712;}923:{925;926;1032;1034;}928:{1555;}932:{931;930;819;929;820;1106;}939:{941;942;}940:{943;}942:{945;950;946;1030;949;1031;}944:{900;1011;}946:{961;1026;}949:{948;994;995;947;996;951;962;997;}951:{952;953;956;954;}952:{989;}954:{990;}961:{960;959;958;963;957;}963:{964;981;965;967;980;968;970;}965:{971;982;969;972;973;983;984;985;979;}972:{974;975;}975:{976;978;}977:{991;}984:{986;987;1166;}989:{1133;1144;1122;1155;}1000:{1177;933;922;1199;1210;}1002:{998;1003;}1008:{1007;966;977;1017;955;988;1006;993;1000;1005;1004;992;944;1344;}1011:{1022;1033;1044;779;446;}1012:{1001;1015;1023;}1014:{1018;1019;828;1020;827;1021;1399;}1021:{1024;1016;1025;1355;1009;1366;1010;1008;}1022:{1055;1066;1077;}1026:{1027;1028;1029;}1035:{1588;1047;822;1577;1048;821;927;1566;1049;928;}1050:{1104;}1052:{1050;}1054:{1051;}1057:{1056;1115;706;1054;1114;1053;1113;}1061:{1060;1059;1062;1058;1063;}1063:{710;1064;1081;1065;709;1082;1067;1068;1083;708;707;}1067:{1069;783;1075;782;1076;781;844;843;1070;1084;}1084:{1085;789;788;1086;787;1643;1632;1654;786;}1086:{1039;1666;1038;1621;1040;1677;1037;1688;1610;920;919;921;1036;}1091:{1112;}1094:{1154;1095;1108;1107;1097;1096;1116;803;1109;1098;1117;809;805;}1095:{801;804;808;800;807;}1103:{1105;}1109:{1102;}1113:{1100;1101;1052;}1117:{1493;1483;}1128:{1125;1124;}1131:{1132;705;1134;1164;1127;1135;1126;}1133:{1099;1088;}1134:{1140;1136;1168;1141;1167;1137;1169;1165;1142;1138;1170;}1138:{1139;1123;1161;1160;1121;1120;1157;1158;1057;1087;}1142:{1143;1171;1173;1172;1492;1194;}1150:{1151;1487;1152;1486;1489;1153;1485;1490;1484;1491;1094;}1155:{1111;}1157:{1147;1148;1146;1149;1145;1150;1093;}1160:{1159;1162;1090;1091;1089;1092;1156;}1175:{1176;303;1174;1130;1178;304;1163;1129;1131;1179;1128;}1179:{1180;305;1181;1182;1184;845;1183;1061;}1198:{1202;1203;703;320;}1201:{1205;}1209:{1225;1240;1239;1238;1226;1237;1236;1227;}1217:{696;1214;1206;1207;695;1213;1215;1208;694;1212;1211;1209;1757;1224;}1218:{1217;1216;}1226:{1228;1235;1234;1229;1232;1231;}1231:{1230;1241;1242;1243;1575;1245;1576;1574;}1245:{1246;1429;1428;1247;1427;1248;1426;}1248:{1249;1250;1292;}1250:{1291;}1254:{1252;1251;}1272:{1273;1282;1274;1281;1256;1254;1280;1275;1279;1602;}1276:{1289;}1280:{1276;1278;1604;1603;1605;1606;1287;1253;}1286:{1285;1284;1269;1270;1283;1271;1272;}1292:{1290;1293;1295;1296;}1296:{1297;1294;1303;1600;1302;840;}1298:{1300;1304;1315;1311;1312;1322;}1302:{1301;1298;}1304:{1316;1313;1314;}1309:{1593;1341;1362;1336;1335;1337;1361;1308;1338;1339;}1312:{1317;}1316:{1318;1323;}1317:{1319;1324;1320;}1320:{1331;1356;1330;1354;1329;1328;}1323:{1305;}1325:{1306;}1330:{1327;1326;}1336:{1334;1307;1325;}1339:{1340;1342;1359;1343;1345;}1340:{1346;}1345:{1347;1348;}1348:{1349;1350;1351;}1350:{1352;1353;}1354:{1357;1358;}1355:{1188;}1365:{1368;1369;}1370:{1364;1365;1363;1367;1360;}1380:{1379;1374;1373;1375;1378;1376;}1383:{1380;}1384:{1390;}1385:{1387;1391;1389;1393;}1388:{1377;}1389:{1598;1372;1597;1596;1592;}1390:{1371;1370;}1396:{1394;1585;}1402:{1405;1408;1381;}1404:{1385;1384;1386;1383;1382;1392;}1408:{863;862;861;1406;860;1407;}1409:{1412;1413;1415;1398;1416;1414;1417;}1417:{1418;1404;1401;1403;1397;1402;1400;1395;}1422:{1420;1396;1409;1411;}1425:{1423;1422;}1432:{1013;1014;1012;1002;}1434:{1435;1436;1437;}1435:{1438;}1441:{1557;1440;1583;1439;}1446:{1581;1445;1582;1565;1442;1567;1441;1568;}1450:{1449;1448;1447;1564;1446;}1454:{1453;1452;1451;1450;}1459:{1465;1467;}1460:{1461;1462;1463;}1462:{1464;1459;}1463:{1457;1456;1458;1454;}1465:{1468;1473;1469;1474;1563;1470;1562;1561;}1466:{1477;1488;1499;1510;812;814;797;795;810;}1467:{1494;}1470:{1471;}1481:{1482;}1483:{1388;}1484:{1478;1476;1479;1475;1480;1472;1481;}1494:{1497;}1497:{1498;1500;1501;1502;1505;}1505:{1504;1506;1551;1507;1503;1527;1552;1508;1528;1526;1553;1525;1523;}1510:{1521;815;816;1532;817;796;935;936;934;811;937;1543;932;818;}1517:{1515;1512;1514;1513;}1525:{1531;1530;1524;1520;1529;1522;1519;1509;1518;1511;1542;}1533:{1534;}1534:{888;}1536:{1537;1538;1539;1540;999;}1542:{1541;1517;1535;1516;1550;1544;1549;1545;1533;}1548:{1536;}1549:{1548;1547;1546;}1560:{1556;}1561:{1560;}1563:{1495;1496;}1574:{1573;1572;1578;1571;1579;}1576:{1580;1430;}1579:{1431;1425;1433;1424;1434;}1583:{1584;1559;1558;}1585:{1586;1587;1589;}1587:{1590;1591;1594;}1589:{1595;1309;}1603:{1607;}1605:{1608;1609;}1607:{1611;}1609:{1612;839;838;}1612:{837;836;}1613:{1618;1617;1724;1725;}1623:{1693;1692;1691;1690;}1626:{1623;1629;1622;1620;1619;}1627:{1625;1628;1624;}1628:{1630;1631;}1629:{1633;}1631:{1634;1635;}1632:{1599;923;1035;924;}1634:{1636;1637;}1635:{1638;1678;}1636:{1639;1640;}1640:{1641;1642;1644;}1642:{1645;1646;}1646:{1650;1651;1652;1649;1653;1648;1655;1647;}1652:{856;}1657:{1656;}1660:{1659;687;688;1671;1658;1662;689;1670;1657;1663;1669;}1665:{1554;1443;}1667:{1694;1695;}1674:{1673;1672;1676;}1683:{1700;1684;1698;1685;1680;1697;1675;1674;1679;1661;1660;}1686:{1682;1681;1683;}1690:{1689;1687;1686;}1696:{1704;}1697:{1696;1701;1702;1703;}1754:{1765;3;912;358;910;347;14;909;}1755:{1752;1760;1751;1761;1762;1750;}1757:{1756;1755;1753;}1761:{1763;1764;1749;}1763:{1766;1262;1261;1263;1260;690;1770;1769;1264;692;1773;}1772:{1615;1768;1616;}1773:{1772;1265;1771;1627;1613;1601;1267;1626;1614;1268;1286;},392_397_398_401_403_404_405_432_433_434_454_455_462_463_464_465_466_467_562_563_565_566_688_689_810_811_833_834_836_897_898_899_901_935_936_937_1002_1021_1023_1199_1210_1222_1233_1288_1302_1303_1344_1396_1398_1415_1533_1534_1546_1547_1548_1549_1550_1642_1644_1658_1659_1664_1667_1671_,310-309*0_310-311*0_310-308*0_310-312*0_310-294*0_310-314*0_310-275*0_294-293*1_294-276*1_294-274*1_294-277*1_294-310*1_294-273*1_294-287*1_294-250*1_287-286*2_287-285*2_287-851*2_287-272*2_287-284*2_287-852*2_287-850*2_287-278*2_287-283*2_273-271*2_273-849*2_273-279*2_273-853*2_273-848*2_273-281*2_250-325*2_250-251*2_250-249*2_250-323*2_250-248*2_250-252*2_250-233*2_250-244*2_250-232*2_250-253*2_250-231*2_250-295*2_250-254*2_254-255*3_254-230*3_254-256*3_254-257*3_254-263*3_254-326*3_254-268*3_254-262*3_254-261*3_254-259*3_254-229*3_254-331*3_254-260*3_254-264*3_283-847*3_283-282*3_283-270*3_232-330*4_232-234*4_232-237*4_232-235*4_232-238*4_232-327*4_256-228*4_256-265*4_256-332*4_256-227*4_256-266*4_256-328*4_264-226*4_264-267*4_227-223*6_328-329*5_328-333*5_328-240*5_328-241*5_328-239*5_328-242*5_311-315*1_315-316*2_315-317*2_315-698*2_315-318*2_315-699*2_315-697*2_315-1197*2_295-296*3_295-245*3_295-246*3_295-297*3_295-307*3_295-298*3_295-306*3_295-322*3_699-700*3_699-701*3_699-1198*3_699-1196*3_699-1200*3_699-1201*3_223-222*7_223-342*7_223-221*7_223-289*7_223-290*7_223-334*7_223-220*7_223-288*7_223-341*7_223-292*7_223-337*7_1198-1202*4_1198-1203*4_1198-703*4_1198-320*4_703-704*5_703-1220*5_703-1223*5_703-1759*5_703-1204*5_703-1219*5_703-1758*5_703-1218*5_1218-1217*6_1218-1216*6_320-319*5_320-321*5_320-1191*5_320-1195*5_320-1190*5_320-1460*5_320-1189*5_334-216*8_334-338*8_334-217*8_306-299*4_306-300*4_306-301*4_306-1175*4_1201-1205*6_1217-696*7_1217-1214*7_1217-1206*7_1217-1207*7_1217-695*7_1217-1213*7_1217-1215*7_1217-1208*7_1217-694*7_1217-1212*7_1217-1211*7_1217-1209*7_1217-1757*7_1217-1224*7_322-202*4_322-191*4_322-435*4_322-447*4_1175-1176*5_1175-303*5_1175-1174*5_1175-1130*5_1175-1178*5_1175-304*5_1175-1163*5_1175-1129*5_1175-1131*5_1175-1179*5_1175-1128*5_1131-1132*6_1131-705*6_1131-1134*6_1131-1164*6_1131-1127*6_1131-1135*6_1131-1126*6_329-243*8_329-513*8_1209-1225*8_1209-1240*8_1209-1239*8_1209-1238*8_1209-1226*8_1209-1237*8_1209-1236*8_1209-1227*8_242-502*7_242-524*7_242-724*7_242-491*7_242-535*7_242-480*7_216-218*9_216-219*9_216-175*9_1179-1180*6_1179-305*6_1179-1181*6_1179-1182*6_1179-1184*6_1179-845*6_1179-1183*6_1179-1061*6_1134-1140*7_1134-1136*7_1134-1168*7_1134-1141*7_1134-1167*7_1134-1137*7_1134-1169*7_1134-1165*7_1134-1142*7_1134-1138*7_1134-1170*7_1128-1125*6_1128-1124*6_480-646*8_480-469*8_480-635*8_480-458*8_480-657*8_480-669*8_480-624*8_480-680*8_480-613*8_435-180*5_435-236*5_435-169*5_435-225*5_435-213*5_1460-1461*7_1460-1462*7_1460-1463*7_502-546*8_1061-1060*7_1061-1059*7_1061-1062*7_1061-1058*7_1061-1063*7_535-558*8_535-757*8_535-569*8_535-746*8_535-761*8_535-735*8_535-768*8_535-602*8_1138-1139*8_1138-1123*8_1138-1161*8_1138-1160*8_1138-1121*8_1138-1120*8_1138-1157*8_1138-1158*8_1138-1057*8_1138-1087*8_1226-1228*10_1226-1235*10_1226-1234*10_1226-1229*10_1226-1232*10_1226-1231*10_219-173*10_219-174*10_219-172*10_219-176*10_219-171*10_219-203*10_219-215*10_219-177*10_624-691*9_624-702*9_624-713*9_624-591*9_624-158*9_624-580*9_624-147*9_1231-1230*11_1231-1241*11_1231-1242*11_1231-1243*11_1231-1575*11_1231-1245*11_1231-1576*11_1231-1574*11_177-178*11_177-214*11_177-179*11_177-212*11_1160-1159*9_1160-1162*9_1160-1090*9_1160-1091*9_1160-1089*9_1160-1092*9_602-770*9_1160-1156*9_602-771*9_602-769*9_1157-1147*10_1157-1148*10_1157-1146*10_1157-1149*10_1157-1145*10_1157-1150*10_1157-1093*10_1063-710*8_1063-1064*8_1063-1081*8_1063-1065*8_1063-709*8_1063-1082*8_1063-1067*8_1063-1068*8_1063-1083*8_1063-708*8_1063-707*8_1574-1573*12_1574-1572*12_1574-1578*12_1574-1571*12_1574-1579*12_724-742*9_1245-1246*12_1245-1429*12_1245-1428*12_1245-1247*12_1245-1427*12_1245-1248*12_1245-1426*12_173-204*11_1462-1464*8_1462-1459*8_214-211*12_214-210*12_214-199*12_214-198*12_214-201*12_147-136*10_147-258*10_147-247*10_147-125*10_147-269*10_147-114*10_147-280*10_147-380*10_147-1073*10_147-1080*10_147-291*10_1067-1069*9_1067-783*9_1067-1075*9_1067-782*9_1067-1076*9_1067-781*9_1067-844*9_1067-843*9_1067-1070*9_1067-1084*9_201-205*13_201-140*13_201-200*13_201-139*13_201-206*13_201-138*13_201-141*13_201-207*13_201-137*13_201-142*13_201-654*13_201-599*13_210-197*13_210-196*13_210-653*13_1248-1249*13_1248-1250*13_1248-1292*13_1576-1580*12_1576-1430*12_569-733*10_569-759*10_569-760*10_569-884*10_569-758*10_569-883*10_1579-1431*13_1579-1425*13_1579-1433*13_1579-1424*13_1579-1434*13_1084-1085*10_1084-789*10_1084-788*10_1084-1086*10_1084-787*10_1084-1643*10_1084-1632*10_1084-1654*10_1084-786*10_1425-1423*14_1425-1422*14_291-1074*11_291-302*11_291-313*11_291-1072*11_291-391*11_291-1071*11_291-324*11_291-402*11_291-336*11_291-424*11_291-778*11_768-780*11_768-791*11_768-756*11_768-755*11_768-752*11_768-753*11_768-754*11_768-802*11_199-652*13_199-208*13_1422-1420*15_1422-1396*15_1422-1409*15_1422-1411*15_171-170*11_171-168*11_171-343*11_198-651*14_652-129*14_652-128*14_652-130*14_652-127*14_652-133*14_652-143*14_652-209*14_652-131*14_652-145*14_752-813*12_752-824*12_752-868*12_752-869*12_752-870*12_752-743*12_752-871*12_752-835*12_752-741*12_752-846*12_752-867*12_752-872*12_338-339*9_338-751*9_338-340*9_338-750*9_872-873*13_1757-1756*8_1757-1755*8_1757-1753*8_1434-1435*14_1434-1436*14_1434-1437*14_143-146*15_143-605*15_143-134*15_143-144*15_143-148*15_143-132*15_143-598*15_143-597*15_143-135*15_778-777*12_778-784*12_778-785*12_778-776*12_778-775*12_213-841*6_213-1079*6_213-1078*6_1150-1151*11_1150-1487*11_883-882*11_1150-1152*11_1150-1486*11_883-885*11_1150-1489*11_1150-1153*11_1150-1485*11_1150-1490*11_883-553*11_1150-1484*11_1150-1491*11_1150-1094*11_883-886*11_1057-1056*10_1057-1115*10_1057-706*10_1057-1054*10_1057-1114*10_1057-1053*10_1057-1113*10_1086-1039*11_1086-1666*11_1086-1038*11_1086-1621*11_1086-1040*11_1086-1677*11_1086-1037*11_1086-1688*11_1086-1610*11_1086-920*11_1086-919*11_1086-921*11_1086-1036*11_168-167*12_168-574*12_168-344*12_168-573*12_168-345*12_168-166*12_168-346*12_168-348*12_168-579*12_168-351*12_1632-1599*11_1632-923*11_1632-1035*11_1632-924*11_1094-1154*12_1094-1095*12_1094-1108*12_1094-1107*12_1094-1097*12_1094-1096*12_1094-1116*12_1094-803*12_1094-1109*12_1094-1098*12_1094-1117*12_1094-809*12_1094-805*12_145-606*15_145-649*15_145-600*15_145-650*15_145-583*15_1091-1112*10_1095-801*13_1095-804*13_1095-808*13_1095-800*13_1095-807*13_574-578*13_574-577*13_574-165*13_574-576*13_574-581*13_770-767*10_770-766*10_165-572*14_165-587*14_165-571*14_165-592*14_165-349*14_165-163*14_165-352*14_165-595*14_165-570*14_165-162*14_165-350*14_649-601*16_649-607*16_1113-1100*11_1113-1101*11_1113-1052*11_1484-1478*12_1484-1476*12_1484-1479*12_1484-1475*12_1484-1480*12_1484-1472*12_1484-1481*12_1463-1457*8_1463-1456*8_1463-1458*8_1463-1454*8_599-582*14_650-603*16_650-604*16_650-584*16_923-925*13_923-926*13_923-1032*13_923-1034*13_1459-1465*9_1459-1467*9_868-857*13_868-865*13_868-864*13_867-355*13_578-164*14_578-585*14_578-586*14_578-589*14_578-149*14_1454-1453*9_1454-1452*9_1454-1451*9_1454-1450*9_766-765*11_766-764*11_766-734*11_766-763*11_766-736*11_766-762*11_1755-1752*9_1755-1760*9_1755-1751*9_1755-1761*9_1755-1762*9_1755-1750*9_1142-1143*8_1142-1171*8_1142-1173*8_1142-1172*8_1142-1492*8_1142-1194*8_582-150*15_582-590*15_805-806*13_805-826*13_805-799*13_805-825*13_805-798*13_805-1455*13_805-1466*13_590-157*16_590-159*16_590-156*16_590-160*16_590-588*16_590-154*16_590-155*16_590-161*16_590-596*16_590-575*16_590-151*16_762-80*12_762-69*12_762-91*12_762-47*12_762-58*12_762-36*12_762-102*12_762-369*12_762-413*12_762-739*12_762-738*12_762-740*12_762-737*12_762-25*12_826-1444*14_826-823*14_826-1432*14_826-1421*14_826-1410*14_826-1118*14_826-1119*14_1465-1468*10_1465-1473*10_1465-1469*10_1465-1474*10_1465-1563*10_1465-1470*10_1465-1562*10_1465-1561*10_775-774*13_775-790*13_775-1710*13_775-773*13_775-1721*13_775-792*13_775-1699*13_775-1732*13_775-772*13_775-793*13_775-1743*13_775-915*13_775-914*13_775-916*13_775-913*13_775-794*13_775-1754*13_751-749*10_1754-1765*14_1754-3*14_1754-912*14_1754-358*14_1754-910*14_1754-347*14_1754-14*14_1754-909*14_586-152*15_749-748*11_749-747*11_1466-1477*14_1466-1488*14_1466-1499*14_1466-1510*14_1466-812*14_1466-814*14_1466-797*14_1466-795*14_1466-810*14_841-842*8_1450-1449*10_1450-1448*10_1450-1447*10_1450-1564*10_1450-1446*10_572-593*15_572-594*15_572-353*15_572-379*15_572-568*15_572-357*15_572-382*15_572-567*15_572-441*15_572-384*15_873-874*14_873-875*14_873-876*14_873-878*14_873-879*14_873-880*14_772-917*14_772-918*14_1054-1051*13_886-887*12_886-548*12_886-890*12_886-547*12_886-891*12_886-545*12_1467-1494*10_1761-1763*10_1761-1764*10_1761-1749*10_1409-1412*16_1409-1413*16_1409-1415*16_1409-1398*16_1409-1416*16_1409-1414*16_1409-1417*16_1417-1418*17_1417-1404*17_1417-1401*17_1417-1403*17_1417-1397*17_1417-1402*17_1417-1400*17_1417-1395*17_384-378*16_384-373*16_384-383*16_384-372*16_384-381*16_384-374*16_384-360*16_384-361*16_384-359*16_384-375*16_384-362*16_384-371*16_384-370*16_384-368*16_384-385*16_384-376*16_384-363*16_384-386*16_384-354*16_384-367*16_1470-1471*11_1561-1560*11_1510-1521*16_1510-815*16_1510-816*16_1510-1532*16_1510-817*16_1510-796*16_1510-935*16_1510-936*16_1510-934*16_1510-811*16_1510-937*16_1510-1543*16_1510-932*16_1510-818*16_163-440*15_363-366*17_363-364*17_363-365*17_363-377*17_363-408*17_363-407*17_376-400*17_376-399*17_1035-1588*13_1035-1047*13_1035-822*13_1035-1577*13_1035-1048*13_1035-821*13_1035-927*13_1035-1566*13_1035-1049*13_1035-928*13_1052-1050*12_812-938*15_812-939*15_386-387*17_386-388*17_386-438*17_386-389*17_386-437*17_386-439*17_386-436*17_1763-1766*11_1763-1262*11_1763-1261*11_1763-1263*11_1763-1260*11_1763-690*11_1763-1770*11_1763-1769*11_1763-1264*11_1763-692*11_1763-1773*11_932-931*17_932-930*17_932-819*17_932-929*17_932-820*17_932-1106*17_909-908*15_909-907*15_909-717*15_909-906*15_909-711*15_909-905*15_909-712*15_736-715*12_736-716*12_1396-1394*16_1396-1585*16_737-714*13_737-892*13_364-401*18_364-560*18_890-893*13_890-729*13_715-894*13_715-728*13_715-895*13_882-552*12_882-881*12_882-551*12_1109-1102*14_1117-1493*14_1117-1483*14_1563-1495*11_1563-1496*11_1404-1385*18_1404-1384*18_1404-1386*18_1404-1383*18_1404-1382*18_1404-1392*18_1446-1581*11_1446-1445*11_1446-1582*11_1446-1565*11_1446-1442*11_1446-1567*11_1446-1441*11_1446-1568*11_1773-1772*12_1773-1265*12_1773-1771*12_1773-1627*12_1773-1613*12_1773-1601*12_1773-1267*12_1773-1626*12_1773-1614*12_1773-1268*12_1773-1286*12_747-745*12_747-744*12_437-434*18_437-433*18_1432-1013*16_1432-1014*16_1432-1012*16_1432-1002*16_560-406*19_560-559*19_560-405*19_560-556*19_560-404*19_560-555*19_560-403*19_729-727*14_729-896*14_729-726*14_729-719*14_729-720*14_729-725*14_729-730*14_729-722*14_729-897*14_804-1103*15_722-721*15_722-723*15_722-464*15_722-463*15_722-465*15_722-462*15_722-526*15_722-731*15_722-466*15_722-461*15_895-898*14_895-899*14_1481-1482*13_878-531*15_1627-1625*13_1627-1628*13_1627-1624*13_553-550*13_553-549*13_928-1555*14_1402-1405*19_1402-1408*19_1402-1381*19_377-398*18_811-940*17_545-544*13_545-732*13_545-543*13_545-542*13_545-541*13_1494-1497*11_1497-1498*12_1497-1500*12_1497-1501*12_1497-1502*12_1497-1505*12_897-467*15_897-468*15_897-901*15_897-902*15_897-718*15_897-470*15_1385-1387*20_1385-1391*20_1385-1389*20_1385-1393*20_405-397*20_1505-1504*13_1505-1506*13_1505-1551*13_1505-1507*13_1505-1503*13_1505-1527*13_1505-1552*13_1505-1508*13_1505-1528*13_1505-1526*13_1505-1553*13_1505-1525*13_1505-1523*13_355-356*14_1525-1531*14_1525-1530*14_1525-1524*14_1525-1520*14_1525-1529*14_1525-1522*14_1525-1519*14_1525-1509*14_1525-1518*14_1525-1511*14_1525-1542*14_939-941*16_939-942*16_1585-1586*17_1585-1587*17_1585-1589*17_1050-1104*13_398-565*19_398-396*19_398-392*19_398-395*19_398-393*19_398-409*19_398-390*19_398-394*19_398-566*19_398-444*19_541-540*14_541-539*14_541-538*14_465-525*16_465-523*16_465-522*16_1587-1590*18_1587-1591*18_1587-1594*18_1014-1018*17_1014-1019*17_1014-828*17_1014-1020*17_1014-827*17_1014-1021*17_1014-1399*17_1103-1105*16_470-471*17_470-527*17_470-472*17_470-473*17_462-460*16_462-459*16_462-457*16_1384-1390*20_1542-1541*15_1542-1517*15_1542-1535*15_1542-1516*15_1542-1550*15_1542-1544*15_1542-1549*15_1542-1545*15_1542-1533*15_940-943*18_460-456*17_460-507*17_460-455*17_1626-1623*13_1626-1629*13_1626-1622*13_1626-1620*13_1626-1619*13_1383-1380*19_604-153*17_444-443*20_444-442*20_444-427*20_444-429*20_444-428*20_444-426*20_444-430*20_444-425*20_444-431*20_444-432*20_525-521*18_525-520*18_522-475*18_522-474*18_522-476*18_522-477*18_714-904*14_714-903*14_477-478*19_477-479*19_477-481*19_404-410*20_1250-1291*14_942-945*19_942-950*19_942-946*19_942-1030*19_942-949*19_942-1031*19_1533-1534*16_1483-1388*15_531-532*16_531-533*16_531-534*16_531-554*16_531-536*16_531-537*16_1292-1290*14_1292-1293*14_1292-1295*14_1292-1296*14_692-693*12_692-1259*12_692-1258*12_692-1257*12_1012-1001*18_1012-1015*18_1012-1023*18_457-506*17_1296-1297*15_1296-1294*15_1296-1303*15_1296-1600*15_1296-1302*15_1296-840*15_410-411*21_410-412*21_410-414*21_410-423*21_410-415*21_1549-1548*17_1549-1547*17_1549-1546*17_949-948*20_949-994*20_949-995*20_949-947*20_949-996*20_949-951*20_949-962*20_949-997*20_507-489*18_507-488*18_507-490*18_507-487*18_507-492*18_507-454*18_1021-1024*18_1021-1016*18_1021-1025*18_1021-1355*18_1021-1009*18_1021-1366*18_1021-1010*18_1021-1008*18_534-561*17_534-562*17_534-563*17_1002-998*17_1002-1003*17_1623-1693*14_1623-1692*14_1623-1691*14_1623-1690*14_1389-1598*21_1389-1372*21_1389-1597*21_1389-1596*21_1389-1592*21_946-961*20_946-1026*20_1286-1285*13_1286-1284*13_1286-1269*13_1286-1270*13_1286-1283*13_1286-1271*13_1286-1272*13_506-486*18_506-453*18_1026-1027*21_1026-1028*21_1026-1029*21_1008-1007*19_1008-966*19_1008-977*19_1008-1017*19_1008-955*19_1008-988*19_1008-1006*19_1008-993*19_1008-1000*19_1008-1005*19_1008-1004*19_1008-992*19_1008-944*19_1008-1344*19_977-991*20_1390-1371*21_1390-1370*21_490-493*19_490-499*19_490-498*19_490-494*19_490-497*19_490-496*19_492-495*19_492-500*19_1370-1364*22_1370-1365*22_1370-1363*22_1370-1367*22_1370-1360*22_1302-1301*16_1302-1298*16_496-501*20_496-530*20_496-504*20_496-529*20_415-416*22_415-445*22_1589-1595*19_1589-1309*19_1772-1615*14_1772-1768*14_1772-1616*14_1388-1377*16_1272-1273*14_1272-1282*14_1272-1274*14_1272-1281*14_1272-1256*14_1272-1254*14_1272-1280*14_1272-1275*14_1272-1279*14_1272-1602*14_478-482*20_478-483*20_478-484*20_1628-1630*14_1628-1631*14_483-508*21_483-509*21_483-485*21_483-510*21_483-511*21_1280-1276*15_1280-1278*15_1280-1604*15_1280-1603*15_1280-1605*15_1280-1606*15_1280-1287*15_1280-1253*15_1309-1593*20_1309-1341*20_1309-1362*20_1309-1336*20_1309-1335*20_1309-1337*20_1309-1361*20_1309-1308*20_1309-1338*20_1309-1339*20_1435-1438*15_1603-1607*16_961-960*22_961-959*22_961-958*22_961-963*22_961-957*22_1629-1633*14_1254-1252*15_1254-1251*15_1560-1556*12_1441-1557*12_1441-1440*12_1441-1583*12_1441-1439*12_1605-1608*16_1605-1609*16_1276-1289*17_1517-1515*17_1517-1512*17_1517-1514*17_1517-1513*17_1339-1340*21_1339-1342*21_1339-1359*21_1339-1343*21_1339-1345*21_1607-1611*17_562-564*18_562-452*18_1408-863*20_1408-862*20_1408-861*20_1408-1406*20_1408-860*20_1408-1407*20_1583-1584*13_1583-1559*13_1583-1558*13_861-859*21_861-858*21_951-952*21_951-953*21_951-956*21_951-954*21_510-512*22_510-514*22_1609-1612*17_1609-839*17_1609-838*17_1690-1689*15_1690-1687*15_1690-1686*15_1365-1368*23_1365-1369*23_1631-1634*15_1631-1635*15_1298-1300*17_1298-1304*17_1298-1315*17_1298-1311*17_1298-1312*17_1298-1322*17_1304-1316*18_1304-1313*18_1304-1314*18_1312-1317*18_963-964*23_963-981*23_963-965*23_963-967*23_963-980*23_963-968*23_963-970*23_1634-1636*16_1634-1637*16_965-971*24_965-982*24_965-969*24_965-972*24_965-973*24_965-983*24_965-984*24_965-985*24_965-979*24_984-986*25_984-987*25_984-1166*25_1686-1682*16_1686-1681*16_1686-1683*16_504-503*21_504-505*21_504-422*21_504-421*21_504-519*21_504-420*21_504-518*21_1340-1346*24_519-517*22_519-516*22_519-515*22_445-448*24_445-449*24_445-450*24_445-451*24_952-989*22_1612-837*20_1612-836*20_836-834*21_836-833*21_836-832*21_836-831*21_972-974*25_972-975*25_1534-888*19_564-528*20_1345-1347*24_1345-1348*24_1380-1379*20_1380-1374*20_1380-1373*20_1380-1375*20_1380-1378*20_1380-1376*20_1683-1700*17_1683-1684*17_1683-1698*17_1683-1685*17_1683-1680*17_1683-1697*17_1683-1675*17_1683-1674*17_1683-1679*17_1683-1661*17_1683-1660*17_1635-1638*16_1635-1678*16_1674-1673*18_1674-1672*18_1674-1676*18_1548-1536*20_1316-1318*19_1316-1323*19_954-990*23_831-830*22_831-829*22_1317-1319*19_1317-1324*19_1317-1320*19_975-976*26_975-978*26_1320-1331*20_1320-1356*20_1320-1330*20_1320-1354*20_1320-1329*20_1320-1328*20_1536-1537*21_1536-1538*21_1536-1539*21_1536-1540*21_1536-999*21_1348-1349*25_1348-1350*25_1348-1351*25_1660-1659*18_1660-687*18_1660-688*18_1660-1671*18_1660-1658*18_1660-1662*18_1660-689*18_1660-1670*18_1660-1657*18_1660-1663*18_1660-1669*18_989-1133*23_989-1144*23_989-1122*23_989-1155*23_688-1667*19_688-1668*19_688-1664*19_1336-1334*23_1336-1307*23_1336-1325*23_1657-1656*20_1350-1352*26_1350-1353*26_1330-1327*21_1330-1326*21_1155-1111*24_1354-1357*22_1354-1358*22_1325-1306*24_1636-1639*17_1636-1640*17_1613-1618*15_1613-1617*15_1613-1724*15_1613-1725*15_1667-1694*20_1667-1695*20_1640-1641*18_1640-1642*18_1640-1644*18_420-419*25_420-418*25_420-417*25_1697-1696*18_1697-1701*18_1697-1702*18_1697-1703*18_1355-1188*20_1642-1645*19_1642-1646*19_1323-1305*25_829-854*23_829-855*23_1646-1650*20_1646-1651*20_1646-1652*20_1646-1649*20_1646-1653*20_1646-1648*20_1646-1655*20_1646-1647*20_1000-1177*22_1000-933*22_1000-922*22_1000-1199*22_1000-1210*22_1652-856*21_944-900*23_944-1011*23_900-889*24_900-911*24_900-1310*24_900-877*24_900-1299*24_900-1222*24_900-866*24_900-1233*24_900-1288*24_1011-1022*24_1011-1033*24_1011-1044*24_1011-779*24_1011-446*24_877-668*25_877-557*25_668-224*26_668-113*26_668-335*26_668-2*26_668-1665*26_1022-1055*26_1022-1066*26_1022-1077*26_1665-1554*27_1665-1443*27_1133-1099*27_1133-1088*27_1696-1704*19_
