"id","Scenario","Actual Range","Protocol","Buildings","Total nodes","Nodes on circ","Total coverage","Coverage on circ","Alert received mean time","Hops","Slots","Messages sent","Messages received", "Starting x", "Starting y","Starting node", "Vehicle distance", "Received node ids", "Node ids", "Transmission map", "Received on circ nodes", "Transmission vector"
0,1,500,100,0,2112,59,2112,59,-616.034,3.25424,4.13559,1820,2112,900,200,356,25,355_357_354_358_353_359_352_360_1088_1176_1087_1089_1175_1177_1086_1090_1174_1178_361_1085_1091_1173_1179_1084_1092_1172_1180_362_1083_1093_1171_1181_363_1082_1094_1170_1182_268_364_444_267_269_443_445_1081_1095_1169_1183_266_270_442_446_265_271_441_447_264_272_440_448_1080_1096_1168_1184_365_273_449_1079_1097_1167_1185_274_366_450_275_451_1078_1098_1166_1186_367_276_452_1077_1099_1165_1187_368_1264_277_453_1263_1265_1262_1266_1261_1267_1076_1100_1164_1188_1260_1268_278_454_369_1259_1269_1258_1270_279_455_1075_1101_1163_1189_1257_1271_370_280_456_1256_1272_1074_1102_1162_1190_371_1255_1273_281_457_1073_1103_1161_1191_1254_1274_180_372_532_179_181_531_533_178_182_282_458_530_534_177_183_529_535_1253_1275_176_184_528_536_1072_1104_1160_1192_185_537_1252_1276_283_373_459_186_538_187_539_1071_1105_1159_1193_1251_1277_188_284_460_540_374_189_541_1070_1106_1158_1194_1250_1278_285_461_190_542_375_1249_1279_191_543_1069_1107_1157_1195_286_462_192_376_544_1248_1280_1352_1156_1155_1154_1153_96_1152_95_97_94_98_93_99_1151_1247_92_100_1246_1245_1068_1244_91_101_1067_1243_1150_193_90_102_1066_1242_89_103_1065_1149_1241_194_88_104_1064_1240_1148_195_1063_1239_105_1147_196_1062_1238_1205_106_1061_1237_381_557_1146_1375_107_197_1206_471_639_1060_1236_108_1145_198_1119_1207_1059_1235_708_707_709_706_710_109_705_711_8_1144_704_712_1120_1208_7_9_199_6_10_1058_1234_713_5_11_1292_4_12_714_110_3_13_715_1121_1209_1335_200_1334_1336_1057_1233_1333_1337_2_14_1293_1332_1338_716_1331_1339_1_15_111_1330_1340_717_1122_1210_1294_0_16_1056_1232_201_1329_1341_718_112_1328_1342_17_1295_1327_1343_719_1123_1211_18_202_288_1326_1344_113_720_1296_19_1325_203_20_289_114_1324_21_1323_291_292_293_294_295_1436_1435_1437_1434_1438_1433_1439_556_296_1432_1431_204_1430_297_385_1429_205_1428_558_1449_1450_1427_1451_206_298_386_1452_1453_1426_559_1454_473_207_299_387_1425_1455_560_1456_208_1424_474_642_721_1297_722_1378_723_1124_1115_1371_635_1116_1117_1204_1118_300_210_1420_211_301_115_1419_116_212_388_302_117_1418_1446_213_389_118_303_1417_1447_119_214_390_120_304_1416_1520_470_469_475_1445_468_476_1444_467_477_1443_466_478_1442_465_479_561_562_563_1361_1441_1457_1537_464_480_564_1360_1362_1536_1538_1359_1363_1535_1539_1358_1534_1540_565_1357_1533_1541_384_1440_383_463_481_382_566_1356_1532_1542_380_567_1355_1531_1543_482_379_568_1354_1530_1544_378_483_1353_1529_1545_377_391_569_392_484_1528_1546_570_29_393_1351_1527_1547_485_571_30_394_1350_1526_1548_572_486_1412_31_1411_1413_395_1410_1414_1349_1525_1549_1409_1415_573_396_32_1408_487_1348_1524_1550_652_574_397_653_33_121_1625_488_1624_1626_1347_1523_1551_1623_1627_654_1622_1628_1621_1629_575_655_398_1620_1630_34_122_656_1346_1522_1552_489_1619_1631_576_1618_1632_399_657_734_35_123_1345_1521_1553_1617_1633_290_490_658_1421_400_1616_1634_577_659_36_124_735_1554_1422_1615_1635_491_660_820_287_305_401_578_1614_1636_1470_1471_37_125_1423_1519_1555_306_736_1472_661_1473_1613_1637_821_1474_1475_38_126_1476_737_822_1227_209_1477_1137_1398_1478_39_127_823_738_1479_1500_1499_1501_1498_1502_1497_1503_1399_824_1480_40_128_1496_1504_902_739_1505_903_1481_1506_904_1400_825_41_129_1507_1482_1508_1509_42_130_1510_215_43_131_1511_216_1512_472_1448_1518_1517_307_1516_308_1515_309_1514_310_1513_1364_1612_311_1611_1610_217_1609_1365_312_1608_218_1607_219_1366_1606_313_402_1605_220_555_1367_1604_314_554_221_403_553_1603_552_1368_222_315_1458_1602_1197_1111_1198_616_1112_22_1322_23_1321_24_1320_1703_1702_132_1701_1700_133_410_1699_316_134_317_411_1698_318_1697_135_412_319_320_1696_136_1592_413_1591_1593_1590_1594_321_44_1695_1589_1595_1588_1596_45_137_322_414_1587_1597_1694_1403_46_323_1492_1586_138_415_1693_591_47_1585_1404_324_1493_1794_1793_1795_139_416_1692_1792_1796_898_48_1584_1791_1797_592_1808_1807_1809_325_1810_1405_1790_1798_1811_1812_1737_1789_1799_1310_1494_49_1813_897_1691_504_1788_1800_417_140_326_1814_593_1311_1738_1406_1578_1787_1801_28_50_896_1312_1495_762_1786_1739_327_505_1579_418_141_1785_1313_1407_27_51_997_996_998_895_995_999_1740_763_842_994_1000_1580_328_1784_1314_506_993_1001_419_142_843_992_1002_26_52_1783_1741_804_894_924_1315_1581_764_844_991_1003_329_507_1782_990_1004_845_143_1742_1316_25_53_1582_893_925_989_1005_765_803_846_988_1006_1317_1743_54_144_1680_1583_1679_1681_847_1678_1682_892_926_1677_1683_987_1007_766_802_1676_1684_1318_680_848_1744_1816_1675_1685_986_1008_1660_55_145_1674_1686_1661_891_927_1319_1662_1673_1687_801_985_1009_56_1672_146_57_233_147_1196_1199_625_624_626_1200_623_627_622_628_621_1201_620_1108_619_1202_1109_618_1110_1203_617_1113_1114_223_224_1600_1599_1601_1598_225_226_227_228_229_230_492_231_405_493_232_1688_1689_1690_406_494_407_495_234_1708_1707_1709_1706_1710_579_1705_1711_408_496_1704_1712_1713_235_580_1459_1714_409_497_1715_581_236_1460_1716_1717_498_582_1461_1718_583_499_1719_1638_584_1720_1281_1282_629_1283_1284_545_630_1285_1286_631_546_1287_632_1288_547_1289_633_1290_548_634_1291_549_356_550_636_637_551_638_1369_1370_1372_1373_1374_1483_1484_826_1485_827_1486_828_1487_819_829_912_1488_911_913_818_830_910_914_909_915_1489_908_916_817_831_907_917_1394_1490_1570_1393_1395_1569_1571_816_832_1392_1396_1568_1572_906_918_1391_1397_1567_1573_1390_1566_1574_1491_815_833_905_919_1389_1565_1575_920_1388_1564_1576_814_834_733_1387_1401_1577_732_921_731_813_835_1386_1402_730_922_1385_812_836_729_901_923_728_1384_811_837_900_727_1383_726_810_838_899_1382_725_809_839_1381_724_1306_1658_1305_1307_1657_1659_808_840_1304_1308_1380_1656_1303_1309_1655_1302_1654_1301_1663_1379_928_1300_1664_807_841_1010_1299_1665_1011_1298_1666_929_806_645_1667_644_1012_643_1377_1668_930_805_1013_641_1669_640_1376_1014_931_1670_1722_1723_1724_1815_681_682_420_421_422_423_1745_1746_424_1880_1879_1881_1878_1882_849_1653_1747_1877_1883_425_1652_1748_1876_1884_850_1875_1885_1651_1749_426_508_1874_1886_851_333_509_1650_1750_334_510_427_1873_1887_335_511_852_932_933_1649_1751_934_336_428_512_1872_1888_753_935_936_1752_853_337_513_1871_1889_937_429_338_514_1753_854_938_1870_1890_430_339_515_939_1754_855_1869_1891_340_516_940_431_1755_1892_856_1832_941_1831_1833_341_517_1830_1834_1829_1835_432_1968_1967_1969_1966_1970_1756_1828_1836_1893_1965_1971_942_342_518_857_1563_1827_1837_1964_1972_1963_1973_1826_1838_433_767_943_1757_1894_1962_1974_343_519_1825_1839_858_1961_1975_768_944_1824_1840_434_1758_344_520_596_1960_1976_1895_597_598_859_1823_1841_1959_1977_599_769_945_345_435_521_1671_1759_600_1896_1822_1842_1958_1978_601_860_1020_1019_1021_770_946_1018_1022_1017_1023_1843_1957_1979_346_522_602_436_1016_1024_1897_1015_1025_251_603_1956_1980_1844_771_861_947_1026_347_523_252_604_1898_1027_437_1955_1981_1845_772_948_1028_253_605_862_348_524_1954_1982_1029_1899_1846_254_438_606_773_949_1030_863_1847_1031_774_950_864_1032_1920_163_164_76_800_1216_1217_799_1218_1219_1220_1221_1222_890_1223_889_888_1224_887_1129_1462_662_1639_663_664_1640_665_1641_666_1642_667_1643_668_1644_1721_669_1645_585_670_1725_1726_671_586_1727_404_672_1728_587_1729_673_1730_500_501_588_502_589_503_590_1802_1803_1804_1805_1806_674_675_676_594_1731_677_646_1130_647_1131_1463_648_1464_1465_1466_649_1467_1468_650_1469_884_883_651_1556_1557_1558_1559_747_746_748_745_744_1560_743_157_156_1854_1853_1852_1851_2003_2004_2083_2084_2085_1051_2086_788_789_2087_790_791_2088_58_59_1764_60_1763_61_1125_1126_1127_795_794_796_793_797_792_1128_984_983_982_981_980_979_1225_1226_978_1228_1229_1230_977_1231_886_976_885_975_752_1648_751_750_1778_238_1777_239_240_1776_241_1775_242_243_1774_244_1773_245_1772_246_1916_782_1998_699_1917_783_1999_798_439_2056_2055_2057_2054_2058_2053_2059_2052_2060_2051_2061_2050_2062_349_525_2049_2063_350_526_351_527_2048_2064_2047_2065_2046_2066_2045_2067_2044_2068_2043_2069_2042_2070_1953_2041_2071_260_612_259_261_613_258_262_614_257_263_615_256_1952_2040_2072_255_1951_2039_2073_1950_2038_2074_250_1865_249_1949_2037_2075_248_1864_148_149_150_151_1033_1034_1035_1036_1037_951_1038_1929_952_1928_1930_1927_1931_1926_1932_1925_1933_1039_1924_1934_760_1736_759_761_953_1923_1935_758_757_756_1040_1922_1921_1735_954_1041_1734_955_1042_1733_1212_1213_1214_1215_2082_2081_2080_703_702_2079_701_700_2078_2077_2089_698_2076_2090_787_697_786_1995_2091_1994_1996_1993_1997_696_1992_785_1991_2092_784_1990_2000_695_1989_2001_2093_694_1988_2002_2094_1987_693_2095_1986_611_781_692_610_1985_2005_780_2096_609_879_878_691_877_608_876_1984_2006_779_875_2097_607_690_874_1983_2007_873_778_2098_872_2008_689_777_871_1907_2099_1906_1908_1905_1909_2009_688_1904_1910_870_1903_1911_776_1902_1912_2010_2100_869_1901_1913_687_1900_1914_868_775_1915_2011_2101_686_867_2012_2102_866_685_2013_2103_740_741_742_1562_1561_749_1646_595_330_678_679_331_332_1781_1817_237_974_973_972_971_970_969_1043_1732_1818_1819_1820_683_1821_684_1780_1779_1866_247_1863_1862_1861_1860_1859_1858_155_1857_158_159_160_1856_161_1855_162_1948_165_1947_755_754_1647_62_63_64_1760_1761_1762_65_66_67_68_882_1132_1133_1134_881_1135_880_1136_1138_1139_1140_1141_1142_1143_968_1044_1045_1046_1047_956_1048_2023_2022_957_2021_2020_1049_958_2019_2018_959_1050_2017_960_2016_2015_961_2014_1052_962_1053_963_865_964_1054_1919_965_1055_1918_966_2111_2110_2109_2108_2107_967_2106_154_153_152_1768_1767_1769_1766_1770_1850_1765_1771_1849_70_69_71_72_1848_73_74_75_77_1940_1939_78_1938_79_1937_80_1936_81_82_83_84_85_86_2028_2027_87_2026_2025_2024_2104_2036_2035_2034_2033_2032_175_174_173_172_2031_1946_171_170_1945_2030_169_168_1944_2029_167_1943_166_1942_1941_1867_1868_2105_,0_1_2_3_4_5_6_7_8_9_10_11_12_13_14_15_16_17_18_19_20_21_22_23_24_25_26_27_28_29_30_31_32_33_34_35_36_37_38_39_40_41_42_43_44_45_46_47_48_49_50_51_52_53_54_55_56_57_58_59_60_61_62_63_64_65_66_67_68_69_70_71_72_73_74_75_76_77_78_79_80_81_82_83_84_85_86_87_88_89_90_91_92_93_94_95_96_97_98_99_100_101_102_103_104_105_106_107_108_109_110_111_112_113_114_115_116_117_118_119_120_121_122_123_124_125_126_127_128_129_130_131_132_133_134_135_136_137_138_139_140_141_142_143_144_145_146_147_148_149_150_151_152_153_154_155_156_157_158_159_160_161_162_163_164_165_166_167_168_169_170_171_172_173_174_175_176_177_178_179_180_181_182_183_184_185_186_187_188_189_190_191_192_193_194_195_196_197_198_199_200_201_202_203_204_205_206_207_208_209_210_211_212_213_214_215_216_217_218_219_220_221_222_223_224_225_226_227_228_229_230_231_232_233_234_235_236_237_238_239_240_241_242_243_244_245_246_247_248_249_250_251_252_253_254_255_256_257_258_259_260_261_262_263_264_265_266_267_268_269_270_271_272_273_274_275_276_277_278_279_280_281_282_283_284_285_286_287_288_289_290_291_292_293_294_295_296_297_298_299_300_301_302_303_304_305_306_307_308_309_310_311_312_313_314_315_316_317_318_319_320_321_322_323_324_325_326_327_328_329_330_331_332_333_334_335_336_337_338_339_340_341_342_343_344_345_346_347_348_349_350_351_352_353_354_355_356_357_358_359_360_361_362_363_364_365_366_367_368_369_370_371_372_373_374_375_376_377_378_379_380_381_382_383_384_385_386_387_388_389_390_391_392_393_394_395_396_397_398_399_400_401_402_403_404_405_406_407_408_409_410_411_412_413_414_415_416_417_418_419_420_421_422_423_424_425_426_427_428_429_430_431_432_433_434_435_436_437_438_439_440_441_442_443_444_445_446_447_448_449_450_451_452_453_454_455_456_457_458_459_460_461_462_463_464_465_466_467_468_469_470_471_472_473_474_475_476_477_478_479_480_481_482_483_484_485_486_487_488_489_490_491_492_493_494_495_496_497_498_499_500_501_502_503_504_505_506_507_508_509_510_511_512_513_514_515_516_517_518_519_520_521_522_523_524_525_526_527_528_529_530_531_532_533_534_535_536_537_538_539_540_541_542_543_544_545_546_547_548_549_550_551_552_553_554_555_556_557_558_559_560_561_562_563_564_565_566_567_568_569_570_571_572_573_574_575_576_577_578_579_580_581_582_583_584_585_586_587_588_589_590_591_592_593_594_595_596_597_598_599_600_601_602_603_604_605_606_607_608_609_610_611_612_613_614_615_616_617_618_619_620_621_622_623_624_625_626_627_628_629_630_631_632_633_634_635_636_637_638_639_640_641_642_643_644_645_646_647_648_649_650_651_652_653_654_655_656_657_658_659_660_661_662_663_664_665_666_667_668_669_670_671_672_673_674_675_676_677_678_679_680_681_682_683_684_685_686_687_688_689_690_691_692_693_694_695_696_697_698_699_700_701_702_703_704_705_706_707_708_709_710_711_712_713_714_715_716_717_718_719_720_721_722_723_724_725_726_727_728_729_730_731_732_733_734_735_736_737_738_739_740_741_742_743_744_745_746_747_748_749_750_751_752_753_754_755_756_757_758_759_760_761_762_763_764_765_766_767_768_769_770_771_772_773_774_775_776_777_778_779_780_781_782_783_784_785_786_787_788_789_790_791_792_793_794_795_796_797_798_799_800_801_802_803_804_805_806_807_808_809_810_811_812_813_814_815_816_817_818_819_820_821_822_823_824_825_826_827_828_829_830_831_832_833_834_835_836_837_838_839_840_841_842_843_844_845_846_847_848_849_850_851_852_853_854_855_856_857_858_859_860_861_862_863_864_865_866_867_868_869_870_871_872_873_874_875_876_877_878_879_880_881_882_883_884_885_886_887_888_889_890_891_892_893_894_895_896_897_898_899_900_901_902_903_904_905_906_907_908_909_910_911_912_913_914_915_916_917_918_919_920_921_922_923_924_925_926_927_928_929_930_931_932_933_934_935_936_937_938_939_940_941_942_943_944_945_946_947_948_949_950_951_952_953_954_955_956_957_958_959_960_961_962_963_964_965_966_967_968_969_970_971_972_973_974_975_976_977_978_979_980_981_982_983_984_985_986_987_988_989_990_991_992_993_994_995_996_997_998_999_1000_1001_1002_1003_1004_1005_1006_1007_1008_1009_1010_1011_1012_1013_1014_1015_1016_1017_1018_1019_1020_1021_1022_1023_1024_1025_1026_1027_1028_1029_1030_1031_1032_1033_1034_1035_1036_1037_1038_1039_1040_1041_1042_1043_1044_1045_1046_1047_1048_1049_1050_1051_1052_1053_1054_1055_1056_1057_1058_1059_1060_1061_1062_1063_1064_1065_1066_1067_1068_1069_1070_1071_1072_1073_1074_1075_1076_1077_1078_1079_1080_1081_1082_1083_1084_1085_1086_1087_1088_1089_1090_1091_1092_1093_1094_1095_1096_1097_1098_1099_1100_1101_1102_1103_1104_1105_1106_1107_1108_1109_1110_1111_1112_1113_1114_1115_1116_1117_1118_1119_1120_1121_1122_1123_1124_1125_1126_1127_1128_1129_1130_1131_1132_1133_1134_1135_1136_1137_1138_1139_1140_1141_1142_1143_1144_1145_1146_1147_1148_1149_1150_1151_1152_1153_1154_1155_1156_1157_1158_1159_1160_1161_1162_1163_1164_1165_1166_1167_1168_1169_1170_1171_1172_1173_1174_1175_1176_1177_1178_1179_1180_1181_1182_1183_1184_1185_1186_1187_1188_1189_1190_1191_1192_1193_1194_1195_1196_1197_1198_1199_1200_1201_1202_1203_1204_1205_1206_1207_1208_1209_1210_1211_1212_1213_1214_1215_1216_1217_1218_1219_1220_1221_1222_1223_1224_1225_1226_1227_1228_1229_1230_1231_1232_1233_1234_1235_1236_1237_1238_1239_1240_1241_1242_1243_1244_1245_1246_1247_1248_1249_1250_1251_1252_1253_1254_1255_1256_1257_1258_1259_1260_1261_1262_1263_1264_1265_1266_1267_1268_1269_1270_1271_1272_1273_1274_1275_1276_1277_1278_1279_1280_1281_1282_1283_1284_1285_1286_1287_1288_1289_1290_1291_1292_1293_1294_1295_1296_1297_1298_1299_1300_1301_1302_1303_1304_1305_1306_1307_1308_1309_1310_1311_1312_1313_1314_1315_1316_1317_1318_1319_1320_1321_1322_1323_1324_1325_1326_1327_1328_1329_1330_1331_1332_1333_1334_1335_1336_1337_1338_1339_1340_1341_1342_1343_1344_1345_1346_1347_1348_1349_1350_1351_1352_1353_1354_1355_1356_1357_1358_1359_1360_1361_1362_1363_1364_1365_1366_1367_1368_1369_1370_1371_1372_1373_1374_1375_1376_1377_1378_1379_1380_1381_1382_1383_1384_1385_1386_1387_1388_1389_1390_1391_1392_1393_1394_1395_1396_1397_1398_1399_1400_1401_1402_1403_1404_1405_1406_1407_1408_1409_1410_1411_1412_1413_1414_1415_1416_1417_1418_1419_1420_1421_1422_1423_1424_1425_1426_1427_1428_1429_1430_1431_1432_1433_1434_1435_1436_1437_1438_1439_1440_1441_1442_1443_1444_1445_1446_1447_1448_1449_1450_1451_1452_1453_1454_1455_1456_1457_1458_1459_1460_1461_1462_1463_1464_1465_1466_1467_1468_1469_1470_1471_1472_1473_1474_1475_1476_1477_1478_1479_1480_1481_1482_1483_1484_1485_1486_1487_1488_1489_1490_1491_1492_1493_1494_1495_1496_1497_1498_1499_1500_1501_1502_1503_1504_1505_1506_1507_1508_1509_1510_1511_1512_1513_1514_1515_1516_1517_1518_1519_1520_1521_1522_1523_1524_1525_1526_1527_1528_1529_1530_1531_1532_1533_1534_1535_1536_1537_1538_1539_1540_1541_1542_1543_1544_1545_1546_1547_1548_1549_1550_1551_1552_1553_1554_1555_1556_1557_1558_1559_1560_1561_1562_1563_1564_1565_1566_1567_1568_1569_1570_1571_1572_1573_1574_1575_1576_1577_1578_1579_1580_1581_1582_1583_1584_1585_1586_1587_1588_1589_1590_1591_1592_1593_1594_1595_1596_1597_1598_1599_1600_1601_1602_1603_1604_1605_1606_1607_1608_1609_1610_1611_1612_1613_1614_1615_1616_1617_1618_1619_1620_1621_1622_1623_1624_1625_1626_1627_1628_1629_1630_1631_1632_1633_1634_1635_1636_1637_1638_1639_1640_1641_1642_1643_1644_1645_1646_1647_1648_1649_1650_1651_1652_1653_1654_1655_1656_1657_1658_1659_1660_1661_1662_1663_1664_1665_1666_1667_1668_1669_1670_1671_1672_1673_1674_1675_1676_1677_1678_1679_1680_1681_1682_1683_1684_1685_1686_1687_1688_1689_1690_1691_1692_1693_1694_1695_1696_1697_1698_1699_1700_1701_1702_1703_1704_1705_1706_1707_1708_1709_1710_1711_1712_1713_1714_1715_1716_1717_1718_1719_1720_1721_1722_1723_1724_1725_1726_1727_1728_1729_1730_1731_1732_1733_1734_1735_1736_1737_1738_1739_1740_1741_1742_1743_1744_1745_1746_1747_1748_1749_1750_1751_1752_1753_1754_1755_1756_1757_1758_1759_1760_1761_1762_1763_1764_1765_1766_1767_1768_1769_1770_1771_1772_1773_1774_1775_1776_1777_1778_1779_1780_1781_1782_1783_1784_1785_1786_1787_1788_1789_1790_1791_1792_1793_1794_1795_1796_1797_1798_1799_1800_1801_1802_1803_1804_1805_1806_1807_1808_1809_1810_1811_1812_1813_1814_1815_1816_1817_1818_1819_1820_1821_1822_1823_1824_1825_1826_1827_1828_1829_1830_1831_1832_1833_1834_1835_1836_1837_1838_1839_1840_1841_1842_1843_1844_1845_1846_1847_1848_1849_1850_1851_1852_1853_1854_1855_1856_1857_1858_1859_1860_1861_1862_1863_1864_1865_1866_1867_1868_1869_1870_1871_1872_1873_1874_1875_1876_1877_1878_1879_1880_1881_1882_1883_1884_1885_1886_1887_1888_1889_1890_1891_1892_1893_1894_1895_1896_1897_1898_1899_1900_1901_1902_1903_1904_1905_1906_1907_1908_1909_1910_1911_1912_1913_1914_1915_1916_1917_1918_1919_1920_1921_1922_1923_1924_1925_1926_1927_1928_1929_1930_1931_1932_1933_1934_1935_1936_1937_1938_1939_1940_1941_1942_1943_1944_1945_1946_1947_1948_1949_1950_1951_1952_1953_1954_1955_1956_1957_1958_1959_1960_1961_1962_1963_1964_1965_1966_1967_1968_1969_1970_1971_1972_1973_1974_1975_1976_1977_1978_1979_1980_1981_1982_1983_1984_1985_1986_1987_1988_1989_1990_1991_1992_1993_1994_1995_1996_1997_1998_1999_2000_2001_2002_2003_2004_2005_2006_2007_2008_2009_2010_2011_2012_2013_2014_2015_2016_2017_2018_2019_2020_2021_2022_2023_2024_2025_2026_2027_2028_2029_2030_2031_2032_2033_2034_2035_2036_2037_2038_2039_2040_2041_2042_2043_2044_2045_2046_2047_2048_2049_2050_2051_2052_2053_2054_2055_2056_2057_2058_2059_2060_2061_2062_2063_2064_2065_2066_2067_2068_2069_2070_2071_2072_2073_2074_2075_2076_2077_2078_2079_2080_2081_2082_2083_2084_2085_2086_2087_2088_2089_2090_2091_2092_2093_2094_2095_2096_2097_2098_2099_2100_2101_2102_2103_2104_2105_2106_2107_2108_2109_2110_2111_,48:{62;63;64;1760;1761;1762;65;66;67;68;}56:{76;}127:{132;133;134;135;136;1592;1591;1593;1590;1594;44;1589;1595;1588;1596;45;137;1587;1597;46;1586;138;47;1585;139;48;1584;49;140;28;50;141;27;51;142;26;52;143;25;53;54;144;1680;1679;1681;1678;1682;1677;1683;1676;1684;1675;1685;55;145;1674;1686;1673;1687;56;1672;146;57;233;147;}131:{148;149;150;151;}158:{154;153;152;1768;1767;1769;1766;1770;1850;1765;1771;1849;70;69;71;72;1848;73;74;75;77;1940;1939;78;1938;79;1937;80;1936;81;82;83;84;85;86;2028;2027;87;2026;2025;2024;}216:{223;224;1600;1599;1601;1598;225;226;227;228;229;230;231;232;1688;1689;1690;234;235;236;}218:{237;}225:{58;59;1764;60;1763;61;}238:{1867;1868;}284:{300;210;1420;211;301;115;1419;116;212;388;302;117;1418;1446;213;389;118;303;1417;1447;119;214;390;120;304;1416;1520;}356:{355;357;354;358;353;359;352;360;1088;1176;1087;1089;1175;1177;1086;1090;1174;1178;361;1085;1091;1173;1179;1084;1092;1172;1180;362;1083;1093;1171;1181;363;1082;1094;1170;1182;268;364;444;267;269;443;445;1081;1095;1169;1183;266;270;442;446;265;271;441;447;264;272;440;448;1080;1096;1168;1184;365;273;449;1079;1097;1167;1185;274;366;450;275;451;1078;1098;1166;1186;367;276;452;1077;1099;1165;1187;368;1264;277;453;1263;1265;1262;1266;1261;1267;1076;1100;1164;1188;1260;1268;278;454;369;1259;1269;1258;1270;279;455;1075;1101;1163;1189;1257;1271;370;280;456;1256;1272;1074;1102;1162;1190;371;1255;1273;281;457;1073;1103;1161;1191;1254;1274;180;372;532;179;181;531;533;178;182;282;458;530;534;177;183;529;535;1253;1275;176;184;528;536;1072;1104;1160;1192;185;537;1252;1276;283;373;459;186;538;187;539;1071;1105;1159;1193;1251;1277;188;284;460;540;374;189;541;1070;1106;1158;1194;1250;1278;285;461;190;542;375;1249;1279;191;543;1069;1107;1157;1195;286;462;192;376;544;1248;1280;1352;}418:{420;421;422;423;424;1880;1879;1881;1878;1882;1877;1883;425;1876;1884;1875;1885;426;508;1874;1886;333;509;334;510;427;1873;1887;335;511;336;428;512;1872;1888;337;513;1871;1889;429;338;514;1870;1890;430;339;515;1869;1891;340;516;431;1892;341;517;432;1968;1967;1969;1966;1970;1893;1965;1971;342;518;1964;1972;1963;1973;433;1894;1962;1974;343;519;1961;1975;434;344;520;596;1960;1976;1895;597;598;1959;1977;599;345;435;521;600;1896;1958;1978;601;1957;1979;346;522;602;436;1897;251;603;1956;1980;347;523;252;604;1898;437;1955;1981;253;605;348;524;1954;1982;1899;254;438;606;}436:{439;2056;2055;2057;2054;2058;2053;2059;2052;2060;2051;2061;2050;2062;349;525;2049;2063;350;526;351;527;2048;2064;2047;2065;2046;2066;2045;2067;2044;2068;2043;2069;2042;2070;1953;2041;2071;260;612;259;261;613;258;262;614;257;263;615;256;1952;2040;2072;255;1951;2039;2073;1950;2038;2074;250;1865;249;1949;2037;2075;248;1864;}447:{635;}451:{381;557;1375;471;639;}454:{556;558;1449;1450;1451;1452;1453;559;1454;473;1455;560;1456;474;642;}528:{1124;}532:{1205;1206;1119;1207;708;707;709;706;710;705;711;704;712;1120;1208;713;1292;714;715;1121;1209;1293;716;717;1122;1210;1294;718;1295;719;1123;1211;720;1296;}533:{1281;1282;629;1283;1284;545;630;1285;1286;631;546;1287;632;1288;547;1289;633;1290;548;634;1291;549;356;550;636;637;551;638;1369;1370;1372;1373;1374;}535:{721;1297;722;1378;723;}537:{1196;1199;625;624;626;1200;623;627;622;628;621;1201;620;1108;619;1202;1109;618;1110;1203;617;1113;1114;}571:{651;1556;1557;1558;1559;747;746;748;745;744;1560;743;}573:{591;592;1808;1807;1809;1810;1811;1812;1813;1814;593;}619:{1125;1126;1127;795;794;796;793;797;792;1128;}621:{1130;1131;}660:{1737;1738;762;1739;1740;763;842;843;1741;764;844;845;1742;765;846;1743;847;766;680;848;1744;1816;}672:{755;754;1647;}713:{1227;1137;}723:{800;1216;1217;799;1218;1219;1220;1221;1222;890;1223;889;888;1224;887;}821:{1403;1492;1404;1493;898;1405;1310;1494;897;1311;1406;1578;896;1312;1495;1579;1313;1407;997;996;998;895;995;999;994;1000;1580;1314;993;1001;992;1002;804;894;924;1315;1581;991;1003;990;1004;1316;1582;893;925;989;1005;803;988;1006;1317;1583;892;926;987;1007;802;1318;986;1008;1660;1661;891;927;1319;1662;801;985;1009;}843:{752;1648;751;750;}844:{1745;1746;849;1653;1747;1652;1748;850;1651;1749;851;1650;1750;852;932;933;1649;1751;934;753;935;936;1752;853;937;1753;854;938;939;1754;855;940;1755;856;1832;941;1831;1833;1830;1834;1829;1835;1756;1828;1836;942;857;1563;1827;1837;1826;1838;767;943;1757;1825;1839;858;768;944;1824;1840;1758;859;1823;1841;769;945;1671;1759;1822;1842;860;1020;1019;1021;770;946;1018;1022;1017;1023;1843;1016;1024;1015;1025;1844;771;861;947;1026;1027;1845;772;948;1028;862;1029;1846;773;949;1030;863;1847;1031;774;950;864;1032;1920;}903:{884;883;}989:{974;973;972;971;970;969;}1037:{1044;1045;1046;1047;956;1048;2023;2022;957;2021;2020;1049;958;2019;2018;959;1050;2017;960;2016;2015;961;2014;1052;962;1053;963;865;964;1054;1919;965;1055;1918;966;2111;2110;2109;2108;2107;967;2106;}1092:{1197;1111;1198;616;1112;}1099:{1115;1116;1117;1204;1118;}1109:{1129;}1155:{22;1322;23;1321;24;1320;}1159:{1156;1155;1154;1153;96;1152;95;97;94;98;93;99;1151;1247;92;100;1246;1245;1068;1244;91;101;1067;1243;1150;193;90;102;1066;1242;89;103;1065;1149;1241;194;88;104;1064;1240;1148;195;1063;1239;105;1147;196;1062;1238;106;1061;1237;1146;107;197;1060;1236;108;1145;198;1059;1235;109;8;1144;7;9;199;6;10;1058;1234;5;11;4;12;110;3;13;1335;200;1334;1336;1057;1233;1333;1337;2;14;1332;1338;1331;1339;1;15;111;1330;1340;0;16;1056;1232;201;1329;1341;112;1328;1342;17;1327;1343;18;202;288;1326;1344;113;19;1325;203;20;289;114;1324;21;1323;}1183:{1371;}1195:{1212;1213;1214;1215;}1198:{798;}1219:{882;1132;1133;1134;881;1135;880;1136;1138;1139;1140;1141;1142;1143;968;}1260:{291;292;293;294;295;1436;1435;1437;1434;1438;1433;1439;296;1432;1431;204;1430;297;385;1429;205;1428;1427;206;298;386;1426;207;299;387;1425;208;1424;}1282:{646;647;1463;648;1464;1465;1466;649;1467;1468;650;1469;}1294:{734;735;820;1470;1471;736;1472;1473;821;1474;1475;1476;737;822;1477;1398;1478;823;738;1479;1399;824;1480;902;739;903;1481;904;1400;825;1482;}1324:{29;30;1412;31;1411;1413;1410;1414;1409;1415;32;1408;33;121;34;122;35;123;1421;36;124;1422;37;125;1423;38;126;209;39;127;1500;1499;1501;1498;1502;1497;1503;40;128;1496;1504;1505;1506;41;129;1507;1508;1509;42;130;1510;215;43;131;1511;216;1512;}1399:{984;983;982;981;980;979;1225;1226;978;1228;1229;1230;977;1231;886;976;885;975;}1438:{472;1448;1518;1517;307;1516;308;1515;309;1514;310;1513;1364;1612;311;1611;1610;217;1609;1365;312;1608;218;1607;219;1366;1606;313;402;1605;220;555;1367;1604;314;554;221;403;553;1603;552;1368;222;315;1458;1602;}1449:{470;469;475;1445;468;476;1444;467;477;1443;466;478;1442;465;479;561;562;563;1361;1441;1457;1537;464;480;564;1360;1362;1536;1538;1359;1363;1535;1539;1358;1534;1540;565;1357;1533;1541;384;1440;383;463;481;382;566;1356;1532;1542;380;567;1355;1531;1543;482;379;568;1354;1530;1544;378;483;1353;1529;1545;377;391;569;392;484;1528;1546;570;393;1351;1527;1547;485;571;394;1350;1526;1548;572;486;395;1349;1525;1549;573;396;487;1348;1524;1550;652;574;397;653;1625;488;1624;1626;1347;1523;1551;1623;1627;654;1622;1628;1621;1629;575;655;398;1620;1630;656;1346;1522;1552;489;1619;1631;576;1618;1632;399;657;1345;1521;1553;1617;1633;290;490;658;400;1616;1634;577;659;1554;1615;1635;491;660;287;305;401;578;1614;1636;1519;1555;306;661;1613;1637;}1478:{740;741;742;1562;1561;749;1646;}1482:{1483;1484;826;1485;827;1486;828;1487;819;829;912;1488;911;913;818;830;910;914;909;915;1489;908;916;817;831;907;917;1394;1490;1570;1393;1395;1569;1571;816;832;1392;1396;1568;1572;906;918;1391;1397;1567;1573;1390;1566;1574;1491;815;833;905;919;1389;1565;1575;920;1388;1564;1576;814;834;733;1387;1401;1577;732;921;731;813;835;1386;1402;730;922;1385;812;836;729;901;923;728;1384;811;837;900;727;1383;726;810;838;899;1382;725;809;839;1381;724;1306;1658;1305;1307;1657;1659;808;840;1304;1308;1380;1656;1303;1309;1655;1302;1654;1301;1663;1379;928;1300;1664;807;841;1010;1299;1665;1011;1298;1666;929;806;645;1667;644;1012;643;1377;1668;930;805;1013;641;1669;640;1376;1014;931;1670;}1532:{492;405;493;406;494;407;495;1708;1707;1709;1706;1710;579;1705;1711;408;496;1704;1712;1713;580;1459;1714;409;497;1715;581;1460;1716;1717;498;582;1461;1718;583;499;1719;1638;584;1720;}1542:{1462;662;1639;663;664;1640;665;1641;666;1642;667;1643;668;1644;1721;669;1645;585;670;1725;1726;671;586;1727;404;672;1728;587;1729;673;1730;}1618:{1703;1702;1701;1700;410;1699;316;317;411;1698;318;1697;412;319;320;1696;413;321;1695;322;414;1694;323;415;1693;324;1794;1793;1795;416;1692;1792;1796;1791;1797;325;1790;1798;1789;1799;1691;504;1788;1800;417;326;1787;1801;1786;327;505;418;1785;328;1784;506;419;1783;329;507;1782;}1625:{500;501;588;502;589;503;590;1802;1803;1804;1805;1806;674;675;676;594;1731;677;}1633:{1722;1723;1724;1815;681;682;}1680:{163;164;}1702:{1778;238;1777;239;240;1776;241;1775;242;243;1774;244;1773;245;1772;246;}1711:{595;330;678;679;331;332;1781;1817;}1724:{1732;1818;1819;1820;683;1821;684;}1753:{1033;1034;1035;1036;1037;951;1038;1929;952;1928;1930;1927;1931;1926;1932;1925;1933;1039;1924;1934;760;1736;759;761;953;1923;1935;758;757;756;1040;1922;1921;1735;954;1041;1734;955;1042;1733;}1757:{1043;}1783:{1780;1779;1866;247;1863;1862;1861;1860;1859;1858;155;1857;158;159;160;1856;161;1855;162;1948;165;1947;}1811:{1916;782;1998;699;1917;783;1999;}1822:{2003;2004;}1843:{1051;}1871:{157;156;1854;1853;1852;1851;}1982:{2083;2084;2085;2086;788;789;2087;790;791;2088;}2022:{2105;}2043:{2036;2035;2034;2033;2032;175;174;173;172;2031;1946;171;170;1945;2030;169;168;1944;2029;167;1943;166;1942;1941;}2083:{2082;2081;2080;703;702;2079;701;700;2078;2077;2089;698;2076;2090;787;697;786;1995;2091;1994;1996;1993;1997;696;1992;785;1991;2092;784;1990;2000;695;1989;2001;2093;694;1988;2002;2094;1987;693;2095;1986;611;781;692;610;1985;2005;780;2096;609;879;878;691;877;608;876;1984;2006;779;875;2097;607;690;874;1983;2007;873;778;2098;872;2008;689;777;871;1907;2099;1906;1908;1905;1909;2009;688;1904;1910;870;1903;1911;776;1902;1912;2010;2100;869;1901;1913;687;1900;1914;868;775;1915;2011;2101;686;867;2012;2102;866;685;2013;2103;}2084:{2104;},27_28_29_123_124_125_216_217_307_308_395_396_397_483_484_568_569_651_652_653_731_732_733_792_793_794_795_796_797_798_799_800_801_802_803_804_805_1127_1128_1215_1216_1302_1303_1386_1387_1411_1412_1468_1469_1509_1510_1511_1512_1513_1543_1544_1545_1546_1547_,356-355*0_356-357*0_356-354*0_356-358*0_356-353*0_356-359*0_356-352*0_356-360*0_356-1088*0_356-1176*0_356-1087*0_356-1089*0_356-1175*0_356-1177*0_356-1086*0_356-1090*0_356-1174*0_356-1178*0_356-361*0_356-1085*0_356-1091*0_356-1173*0_356-1179*0_356-1084*0_356-1092*0_356-1172*0_356-1180*0_356-362*0_356-1083*0_356-1093*0_356-1171*0_356-1181*0_356-363*0_356-1082*0_356-1094*0_356-1170*0_356-1182*0_356-268*0_356-364*0_356-444*0_356-267*0_356-269*0_356-443*0_356-445*0_356-1081*0_356-1095*0_356-1169*0_356-1183*0_356-266*0_356-270*0_356-442*0_356-446*0_356-265*0_356-271*0_356-441*0_356-447*0_356-264*0_356-272*0_356-440*0_356-448*0_356-1080*0_356-1096*0_356-1168*0_356-1184*0_356-365*0_356-273*0_356-449*0_356-1079*0_356-1097*0_356-1167*0_356-1185*0_356-274*0_356-366*0_356-450*0_356-275*0_356-451*0_356-1078*0_356-1098*0_356-1166*0_356-1186*0_356-367*0_356-276*0_356-452*0_356-1077*0_356-1099*0_356-1165*0_356-1187*0_356-368*0_356-1264*0_356-277*0_356-453*0_356-1263*0_356-1265*0_356-1262*0_356-1266*0_356-1261*0_356-1267*0_356-1076*0_356-1100*0_356-1164*0_356-1188*0_356-1260*0_356-1268*0_356-278*0_356-454*0_356-369*0_356-1259*0_356-1269*0_356-1258*0_356-1270*0_356-279*0_356-455*0_356-1075*0_356-1101*0_356-1163*0_356-1189*0_356-1257*0_356-1271*0_356-370*0_356-280*0_356-456*0_356-1256*0_356-1272*0_356-1074*0_356-1102*0_356-1162*0_356-1190*0_356-371*0_356-1255*0_356-1273*0_356-281*0_356-457*0_356-1073*0_356-1103*0_356-1161*0_356-1191*0_356-1254*0_356-1274*0_356-180*0_356-372*0_356-532*0_356-179*0_356-181*0_356-531*0_356-533*0_356-178*0_356-182*0_356-282*0_356-458*0_356-530*0_356-534*0_356-177*0_356-183*0_356-529*0_356-535*0_356-1253*0_356-1275*0_356-176*0_356-184*0_356-528*0_356-536*0_356-1072*0_356-1104*0_356-1160*0_356-1192*0_356-185*0_356-537*0_356-1252*0_356-1276*0_356-283*0_356-373*0_356-459*0_356-186*0_356-538*0_356-187*0_356-539*0_356-1071*0_356-1105*0_356-1159*0_356-1193*0_356-1251*0_356-1277*0_356-188*0_356-284*0_356-460*0_356-540*0_356-374*0_356-189*0_356-541*0_356-1070*0_356-1106*0_356-1158*0_356-1194*0_356-1250*0_356-1278*0_356-285*0_356-461*0_356-190*0_356-542*0_356-375*0_356-1249*0_356-1279*0_356-191*0_356-543*0_356-1069*0_356-1107*0_356-1157*0_356-1195*0_356-286*0_356-462*0_356-192*0_356-376*0_356-544*0_356-1248*0_356-1280*0_356-1352*0_1159-1156*1_1159-1155*1_1159-1154*1_1159-1153*1_1159-96*1_1159-1152*1_1159-95*1_1159-97*1_1159-94*1_1159-98*1_1159-93*1_1159-99*1_1159-1151*1_1159-1247*1_1159-92*1_1159-100*1_1159-1246*1_1159-1245*1_1159-1068*1_1159-1244*1_1159-91*1_1159-101*1_1159-1067*1_1159-1243*1_1159-1150*1_1159-193*1_1159-90*1_1159-102*1_1159-1066*1_1159-1242*1_1159-89*1_1159-103*1_1159-1065*1_1159-1149*1_1159-1241*1_1159-194*1_1159-88*1_1159-104*1_1159-1064*1_1159-1240*1_1159-1148*1_1159-195*1_1159-1063*1_1159-1239*1_1159-105*1_1159-1147*1_1159-196*1_1159-1062*1_1159-1238*1_532-1205*1_1159-106*1_1159-1061*1_1159-1237*1_451-381*1_451-557*1_1159-1146*1_451-1375*1_1159-107*1_1159-197*1_532-1206*1_451-471*1_451-639*1_1159-1060*1_1159-1236*1_1159-108*1_1159-1145*1_1159-198*1_532-1119*1_532-1207*1_1159-1059*1_1159-1235*1_532-708*1_532-707*1_532-709*1_532-706*1_532-710*1_1159-109*1_532-705*1_532-711*1_1159-8*1_1159-1144*1_532-704*1_532-712*1_532-1120*1_532-1208*1_1159-7*1_1159-9*1_1159-199*1_1159-6*1_1159-10*1_1159-1058*1_1159-1234*1_532-713*1_1159-5*1_1159-11*1_532-1292*1_1159-4*1_1159-12*1_532-714*1_1159-110*1_1159-3*1_1159-13*1_532-715*1_532-1121*1_532-1209*1_1159-1335*1_1159-200*1_1159-1334*1_1159-1336*1_1159-1057*1_1159-1233*1_1159-1333*1_1159-1337*1_1159-2*1_1159-14*1_532-1293*1_1159-1332*1_1159-1338*1_532-716*1_1159-1331*1_1159-1339*1_1159-1*1_1159-15*1_1159-111*1_1159-1330*1_1159-1340*1_532-717*1_532-1122*1_532-1210*1_532-1294*1_1159-0*1_1159-16*1_1159-1056*1_1159-1232*1_1159-201*1_1159-1329*1_1159-1341*1_532-718*1_1159-112*1_1159-1328*1_1159-1342*1_1159-17*1_532-1295*1_1159-1327*1_1159-1343*1_532-719*1_532-1123*1_532-1211*1_1159-18*1_1159-202*1_1159-288*1_1159-1326*1_1159-1344*1_1159-113*1_532-720*1_532-1296*1_1159-19*1_1159-1325*1_1159-203*1_1159-20*1_1159-289*1_1159-114*1_1159-1324*1_1159-21*1_1159-1323*1_1260-291*1_1260-292*1_1260-293*1_1260-294*1_1260-295*1_1260-1436*1_1260-1435*1_1260-1437*1_1260-1434*1_1260-1438*1_1260-1433*1_1260-1439*1_454-556*1_1260-296*1_1260-1432*1_1260-1431*1_1260-204*1_1260-1430*1_1260-297*1_1260-385*1_1260-1429*1_1260-205*1_1260-1428*1_454-558*1_454-1449*1_454-1450*1_1260-1427*1_454-1451*1_1260-206*1_1260-298*1_1260-386*1_454-1452*1_454-1453*1_1260-1426*1_454-559*1_454-1454*1_454-473*1_1260-207*1_1260-299*1_1260-387*1_1260-1425*1_454-1455*1_454-560*1_454-1456*1_1260-208*1_1260-1424*1_454-474*1_454-642*1_535-721*1_535-1297*1_535-722*1_535-1378*1_535-723*1_528-1124*1_1099-1115*1_1183-1371*1_447-635*1_1099-1116*1_1099-1117*1_1099-1204*1_1099-1118*1_284-300*1_284-210*1_284-1420*1_284-211*1_284-301*1_284-115*1_284-1419*1_284-116*1_284-212*1_284-388*1_284-302*1_284-117*1_284-1418*1_284-1446*1_284-213*1_284-389*1_284-118*1_284-303*1_284-1417*1_284-1447*1_284-119*1_284-214*1_284-390*1_284-120*1_284-304*1_284-1416*1_284-1520*1_1449-470*2_1449-469*2_1449-475*2_1449-1445*2_1449-468*2_1449-476*2_1449-1444*2_1449-467*2_1449-477*2_1449-1443*2_1449-466*2_1449-478*2_1449-1442*2_1449-465*2_1449-479*2_1449-561*2_1449-562*2_1449-563*2_1449-1361*2_1449-1441*2_1449-1457*2_1449-1537*2_1449-464*2_1449-480*2_1449-564*2_1449-1360*2_1449-1362*2_1449-1536*2_1449-1538*2_1449-1359*2_1449-1363*2_1449-1535*2_1449-1539*2_1449-1358*2_1449-1534*2_1449-1540*2_1449-565*2_1449-1357*2_1449-1533*2_1449-1541*2_1449-384*2_1449-1440*2_1449-383*2_1449-463*2_1449-481*2_1449-382*2_1449-566*2_1449-1356*2_1449-1532*2_1449-1542*2_1449-380*2_1449-567*2_1449-1355*2_1449-1531*2_1449-1543*2_1449-482*2_1449-379*2_1449-568*2_1449-1354*2_1449-1530*2_1449-1544*2_1449-378*2_1449-483*2_1449-1353*2_1449-1529*2_1449-1545*2_1449-377*2_1449-391*2_1449-569*2_1449-392*2_1449-484*2_1449-1528*2_1449-1546*2_1449-570*2_1324-29*2_1449-393*2_1449-1351*2_1449-1527*2_1449-1547*2_1449-485*2_1449-571*2_1324-30*2_1449-394*2_1449-1350*2_1449-1526*2_1449-1548*2_1449-572*2_1449-486*2_1324-1412*2_1324-31*2_1324-1411*2_1324-1413*2_1449-395*2_1324-1410*2_1324-1414*2_1449-1349*2_1449-1525*2_1449-1549*2_1324-1409*2_1324-1415*2_1449-573*2_1449-396*2_1324-32*2_1324-1408*2_1449-487*2_1449-1348*2_1449-1524*2_1449-1550*2_1449-652*2_1449-574*2_1449-397*2_1449-653*2_1324-33*2_1324-121*2_1449-1625*2_1449-488*2_1449-1624*2_1449-1626*2_1449-1347*2_1449-1523*2_1449-1551*2_1449-1623*2_1449-1627*2_1449-654*2_1449-1622*2_1449-1628*2_1449-1621*2_1449-1629*2_1449-575*2_1449-655*2_1449-398*2_1449-1620*2_1449-1630*2_1324-34*2_1324-122*2_1449-656*2_1449-1346*2_1449-1522*2_1449-1552*2_1449-489*2_1449-1619*2_1449-1631*2_1449-576*2_1449-1618*2_1449-1632*2_1449-399*2_1449-657*2_1294-734*2_1324-35*2_1324-123*2_1449-1345*2_1449-1521*2_1449-1553*2_1449-1617*2_1449-1633*2_1449-290*2_1449-490*2_1449-658*2_1324-1421*2_1449-400*2_1449-1616*2_1449-1634*2_1449-577*2_1449-659*2_1324-36*2_1324-124*2_1294-735*2_1449-1554*2_1324-1422*2_1449-1615*2_1449-1635*2_1449-491*2_1449-660*2_1294-820*2_1449-287*2_1449-305*2_1449-401*2_1449-578*2_1449-1614*2_1449-1636*2_1294-1470*2_1294-1471*2_1324-37*2_1324-125*2_1324-1423*2_1449-1519*2_1449-1555*2_1449-306*2_1294-736*2_1294-1472*2_1449-661*2_1294-1473*2_1449-1613*2_1449-1637*2_1294-821*2_1294-1474*2_1294-1475*2_1324-38*2_1324-126*2_1294-1476*2_1294-737*2_1294-822*2_713-1227*2_1324-209*2_1294-1477*2_713-1137*2_1294-1398*2_1294-1478*2_1324-39*2_1324-127*2_1294-823*2_1294-738*2_1294-1479*2_1324-1500*2_1324-1499*2_1324-1501*2_1324-1498*2_1324-1502*2_1324-1497*2_1324-1503*2_1294-1399*2_1294-824*2_1294-1480*2_1324-40*2_1324-128*2_1324-1496*2_1324-1504*2_1294-902*2_1294-739*2_1324-1505*2_1294-903*2_1294-1481*2_1324-1506*2_1294-904*2_1294-1400*2_1294-825*2_1324-41*2_1324-129*2_1324-1507*2_1294-1482*2_1324-1508*2_1324-1509*2_1324-42*2_1324-130*2_1324-1510*2_1324-215*2_1324-43*2_1324-131*2_1324-1511*2_1324-216*2_1324-1512*2_1438-472*2_1438-1448*2_1438-1518*2_1438-1517*2_1438-307*2_1438-1516*2_1438-308*2_1438-1515*2_1438-309*2_1438-1514*2_1438-310*2_1438-1513*2_1438-1364*2_1438-1612*2_1438-311*2_1438-1611*2_1438-1610*2_1438-217*2_1438-1609*2_1438-1365*2_1438-312*2_1438-1608*2_1438-218*2_1438-1607*2_1438-219*2_1438-1366*2_1438-1606*2_1438-313*2_1438-402*2_1438-1605*2_1438-220*2_1438-555*2_1438-1367*2_1438-1604*2_1438-314*2_1438-554*2_1438-221*2_1438-403*2_1438-553*2_1438-1603*2_1438-552*2_1438-1368*2_1438-222*2_1438-315*2_1438-1458*2_1438-1602*2_1092-1197*1_1092-1111*1_1092-1198*1_1092-616*1_1092-1112*1_1155-22*2_1155-1322*2_1155-23*2_1155-1321*2_1155-24*2_1155-1320*2_1618-1703*3_1618-1702*3_127-132*3_1618-1701*3_1618-1700*3_127-133*3_1618-410*3_1618-1699*3_1618-316*3_127-134*3_1618-317*3_1618-411*3_1618-1698*3_1618-318*3_1618-1697*3_127-135*3_1618-412*3_1618-319*3_1618-320*3_1618-1696*3_127-136*3_127-1592*3_1618-413*3_127-1591*3_127-1593*3_127-1590*3_127-1594*3_1618-321*3_127-44*3_1618-1695*3_127-1589*3_127-1595*3_127-1588*3_127-1596*3_127-45*3_127-137*3_1618-322*3_1618-414*3_127-1587*3_127-1597*3_1618-1694*3_821-1403*3_127-46*3_1618-323*3_821-1492*3_127-1586*3_127-138*3_1618-415*3_1618-1693*3_573-591*3_127-47*3_127-1585*3_821-1404*3_1618-324*3_821-1493*3_1618-1794*3_1618-1793*3_1618-1795*3_127-139*3_1618-416*3_1618-1692*3_1618-1792*3_1618-1796*3_821-898*3_127-48*3_127-1584*3_1618-1791*3_1618-1797*3_573-592*3_573-1808*3_573-1807*3_573-1809*3_1618-325*3_573-1810*3_821-1405*3_1618-1790*3_1618-1798*3_573-1811*3_573-1812*3_660-1737*3_1618-1789*3_1618-1799*3_821-1310*3_821-1494*3_127-49*3_573-1813*3_821-897*3_1618-1691*3_1618-504*3_1618-1788*3_1618-1800*3_1618-417*3_127-140*3_1618-326*3_573-1814*3_573-593*3_821-1311*3_660-1738*3_821-1406*3_821-1578*3_1618-1787*3_1618-1801*3_127-28*3_127-50*3_821-896*3_821-1312*3_821-1495*3_660-762*3_1618-1786*3_660-1739*3_1618-327*3_1618-505*3_821-1579*3_1618-418*3_127-141*3_1618-1785*3_821-1313*3_821-1407*3_127-27*3_127-51*3_821-997*3_821-996*3_821-998*3_821-895*3_821-995*3_821-999*3_660-1740*3_660-763*3_660-842*3_821-994*3_821-1000*3_821-1580*3_1618-328*3_1618-1784*3_821-1314*3_1618-506*3_821-993*3_821-1001*3_1618-419*3_127-142*3_660-843*3_821-992*3_821-1002*3_127-26*3_127-52*3_1618-1783*3_660-1741*3_821-804*3_821-894*3_821-924*3_821-1315*3_821-1581*3_660-764*3_660-844*3_821-991*3_821-1003*3_1618-329*3_1618-507*3_1618-1782*3_821-990*3_821-1004*3_660-845*3_127-143*3_660-1742*3_821-1316*3_127-25*3_127-53*3_821-1582*3_821-893*3_821-925*3_821-989*3_821-1005*3_660-765*3_821-803*3_660-846*3_821-988*3_821-1006*3_821-1317*3_660-1743*3_127-54*3_127-144*3_127-1680*3_821-1583*3_127-1679*3_127-1681*3_660-847*3_127-1678*3_127-1682*3_821-892*3_821-926*3_127-1677*3_127-1683*3_821-987*3_821-1007*3_660-766*3_821-802*3_127-1676*3_127-1684*3_821-1318*3_660-680*3_660-848*3_660-1744*3_660-1816*3_127-1675*3_127-1685*3_821-986*3_821-1008*3_821-1660*3_127-55*3_127-145*3_127-1674*3_127-1686*3_821-1661*3_821-891*3_821-927*3_821-1319*3_821-1662*3_127-1673*3_127-1687*3_821-801*3_821-985*3_821-1009*3_127-56*3_127-1672*3_127-146*3_127-57*3_127-233*3_127-147*3_537-1196*1_537-1199*1_537-625*1_537-624*1_537-626*1_537-1200*1_537-623*1_537-627*1_537-622*1_537-628*1_537-621*1_537-1201*1_537-620*1_537-1108*1_537-619*1_537-1202*1_537-1109*1_537-618*1_537-1110*1_537-1203*1_537-617*1_537-1113*1_537-1114*1_216-223*3_216-224*3_216-1600*3_216-1599*3_216-1601*3_216-1598*3_216-225*3_216-226*3_216-227*3_216-228*3_216-229*3_216-230*3_1532-492*3_216-231*3_1532-405*3_1532-493*3_216-232*3_216-1688*3_216-1689*3_216-1690*3_1532-406*3_1532-494*3_1532-407*3_1532-495*3_216-234*3_1532-1708*3_1532-1707*3_1532-1709*3_1532-1706*3_1532-1710*3_1532-579*3_1532-1705*3_1532-1711*3_1532-408*3_1532-496*3_1532-1704*3_1532-1712*3_1532-1713*3_216-235*3_1532-580*3_1532-1459*3_1532-1714*3_1532-409*3_1532-497*3_1532-1715*3_1532-581*3_216-236*3_1532-1460*3_1532-1716*3_1532-1717*3_1532-498*3_1532-582*3_1532-1461*3_1532-1718*3_1532-583*3_1532-499*3_1532-1719*3_1532-1638*3_1532-584*3_1532-1720*3_533-1281*1_533-1282*1_533-629*1_533-1283*1_533-1284*1_533-545*1_533-630*1_533-1285*1_533-1286*1_533-631*1_533-546*1_533-1287*1_533-632*1_533-1288*1_533-547*1_533-1289*1_533-633*1_533-1290*1_533-548*1_533-634*1_533-1291*1_533-549*1_533-356*1_533-550*1_533-636*1_533-637*1_533-551*1_533-638*1_533-1369*1_533-1370*1_533-1372*1_533-1373*1_533-1374*1_1482-1483*3_1482-1484*3_1482-826*3_1482-1485*3_1482-827*3_1482-1486*3_1482-828*3_1482-1487*3_1482-819*3_1482-829*3_1482-912*3_1482-1488*3_1482-911*3_1482-913*3_1482-818*3_1482-830*3_1482-910*3_1482-914*3_1482-909*3_1482-915*3_1482-1489*3_1482-908*3_1482-916*3_1482-817*3_1482-831*3_1482-907*3_1482-917*3_1482-1394*3_1482-1490*3_1482-1570*3_1482-1393*3_1482-1395*3_1482-1569*3_1482-1571*3_1482-816*3_1482-832*3_1482-1392*3_1482-1396*3_1482-1568*3_1482-1572*3_1482-906*3_1482-918*3_1482-1391*3_1482-1397*3_1482-1567*3_1482-1573*3_1482-1390*3_1482-1566*3_1482-1574*3_1482-1491*3_1482-815*3_1482-833*3_1482-905*3_1482-919*3_1482-1389*3_1482-1565*3_1482-1575*3_1482-920*3_1482-1388*3_1482-1564*3_1482-1576*3_1482-814*3_1482-834*3_1482-733*3_1482-1387*3_1482-1401*3_1482-1577*3_1482-732*3_1482-921*3_1482-731*3_1482-813*3_1482-835*3_1482-1386*3_1482-1402*3_1482-730*3_1482-922*3_1482-1385*3_1482-812*3_1482-836*3_1482-729*3_1482-901*3_1482-923*3_1482-728*3_1482-1384*3_1482-811*3_1482-837*3_1482-900*3_1482-727*3_1482-1383*3_1482-726*3_1482-810*3_1482-838*3_1482-899*3_1482-1382*3_1482-725*3_1482-809*3_1482-839*3_1482-1381*3_1482-724*3_1482-1306*3_1482-1658*3_1482-1305*3_1482-1307*3_1482-1657*3_1482-1659*3_1482-808*3_1482-840*3_1482-1304*3_1482-1308*3_1482-1380*3_1482-1656*3_1482-1303*3_1482-1309*3_1482-1655*3_1482-1302*3_1482-1654*3_1482-1301*3_1482-1663*3_1482-1379*3_1482-928*3_1482-1300*3_1482-1664*3_1482-807*3_1482-841*3_1482-1010*3_1482-1299*3_1482-1665*3_1482-1011*3_1482-1298*3_1482-1666*3_1482-929*3_1482-806*3_1482-645*3_1482-1667*3_1482-644*3_1482-1012*3_1482-643*3_1482-1377*3_1482-1668*3_1482-930*3_1482-805*3_1482-1013*3_1482-641*3_1482-1669*3_1482-640*3_1482-1376*3_1482-1014*3_1482-931*3_1482-1670*3_1633-1722*3_1633-1723*3_1633-1724*3_1633-1815*3_1633-681*3_1633-682*3_418-420*4_418-421*4_418-422*4_418-423*4_844-1745*4_844-1746*4_418-424*4_418-1880*4_418-1879*4_418-1881*4_418-1878*4_418-1882*4_844-849*4_844-1653*4_844-1747*4_418-1877*4_418-1883*4_418-425*4_844-1652*4_844-1748*4_418-1876*4_418-1884*4_844-850*4_418-1875*4_418-1885*4_844-1651*4_844-1749*4_418-426*4_418-508*4_418-1874*4_418-1886*4_844-851*4_418-333*4_418-509*4_844-1650*4_844-1750*4_418-334*4_418-510*4_418-427*4_418-1873*4_418-1887*4_418-335*4_418-511*4_844-852*4_844-932*4_844-933*4_844-1649*4_844-1751*4_844-934*4_418-336*4_418-428*4_418-512*4_418-1872*4_418-1888*4_844-753*4_844-935*4_844-936*4_844-1752*4_844-853*4_418-337*4_418-513*4_418-1871*4_418-1889*4_844-937*4_418-429*4_418-338*4_418-514*4_844-1753*4_844-854*4_844-938*4_418-1870*4_418-1890*4_418-430*4_418-339*4_418-515*4_844-939*4_844-1754*4_844-855*4_418-1869*4_418-1891*4_418-340*4_418-516*4_844-940*4_418-431*4_844-1755*4_418-1892*4_844-856*4_844-1832*4_844-941*4_844-1831*4_844-1833*4_418-341*4_418-517*4_844-1830*4_844-1834*4_844-1829*4_844-1835*4_418-432*4_418-1968*4_418-1967*4_418-1969*4_418-1966*4_418-1970*4_844-1756*4_844-1828*4_844-1836*4_418-1893*4_418-1965*4_418-1971*4_844-942*4_418-342*4_418-518*4_844-857*4_844-1563*4_844-1827*4_844-1837*4_418-1964*4_418-1972*4_418-1963*4_418-1973*4_844-1826*4_844-1838*4_418-433*4_844-767*4_844-943*4_844-1757*4_418-1894*4_418-1962*4_418-1974*4_418-343*4_418-519*4_844-1825*4_844-1839*4_844-858*4_418-1961*4_418-1975*4_844-768*4_844-944*4_844-1824*4_844-1840*4_418-434*4_844-1758*4_418-344*4_418-520*4_418-596*4_418-1960*4_418-1976*4_418-1895*4_418-597*4_418-598*4_844-859*4_844-1823*4_844-1841*4_418-1959*4_418-1977*4_418-599*4_844-769*4_844-945*4_418-345*4_418-435*4_418-521*4_844-1671*4_844-1759*4_418-600*4_418-1896*4_844-1822*4_844-1842*4_418-1958*4_418-1978*4_418-601*4_844-860*4_844-1020*4_844-1019*4_844-1021*4_844-770*4_844-946*4_844-1018*4_844-1022*4_844-1017*4_844-1023*4_844-1843*4_418-1957*4_418-1979*4_418-346*4_418-522*4_418-602*4_418-436*4_844-1016*4_844-1024*4_418-1897*4_844-1015*4_844-1025*4_418-251*4_418-603*4_418-1956*4_418-1980*4_844-1844*4_844-771*4_844-861*4_844-947*4_844-1026*4_418-347*4_418-523*4_418-252*4_418-604*4_418-1898*4_844-1027*4_418-437*4_418-1955*4_418-1981*4_844-1845*4_844-772*4_844-948*4_844-1028*4_418-253*4_418-605*4_844-862*4_418-348*4_418-524*4_418-1954*4_418-1982*4_844-1029*4_418-1899*4_844-1846*4_418-254*4_418-438*4_418-606*4_844-773*4_844-949*4_844-1030*4_844-863*4_844-1847*4_844-1031*4_844-774*4_844-950*4_844-864*4_844-1032*4_844-1920*4_1680-163*4_1680-164*4_56-76*4_723-800*2_723-1216*2_723-1217*2_723-799*2_723-1218*2_723-1219*2_723-1220*2_723-1221*2_723-1222*2_723-890*2_723-1223*2_723-889*2_723-888*2_723-1224*2_723-887*2_1109-1129*2_1542-1462*3_1542-662*3_1542-1639*3_1542-663*3_1542-664*3_1542-1640*3_1542-665*3_1542-1641*3_1542-666*3_1542-1642*3_1542-667*3_1542-1643*3_1542-668*3_1542-1644*3_1542-1721*3_1542-669*3_1542-1645*3_1542-585*3_1542-670*3_1542-1725*3_1542-1726*3_1542-671*3_1542-586*3_1542-1727*3_1542-404*3_1542-672*3_1542-1728*3_1542-587*3_1542-1729*3_1542-673*3_1542-1730*3_1625-500*3_1625-501*3_1625-588*3_1625-502*3_1625-589*3_1625-503*3_1625-590*3_1625-1802*3_1625-1803*3_1625-1804*3_1625-1805*3_1625-1806*3_1625-674*3_1625-675*3_1625-676*3_1625-594*3_1625-1731*3_1625-677*3_1282-646*2_621-1130*2_1282-647*2_621-1131*2_1282-1463*2_1282-648*2_1282-1464*2_1282-1465*2_1282-1466*2_1282-649*2_1282-1467*2_1282-1468*2_1282-650*2_1282-1469*2_903-884*4_903-883*4_571-651*3_571-1556*3_571-1557*3_571-1558*3_571-1559*3_571-747*3_571-746*3_571-748*3_571-745*3_571-744*3_571-1560*3_571-743*3_1871-157*5_1871-156*5_1871-1854*5_1871-1853*5_1871-1852*5_1871-1851*5_1822-2003*5_1822-2004*5_1982-2083*5_1982-2084*5_1982-2085*5_1843-1051*5_1982-2086*5_1982-788*5_1982-789*5_1982-2087*5_1982-790*5_1982-791*5_1982-2088*5_225-58*4_225-59*4_225-1764*4_225-60*4_225-1763*4_225-61*4_619-1125*2_619-1126*2_619-1127*2_619-795*2_619-794*2_619-796*2_619-793*2_619-797*2_619-792*2_619-1128*2_1399-984*3_1399-983*3_1399-982*3_1399-981*3_1399-980*3_1399-979*3_1399-1225*3_1399-1226*3_1399-978*3_1399-1228*3_1399-1229*3_1399-1230*3_1399-977*3_1399-1231*3_1399-886*3_1399-976*3_1399-885*3_1399-975*3_843-752*4_843-1648*4_843-751*4_843-750*4_1702-1778*4_1702-238*4_1702-1777*4_1702-239*4_1702-240*4_1702-1776*4_1702-241*4_1702-1775*4_1702-242*4_1702-243*4_1702-1774*4_1702-244*4_1702-1773*4_1702-245*4_1702-1772*4_1702-246*4_1811-1916*4_1811-782*4_1811-1998*4_1811-699*4_1811-1917*4_1811-783*4_1811-1999*4_1198-798*2_436-439*5_436-2056*5_436-2055*5_436-2057*5_436-2054*5_436-2058*5_436-2053*5_436-2059*5_436-2052*5_436-2060*5_436-2051*5_436-2061*5_436-2050*5_436-2062*5_436-349*5_436-525*5_436-2049*5_436-2063*5_436-350*5_436-526*5_436-351*5_436-527*5_436-2048*5_436-2064*5_436-2047*5_436-2065*5_436-2046*5_436-2066*5_436-2045*5_436-2067*5_436-2044*5_436-2068*5_436-2043*5_436-2069*5_436-2042*5_436-2070*5_436-1953*5_436-2041*5_436-2071*5_436-260*5_436-612*5_436-259*5_436-261*5_436-613*5_436-258*5_436-262*5_436-614*5_436-257*5_436-263*5_436-615*5_436-256*5_436-1952*5_436-2040*5_436-2072*5_436-255*5_436-1951*5_436-2039*5_436-2073*5_436-1950*5_436-2038*5_436-2074*5_436-250*5_436-1865*5_436-249*5_436-1949*5_436-2037*5_436-2075*5_436-248*5_436-1864*5_131-148*4_131-149*4_131-150*4_131-151*4_1753-1033*5_1753-1034*5_1753-1035*5_1753-1036*5_1753-1037*5_1753-951*5_1753-1038*5_1753-1929*5_1753-952*5_1753-1928*5_1753-1930*5_1753-1927*5_1753-1931*5_1753-1926*5_1753-1932*5_1753-1925*5_1753-1933*5_1753-1039*5_1753-1924*5_1753-1934*5_1753-760*5_1753-1736*5_1753-759*5_1753-761*5_1753-953*5_1753-1923*5_1753-1935*5_1753-758*5_1753-757*5_1753-756*5_1753-1040*5_1753-1922*5_1753-1921*5_1753-1735*5_1753-954*5_1753-1041*5_1753-1734*5_1753-955*5_1753-1042*5_1753-1733*5_1195-1212*2_1195-1213*2_1195-1214*2_1195-1215*2_2083-2082*6_2083-2081*6_2083-2080*6_2083-703*6_2083-702*6_2083-2079*6_2083-701*6_2083-700*6_2083-2078*6_2083-2077*6_2083-2089*6_2083-698*6_2083-2076*6_2083-2090*6_2083-787*6_2083-697*6_2083-786*6_2083-1995*6_2083-2091*6_2083-1994*6_2083-1996*6_2083-1993*6_2083-1997*6_2083-696*6_2083-1992*6_2083-785*6_2083-1991*6_2083-2092*6_2083-784*6_2083-1990*6_2083-2000*6_2083-695*6_2083-1989*6_2083-2001*6_2083-2093*6_2083-694*6_2083-1988*6_2083-2002*6_2083-2094*6_2083-1987*6_2083-693*6_2083-2095*6_2083-1986*6_2083-611*6_2083-781*6_2083-692*6_2083-610*6_2083-1985*6_2083-2005*6_2083-780*6_2083-2096*6_2083-609*6_2083-879*6_2083-878*6_2083-691*6_2083-877*6_2083-608*6_2083-876*6_2083-1984*6_2083-2006*6_2083-779*6_2083-875*6_2083-2097*6_2083-607*6_2083-690*6_2083-874*6_2083-1983*6_2083-2007*6_2083-873*6_2083-778*6_2083-2098*6_2083-872*6_2083-2008*6_2083-689*6_2083-777*6_2083-871*6_2083-1907*6_2083-2099*6_2083-1906*6_2083-1908*6_2083-1905*6_2083-1909*6_2083-2009*6_2083-688*6_2083-1904*6_2083-1910*6_2083-870*6_2083-1903*6_2083-1911*6_2083-776*6_2083-1902*6_2083-1912*6_2083-2010*6_2083-2100*6_2083-869*6_2083-1901*6_2083-1913*6_2083-687*6_2083-1900*6_2083-1914*6_2083-868*6_2083-775*6_2083-1915*6_2083-2011*6_2083-2101*6_2083-686*6_2083-867*6_2083-2012*6_2083-2102*6_2083-866*6_2083-685*6_2083-2013*6_2083-2103*6_1478-740*3_1478-741*3_1478-742*3_1478-1562*3_1478-1561*3_1478-749*3_1478-1646*3_1711-595*4_1711-330*4_1711-678*4_1711-679*4_1711-331*4_1711-332*4_1711-1781*4_1711-1817*4_218-237*3_989-974*4_989-973*4_989-972*4_989-971*4_989-970*4_989-969*4_1757-1043*5_1724-1732*4_1724-1818*4_1724-1819*4_1724-1820*4_1724-683*4_1724-1821*4_1724-684*4_1783-1780*4_1783-1779*4_1783-1866*4_1783-247*4_1783-1863*4_1783-1862*4_1783-1861*4_1783-1860*4_1783-1859*4_1783-1858*4_1783-155*4_1783-1857*4_1783-158*4_1783-159*4_1783-160*4_1783-1856*4_1783-161*4_1783-1855*4_1783-162*4_1783-1948*4_1783-165*4_1783-1947*4_672-755*4_672-754*4_672-1647*4_48-62*4_48-63*4_48-64*4_48-1760*4_48-1761*4_48-1762*4_48-65*4_48-66*4_48-67*4_48-68*4_1219-882*3_1219-1132*3_1219-1133*3_1219-1134*3_1219-881*3_1219-1135*3_1219-880*3_1219-1136*3_1219-1138*3_1219-1139*3_1219-1140*3_1219-1141*3_1219-1142*3_1219-1143*3_1219-968*3_1037-1044*6_1037-1045*6_1037-1046*6_1037-1047*6_1037-956*6_1037-1048*6_1037-2023*6_1037-2022*6_1037-957*6_1037-2021*6_1037-2020*6_1037-1049*6_1037-958*6_1037-2019*6_1037-2018*6_1037-959*6_1037-1050*6_1037-2017*6_1037-960*6_1037-2016*6_1037-2015*6_1037-961*6_1037-2014*6_1037-1052*6_1037-962*6_1037-1053*6_1037-963*6_1037-865*6_1037-964*6_1037-1054*6_1037-1919*6_1037-965*6_1037-1055*6_1037-1918*6_1037-966*6_1037-2111*6_1037-2110*6_1037-2109*6_1037-2108*6_1037-2107*6_1037-967*6_1037-2106*6_158-154*5_158-153*5_158-152*5_158-1768*5_158-1767*5_158-1769*5_158-1766*5_158-1770*5_158-1850*5_158-1765*5_158-1771*5_158-1849*5_158-70*5_158-69*5_158-71*5_158-72*5_158-1848*5_158-73*5_158-74*5_158-75*5_158-77*5_158-1940*5_158-1939*5_158-78*5_158-1938*5_158-79*5_158-1937*5_158-80*5_158-1936*5_158-81*5_158-82*5_158-83*5_158-84*5_158-85*5_158-86*5_158-2028*5_158-2027*5_158-87*5_158-2026*5_158-2025*5_158-2024*5_2084-2104*7_2043-2036*6_2043-2035*6_2043-2034*6_2043-2033*6_2043-2032*6_2043-175*6_2043-174*6_2043-173*6_2043-172*6_2043-2031*6_2043-1946*6_2043-171*6_2043-170*6_2043-1945*6_2043-2030*6_2043-169*6_2043-168*6_2043-1944*6_2043-2029*6_2043-167*6_2043-1943*6_2043-166*6_2043-1942*6_2043-1941*6_238-1867*5_238-1868*5_2022-2105*7_
