"id","Scenario","Actual Range","Protocol","Buildings","Total nodes","Nodes on circ","Total coverage","Coverage on circ","Alert received mean time","Hops","Slots","Messages sent","Messages received", "Starting x", "Starting y","Starting node", "Vehicle distance", "Received node ids", "Node ids", "Transmission map", "Received on circ nodes", "Transmission vector"
0,1,300,0,1,1344,69,1217,66,67308.2,5.95455,81.8788,120,1217,2100,725,505,45,504_506_503_507_502_508_501_509_500_510_499_511_498_512_944_943_945_942_946_941_947_497_513_496_514_848_847_849_850_851_495_515_494_516_493_517_492_491_490_846_489_845_488_844_852_843_853_487_842_854_486_841_855_485_484_483_482_481_505_940_948_939_949_938_950_937_951_518_936_952_519_520_521_522_480_752_751_753_750_754_749_755_748_756_747_757_746_758_745_759_744_760_743_761_762_763_523_524_525_526_527_528_1040_1039_1041_1038_1042_1037_1043_529_1036_1044_1035_1045_530_531_532_533_534_535_536_537_538_539_540_541_542_543_544_1136_545_546_547_548_1135_1137_1134_1138_549_1133_1139_550_1132_1140_551_1131_1141_552_1130_1142_553_1129_1143_554_1128_1144_555_1145_556_1146_557_1147_558_935_934_933_932_931_930_929_416_928_415_417_414_418_419_927_926_925_924_413_412_411_410_420_923_409_421_922_408_422_921_407_423_920_406_424_919_405_425_404_426_403_427_428_429_430_431_432_1024_1023_1025_1022_1026_1021_1027_433_1020_1028_434_1019_1029_1018_1030_435_436_437_438_439_559_560_1232_1231_1233_1230_1234_561_1229_1235_562_1228_1236_563_1227_1237_564_1226_1238_565_1225_1239_566_1224_1240_567_568_569_570_1017_1016_1015_1014_1013_1012_1011_1010_1009_336_1008_337_338_339_1007_1031_764_765_766_767_576_577_578_579_580_581_918_917_916_915_914_913_320_912_319_321_318_322_317_323_911_324_910_909_908_907_440_441_442_443_444_445_446_447_448_1120_1119_1121_449_450_451_953_954_955_956_957_958_959_608_316_315_325_314_326_906_313_327_905_312_328_904_311_329_903_310_330_902_309_331_901_308_332_900_571_572_573_574_575_1328_1327_1329_452_453_454_1118_1122_455_1117_1123_456_1116_1124_1115_1125_457_1114_1126_458_1113_1127_459_460_461_462_463_607_609_606_610_605_611_742_741_740_739_738_737_1006_335_1005_334_1004_333_1003_340_1002_341_1001_342_1000_343_999_344_998_345_997_996_995_464_1216_1215_1217_1214_1218_1213_1219_465_466_467_468_469_346_347_348_349_350_351_352_1104_1046_1047_1048_1049_1050_1051_1052_1053_1054_1055_624_1034_1033_899_898_897_224_896_223_225_222_226_221_227_895_220_228_894_219_229_218_230_893_892_891_890_889_384_736_385_735_386_734_387_733_388_732_389_731_390_730_391_729_392_728_393_727_394_726_395_725_1212_1211_1210_1220_1209_1221_470_1208_1222_471_1207_1223_472_1206_473_1205_1204_1203_888_887_886_885_884_883_882_881_128_880_127_129_130_131_879_878_877_353_1103_1105_354_1102_1106_355_1101_1107_356_1100_1108_876_357_1099_1109_875_358_1098_1110_874_359_1097_1111_126_873_360_1096_1112_125_124_132_872_361_1095_123_133_871_362_1094_122_134_870_363_1093_121_135_869_364_1092_868_867_866_865_1202_1201_368_1200_367_369_366_370_1199_365_371_372_1198_373_1197_374_1196_375_1195_376_1194_377_1193_378_1192_379_1191_1326_1325_1324_1330_1323_1331_1322_1332_1321_1333_1320_1334_1319_1335_1318_1336_1317_1337_1316_1338_1315_1339_724_723_722_721_288_720_289_290_291_719_292_293_718_717_716_715_714_1190_1189_1188_1187_1186_994_993_240_992_239_241_238_242_991_237_243_236_244_990_235_245_989_234_246_988_233_247_987_248_986_249_985_250_984_251_983_1340_1314_1341_1313_1342_1312_479_478_1343_1311_477_476_1310_475_1309_474_1308_1307_1306_1305_1304_1303_671_670_669_668_667_666_252_253_254_255_256_1088_1087_1089_1086_1090_1085_1091_257_1084_258_1083_1082_259_260_261_262_263_1302_1301_1300_1299_1298_1297_1296_1032_383_382_1295_381_1294_380_1293_1292_1291_1290_1289_1288_1287_1286_1081_1080_264_265_266_1185_272_1184_271_273_270_274_1183_269_275_1182_268_276_1181_267_277_1180_278_1179_279_1178_280_1177_281_1176_282_1175_283_1174_32_864_31_33_30_34_29_35_28_36_27_37_26_38_25_39_24_40_23_41_42_43_612_613_604_614_603_615_602_616_601_617_600_618_599_619_598_620_597_621_713_712_711_710_709_708_707_706_705_192_704_193_194_195_703_702_622_623_625_626_627_982_981_980_979_978_977_628_629_630_631_632_633_634_635_636_637_638_639_144_976_143_145_142_146_975_141_147_974_140_148_973_139_149_972_138_150_971_137_151_970_136_152_969_153_968_154_967_155_966_1173_1172_1171_1170_1169_176_1168_175_177_174_178_173_179_1167_172_180_171_181_1166_1165_1164_1163_1162_640_1151_641_642_643_156_965_157_964_158_963_159_962_160_1072_1071_1073_1070_1074_961_1069_1075_161_1068_1076_48_960_47_49_162_1067_1077_46_50_45_51_1066_1078_163_44_52_53_170_182_169_183_1161_168_184_1160_185_1159_186_1158_187_1157_188_1156_1155_1154_1153_80_1152_79_81_78_82_77_83_76_84_75_85_74_86_87_1285_1284_1283_1282_1281_1280_287_286_285_1279_284_1278_1277_1276_1275_1274_701_700_699_698_196_697_197_696_198_695_199_694_200_693_692_691_690_22_21_20_19_18_17_16_768_769_770_771_15_14_13_12_11_644_645_646_1150_647_1149_648_1148_649_650_651_652_653_654_655_189_190_191_1264_1263_1265_1262_1266_1261_1267_1260_1268_1259_1269_1258_1270_689_96_688_97_98_687_99_686_100_685_101_684_102_683_103_682_104_681_105_680_106_679_107_678_772_773_10_774_9_775_8_776_7_777_6_778_5_779_4_780_3_2_1_0_672_673_674_675_676_677_665_664_663_656_1247_1246_1245_657_1244_1243_658_659_660_661_662_1242_1241_54_55_56_57_58_59_1065_1064_1063_164_1062_165_1061_166_1060_1059_1058_1057_1079_64_1056_1273_1272_1271_63_65_62_66_61_67_60_68_69_88_89_90_73_91_92_93_94_231_232_217_582_583_584_95_1248_1249_1250_1251_1252_1253_1254_1255_1256_1257_108_109_110_70_71_72_167_,0_1_2_3_4_5_6_7_8_9_10_11_12_13_14_15_16_17_18_19_20_21_22_23_24_25_26_27_28_29_30_31_32_33_34_35_36_37_38_39_40_41_42_43_44_45_46_47_48_49_50_51_52_53_54_55_56_57_58_59_60_61_62_63_64_65_66_67_68_69_70_71_72_73_74_75_76_77_78_79_80_81_82_83_84_85_86_87_88_89_90_91_92_93_94_95_96_97_98_99_100_101_102_103_104_105_106_107_108_109_110_111_112_113_114_115_116_117_118_119_120_121_122_123_124_125_126_127_128_129_130_131_132_133_134_135_136_137_138_139_140_141_142_143_144_145_146_147_148_149_150_151_152_153_154_155_156_157_158_159_160_161_162_163_164_165_166_167_168_169_170_171_172_173_174_175_176_177_178_179_180_181_182_183_184_185_186_187_188_189_190_191_192_193_194_195_196_197_198_199_200_201_202_203_204_205_206_207_208_209_210_211_212_213_214_215_216_217_218_219_220_221_222_223_224_225_226_227_228_229_230_231_232_233_234_235_236_237_238_239_240_241_242_243_244_245_246_247_248_249_250_251_252_253_254_255_256_257_258_259_260_261_262_263_264_265_266_267_268_269_270_271_272_273_274_275_276_277_278_279_280_281_282_283_284_285_286_287_288_289_290_291_292_293_294_295_296_297_298_299_300_301_302_303_304_305_306_307_308_309_310_311_312_313_314_315_316_317_318_319_320_321_322_323_324_325_326_327_328_329_330_331_332_333_334_335_336_337_338_339_340_341_342_343_344_345_346_347_348_349_350_351_352_353_354_355_356_357_358_359_360_361_362_363_364_365_366_367_368_369_370_371_372_373_374_375_376_377_378_379_380_381_382_383_384_385_386_387_388_389_390_391_392_393_394_395_396_397_398_399_400_401_402_403_404_405_406_407_408_409_410_411_412_413_414_415_416_417_418_419_420_421_422_423_424_425_426_427_428_429_430_431_432_433_434_435_436_437_438_439_440_441_442_443_444_445_446_447_448_449_450_451_452_453_454_455_456_457_458_459_460_461_462_463_464_465_466_467_468_469_470_471_472_473_474_475_476_477_478_479_480_481_482_483_484_485_486_487_488_489_490_491_492_493_494_495_496_497_498_499_500_501_502_503_504_505_506_507_508_509_510_511_512_513_514_515_516_517_518_519_520_521_522_523_524_525_526_527_528_529_530_531_532_533_534_535_536_537_538_539_540_541_542_543_544_545_546_547_548_549_550_551_552_553_554_555_556_557_558_559_560_561_562_563_564_565_566_567_568_569_570_571_572_573_574_575_576_577_578_579_580_581_582_583_584_585_586_587_588_589_590_591_592_593_594_595_596_597_598_599_600_601_602_603_604_605_606_607_608_609_610_611_612_613_614_615_616_617_618_619_620_621_622_623_624_625_626_627_628_629_630_631_632_633_634_635_636_637_638_639_640_641_642_643_644_645_646_647_648_649_650_651_652_653_654_655_656_657_658_659_660_661_662_663_664_665_666_667_668_669_670_671_672_673_674_675_676_677_678_679_680_681_682_683_684_685_686_687_688_689_690_691_692_693_694_695_696_697_698_699_700_701_702_703_704_705_706_707_708_709_710_711_712_713_714_715_716_717_718_719_720_721_722_723_724_725_726_727_728_729_730_731_732_733_734_735_736_737_738_739_740_741_742_743_744_745_746_747_748_749_750_751_752_753_754_755_756_757_758_759_760_761_762_763_764_765_766_767_768_769_770_771_772_773_774_775_776_777_778_779_780_781_782_783_784_785_786_787_788_789_790_791_792_793_794_795_796_797_798_799_800_801_802_803_804_805_806_807_808_809_810_811_812_813_814_815_816_817_818_819_820_821_822_823_824_825_826_827_828_829_830_831_832_833_834_835_836_837_838_839_840_841_842_843_844_845_846_847_848_849_850_851_852_853_854_855_856_857_858_859_860_861_862_863_864_865_866_867_868_869_870_871_872_873_874_875_876_877_878_879_880_881_882_883_884_885_886_887_888_889_890_891_892_893_894_895_896_897_898_899_900_901_902_903_904_905_906_907_908_909_910_911_912_913_914_915_916_917_918_919_920_921_922_923_924_925_926_927_928_929_930_931_932_933_934_935_936_937_938_939_940_941_942_943_944_945_946_947_948_949_950_951_952_953_954_955_956_957_958_959_960_961_962_963_964_965_966_967_968_969_970_971_972_973_974_975_976_977_978_979_980_981_982_983_984_985_986_987_988_989_990_991_992_993_994_995_996_997_998_999_1000_1001_1002_1003_1004_1005_1006_1007_1008_1009_1010_1011_1012_1013_1014_1015_1016_1017_1018_1019_1020_1021_1022_1023_1024_1025_1026_1027_1028_1029_1030_1031_1032_1033_1034_1035_1036_1037_1038_1039_1040_1041_1042_1043_1044_1045_1046_1047_1048_1049_1050_1051_1052_1053_1054_1055_1056_1057_1058_1059_1060_1061_1062_1063_1064_1065_1066_1067_1068_1069_1070_1071_1072_1073_1074_1075_1076_1077_1078_1079_1080_1081_1082_1083_1084_1085_1086_1087_1088_1089_1090_1091_1092_1093_1094_1095_1096_1097_1098_1099_1100_1101_1102_1103_1104_1105_1106_1107_1108_1109_1110_1111_1112_1113_1114_1115_1116_1117_1118_1119_1120_1121_1122_1123_1124_1125_1126_1127_1128_1129_1130_1131_1132_1133_1134_1135_1136_1137_1138_1139_1140_1141_1142_1143_1144_1145_1146_1147_1148_1149_1150_1151_1152_1153_1154_1155_1156_1157_1158_1159_1160_1161_1162_1163_1164_1165_1166_1167_1168_1169_1170_1171_1172_1173_1174_1175_1176_1177_1178_1179_1180_1181_1182_1183_1184_1185_1186_1187_1188_1189_1190_1191_1192_1193_1194_1195_1196_1197_1198_1199_1200_1201_1202_1203_1204_1205_1206_1207_1208_1209_1210_1211_1212_1213_1214_1215_1216_1217_1218_1219_1220_1221_1222_1223_1224_1225_1226_1227_1228_1229_1230_1231_1232_1233_1234_1235_1236_1237_1238_1239_1240_1241_1242_1243_1244_1245_1246_1247_1248_1249_1250_1251_1252_1253_1254_1255_1256_1257_1258_1259_1260_1261_1262_1263_1264_1265_1266_1267_1268_1269_1270_1271_1272_1273_1274_1275_1276_1277_1278_1279_1280_1281_1282_1283_1284_1285_1286_1287_1288_1289_1290_1291_1292_1293_1294_1295_1296_1297_1298_1299_1300_1301_1302_1303_1304_1305_1306_1307_1308_1309_1310_1311_1312_1313_1314_1315_1316_1317_1318_1319_1320_1321_1322_1323_1324_1325_1326_1327_1328_1329_1330_1331_1332_1333_1334_1335_1336_1337_1338_1339_1340_1341_1342_1343_,6:{3;2;1;0;672;673;674;675;676;677;}16:{772;773;10;774;9;775;8;776;7;777;6;778;5;779;4;780;}23:{22;21;20;19;18;17;16;768;769;770;771;15;14;13;12;11;}47:{54;55;56;57;58;59;}66:{70;71;72;}82:{88;89;90;73;91;92;93;94;}94:{95;1248;1249;1250;1251;1252;1253;1254;1255;1256;}98:{108;109;110;}155:{156;157;158;159;160;1072;1071;1073;1070;1074;1069;1075;161;1068;1076;162;1067;1077;1066;1078;163;}176:{170;182;169;183;1161;168;184;1160;185;1159;186;1158;187;1157;188;1156;}188:{189;190;191;1264;1263;1265;1262;1266;1261;1267;1260;1268;1259;1269;1258;1270;}229:{231;232;217;}251:{252;253;254;255;256;1088;1087;1089;1086;1090;1085;1091;257;1084;258;1083;1082;259;260;261;262;263;}254:{1081;1080;264;265;266;}320:{316;315;325;314;326;906;313;327;905;312;328;904;311;329;903;310;330;902;309;331;901;308;332;900;}340:{346;347;348;349;350;351;352;1104;}352:{353;1103;1105;354;1102;1106;355;1101;1107;356;1100;1108;357;1099;1109;358;1098;1110;359;1097;1111;360;1096;1112;361;1095;362;1094;363;1093;364;1092;}415:{413;412;411;410;420;923;409;421;922;408;422;921;407;423;920;406;424;919;405;425;404;426;403;427;}427:{428;429;430;431;432;1024;1023;1025;1022;1026;1021;1027;433;1020;1028;434;1019;1029;1018;1030;435;436;437;438;439;}439:{440;441;442;443;444;445;446;447;448;1120;1119;1121;449;450;451;}451:{452;453;454;1118;1122;455;1117;1123;456;1116;1124;1115;1125;457;1114;1126;458;1113;1127;459;460;461;462;463;}457:{464;1216;1215;1217;1214;1218;1213;1219;465;466;467;468;469;}481:{480;752;751;753;750;754;749;755;748;756;747;757;746;758;745;759;744;760;743;761;762;763;}493:{492;491;490;846;489;845;488;844;852;843;853;487;842;854;486;841;855;485;484;483;482;481;505;}505:{504;506;503;507;502;508;501;509;500;510;499;511;498;512;944;943;945;942;946;941;947;497;513;496;514;848;847;849;850;851;495;515;494;516;493;517;}510:{940;948;939;949;938;950;937;951;518;936;952;519;520;521;522;}522:{523;524;525;526;527;528;1040;1039;1041;1038;1042;1037;1043;529;1036;1044;1035;1045;530;531;532;533;534;}534:{535;536;537;538;539;540;541;542;543;544;1136;545;546;}546:{547;548;1135;1137;1134;1138;549;1133;1139;550;1132;1140;551;1131;1141;552;1130;1142;553;1129;1143;554;1128;1144;555;1145;556;1146;557;1147;558;}558:{559;560;1232;1231;1233;1230;1234;561;1229;1235;562;1228;1236;563;1227;1237;564;1226;1238;565;1225;1239;566;1224;1240;567;568;569;570;}567:{571;572;573;574;575;1328;1327;1329;}609:{612;613;604;614;603;615;602;616;601;617;600;618;599;619;598;620;597;621;}615:{622;623;625;626;627;}627:{628;629;630;631;632;633;634;635;636;637;638;639;}631:{640;1151;641;642;643;}643:{644;645;646;1150;647;1149;648;1148;649;650;651;652;653;654;655;}650:{656;1247;1246;1245;657;1244;1243;658;659;660;661;662;}655:{1242;1241;}690:{689;96;688;97;98;687;99;686;100;685;101;684;102;683;103;682;104;681;105;680;106;679;107;678;}702:{701;700;699;698;196;697;197;696;198;695;199;694;200;693;692;691;690;}714:{713;712;711;710;709;708;707;706;705;192;704;193;194;195;703;702;}726:{724;723;722;721;288;720;289;290;291;719;292;293;718;717;716;715;714;}737:{384;736;385;735;386;734;387;733;388;732;389;731;390;730;391;729;392;728;393;727;394;726;395;725;}749:{742;741;740;739;738;737;}762:{764;765;766;767;576;577;578;579;580;581;}766:{582;583;584;}865:{32;864;31;33;30;34;29;35;28;36;27;37;26;38;25;39;24;40;23;41;42;43;}877:{876;875;874;126;873;125;124;132;872;123;133;871;122;134;870;121;135;869;868;867;866;865;}889:{888;887;886;885;884;883;882;881;128;880;127;129;130;131;879;878;877;}901:{899;898;897;224;896;223;225;222;226;221;227;895;220;228;894;219;229;218;230;893;892;891;890;889;}919:{918;917;916;915;914;913;320;912;319;321;318;322;317;323;911;324;910;909;908;907;}936:{935;934;933;932;931;930;929;416;928;415;417;414;418;419;927;926;925;924;}949:{953;954;955;956;957;958;959;608;}953:{607;609;606;610;605;611;}966:{965;964;963;962;961;48;960;47;49;46;50;45;51;44;52;53;}978:{144;976;143;145;142;146;975;141;147;974;140;148;973;139;149;972;138;150;971;137;151;970;136;152;969;153;968;154;967;155;966;}989:{982;981;980;979;978;977;}995:{994;993;240;992;239;241;238;242;991;237;243;236;244;990;235;245;989;234;246;988;233;247;987;248;986;249;985;250;984;251;983;}1007:{1006;335;1005;334;1004;333;1003;340;1002;341;1001;342;1000;343;999;344;998;345;997;996;995;}1019:{1017;1016;1015;1014;1013;1012;1011;1010;1009;336;1008;337;338;339;1007;1031;}1033:{1032;}1045:{1046;1047;1048;1049;1050;1051;1052;1053;1054;1055;624;1034;1033;}1060:{63;65;62;66;61;67;60;68;69;}1068:{1065;1064;1063;164;1062;165;1061;166;1060;1059;1058;1057;1079;64;1056;}1069:{167;}1156:{1155;1154;1153;80;1152;79;81;78;82;77;83;76;84;75;85;74;86;87;}1174:{1173;1172;1171;1170;1169;176;1168;175;177;174;178;173;179;1167;172;180;171;181;1166;1165;1164;1163;1162;}1186:{1185;272;1184;271;273;270;274;1183;269;275;1182;268;276;1181;267;277;1180;278;1179;279;1178;280;1177;281;1176;282;1175;283;1174;}1198:{1190;1189;1188;1187;1186;}1203:{1202;1201;368;1200;367;369;366;370;1199;365;371;372;1198;373;1197;374;1196;375;1195;376;1194;377;1193;378;1192;379;1191;}1215:{1212;1211;1210;1220;1209;1221;470;1208;1222;471;1207;1223;472;1206;473;1205;1204;1203;}1264:{1257;}1274:{1271;}1284:{1273;1272;}1286:{1285;1284;1283;1282;1281;1280;287;286;285;1279;284;1278;1277;1276;1275;1274;}1298:{383;382;1295;381;1294;380;1293;1292;1291;1290;1289;1288;1287;1286;}1308:{1302;1301;1300;1299;1298;1297;1296;}1315:{1314;1313;1312;479;478;1311;477;476;1310;475;1309;474;1308;1307;1306;1305;1304;1303;}1327:{1326;1325;1324;1330;1323;1331;1322;1332;1321;1333;1320;1334;1319;1335;1318;1336;1317;1337;1316;1338;1315;1339;}1334:{1340;1341;1342;1343;}1339:{671;670;669;668;667;666;}1343:{665;664;663;},288_289_290_291_292_334_335_336_337_338_339_444_445_446_447_544_545_546_636_637_638_639_719_720_721_722_723_903_904_905_906_1006_1007_1008_1009_1121_1122_1123_1124_1125_1126_1127_1128_1129_1130_1131_1132_1133_1134_1135_1136_1137_1138_1139_1140_1141_1142_1143_1144_1145_1146_1147_1148_1149_1150_1151_,505-504*0_505-506*0_505-503*0_505-507*0_505-502*0_505-508*0_505-501*0_505-509*0_505-500*0_505-510*0_505-499*0_505-511*0_505-498*0_505-512*0_505-944*0_505-943*0_505-945*0_505-942*0_505-946*0_505-941*0_505-947*0_505-497*0_505-513*0_505-496*0_505-514*0_505-848*0_505-847*0_505-849*0_505-850*0_505-851*0_505-495*0_505-515*0_505-494*0_505-516*0_505-493*0_505-517*0_493-492*1_493-491*1_493-490*1_493-846*1_493-489*1_493-845*1_493-488*1_493-844*1_493-852*1_493-843*1_493-853*1_493-487*1_493-842*1_493-854*1_493-486*1_493-841*1_493-855*1_493-485*1_493-484*1_493-483*1_493-482*1_493-481*1_493-505*1_510-940*1_510-948*1_510-939*1_510-949*1_510-938*1_510-950*1_510-937*1_510-951*1_510-518*1_510-936*1_510-952*1_510-519*1_510-520*1_510-521*1_510-522*1_481-480*2_481-752*2_481-751*2_481-753*2_481-750*2_481-754*2_481-749*2_481-755*2_481-748*2_481-756*2_481-747*2_481-757*2_481-746*2_481-758*2_481-745*2_481-759*2_481-744*2_481-760*2_481-743*2_481-761*2_481-762*2_481-763*2_522-523*2_522-524*2_522-525*2_522-526*2_522-527*2_522-528*2_522-1040*2_522-1039*2_522-1041*2_522-1038*2_522-1042*2_522-1037*2_522-1043*2_522-529*2_522-1036*2_522-1044*2_522-1035*2_522-1045*2_522-530*2_522-531*2_522-532*2_522-533*2_522-534*2_534-535*3_534-536*3_534-537*3_534-538*3_534-539*3_534-540*3_534-541*3_534-542*3_534-543*3_534-544*3_534-1136*3_534-545*3_534-546*3_546-547*4_546-548*4_546-1135*4_546-1137*4_546-1134*4_546-1138*4_546-549*4_546-1133*4_546-1139*4_546-550*4_546-1132*4_546-1140*4_546-551*4_546-1131*4_546-1141*4_546-552*4_546-1130*4_546-1142*4_546-553*4_546-1129*4_546-1143*4_546-554*4_546-1128*4_546-1144*4_546-555*4_546-1145*4_546-556*4_546-1146*4_546-557*4_546-1147*4_546-558*4_936-935*2_936-934*2_936-933*2_936-932*2_936-931*2_936-930*2_936-929*2_936-416*2_936-928*2_936-415*2_936-417*2_936-414*2_936-418*2_936-419*2_936-927*2_936-926*2_936-925*2_936-924*2_415-413*3_415-412*3_415-411*3_415-410*3_415-420*3_415-923*3_415-409*3_415-421*3_415-922*3_415-408*3_415-422*3_415-921*3_415-407*3_415-423*3_415-920*3_415-406*3_415-424*3_415-919*3_415-405*3_415-425*3_415-404*3_415-426*3_415-403*3_415-427*3_427-428*4_427-429*4_427-430*4_427-431*4_427-432*4_427-1024*4_427-1023*4_427-1025*4_427-1022*4_427-1026*4_427-1021*4_427-1027*4_427-433*4_427-1020*4_427-1028*4_427-434*4_427-1019*4_427-1029*4_427-1018*4_427-1030*4_427-435*4_427-436*4_427-437*4_427-438*4_427-439*4_558-559*5_558-560*5_558-1232*5_558-1231*5_558-1233*5_558-1230*5_558-1234*5_558-561*5_558-1229*5_558-1235*5_558-562*5_558-1228*5_558-1236*5_558-563*5_558-1227*5_558-1237*5_558-564*5_558-1226*5_558-1238*5_558-565*5_558-1225*5_558-1239*5_558-566*5_558-1224*5_558-1240*5_558-567*5_558-568*5_558-569*5_558-570*5_1019-1017*5_1019-1016*5_1019-1015*5_1019-1014*5_1019-1013*5_1019-1012*5_1019-1011*5_1019-1010*5_1019-1009*5_1019-336*5_1019-1008*5_1019-337*5_1019-338*5_1019-339*5_1019-1007*5_1019-1031*5_762-764*3_762-765*3_762-766*3_762-767*3_762-576*3_762-577*3_762-578*3_762-579*3_762-580*3_762-581*3_919-918*4_919-917*4_919-916*4_919-915*4_919-914*4_919-913*4_919-320*4_919-912*4_919-319*4_919-321*4_919-318*4_919-322*4_919-317*4_919-323*4_919-911*4_919-324*4_919-910*4_919-909*4_919-908*4_919-907*4_439-440*5_439-441*5_439-442*5_439-443*5_439-444*5_439-445*5_439-446*5_439-447*5_439-448*5_439-1120*5_439-1119*5_439-1121*5_439-449*5_439-450*5_439-451*5_949-953*2_949-954*2_949-955*2_949-956*2_949-957*2_949-958*2_949-959*2_949-608*2_320-316*5_320-315*5_320-325*5_320-314*5_320-326*5_320-906*5_320-313*5_320-327*5_320-905*5_320-312*5_320-328*5_320-904*5_320-311*5_320-329*5_320-903*5_320-310*5_320-330*5_320-902*5_320-309*5_320-331*5_320-901*5_320-308*5_320-332*5_320-900*5_567-571*6_567-572*6_567-573*6_567-574*6_567-575*6_567-1328*6_567-1327*6_567-1329*6_451-452*6_451-453*6_451-454*6_451-1118*6_451-1122*6_451-455*6_451-1117*6_451-1123*6_451-456*6_451-1116*6_451-1124*6_451-1115*6_451-1125*6_451-457*6_451-1114*6_451-1126*6_451-458*6_451-1113*6_451-1127*6_451-459*6_451-460*6_451-461*6_451-462*6_451-463*6_953-607*3_953-609*3_953-606*3_953-610*3_953-605*3_953-611*3_749-742*3_749-741*3_749-740*3_749-739*3_749-738*3_749-737*3_1007-1006*6_1007-335*6_1007-1005*6_1007-334*6_1007-1004*6_1007-333*6_1007-1003*6_1007-340*6_1007-1002*6_1007-341*6_1007-1001*6_1007-342*6_1007-1000*6_1007-343*6_1007-999*6_1007-344*6_1007-998*6_1007-345*6_1007-997*6_1007-996*6_1007-995*6_457-464*7_457-1216*7_457-1215*7_457-1217*7_457-1214*7_457-1218*7_457-1213*7_457-1219*7_457-465*7_457-466*7_457-467*7_457-468*7_457-469*7_340-346*7_340-347*7_340-348*7_340-349*7_340-350*7_340-351*7_340-352*7_340-1104*7_1045-1046*3_1045-1047*3_1045-1048*3_1045-1049*3_1045-1050*3_1045-1051*3_1045-1052*3_1045-1053*3_1045-1054*3_1045-1055*3_1045-624*3_1045-1034*3_1045-1033*3_901-899*6_901-898*6_901-897*6_901-224*6_901-896*6_901-223*6_901-225*6_901-222*6_901-226*6_901-221*6_901-227*6_901-895*6_901-220*6_901-228*6_901-894*6_901-219*6_901-229*6_901-218*6_901-230*6_901-893*6_901-892*6_901-891*6_901-890*6_901-889*6_737-384*4_737-736*4_737-385*4_737-735*4_737-386*4_737-734*4_737-387*4_737-733*4_737-388*4_737-732*4_737-389*4_737-731*4_737-390*4_737-730*4_737-391*4_737-729*4_737-392*4_737-728*4_737-393*4_737-727*4_737-394*4_737-726*4_737-395*4_737-725*4_1215-1212*8_1215-1211*8_1215-1210*8_1215-1220*8_1215-1209*8_1215-1221*8_1215-470*8_1215-1208*8_1215-1222*8_1215-471*8_1215-1207*8_1215-1223*8_1215-472*8_1215-1206*8_1215-473*8_1215-1205*8_1215-1204*8_1215-1203*8_889-888*7_889-887*7_889-886*7_889-885*7_889-884*7_889-883*7_889-882*7_889-881*7_889-128*7_889-880*7_889-127*7_889-129*7_889-130*7_889-131*7_889-879*7_889-878*7_889-877*7_352-353*8_352-1103*8_352-1105*8_352-354*8_352-1102*8_352-1106*8_352-355*8_352-1101*8_352-1107*8_352-356*8_352-1100*8_352-1108*8_877-876*8_352-357*8_352-1099*8_352-1109*8_877-875*8_352-358*8_352-1098*8_352-1110*8_877-874*8_352-359*8_352-1097*8_352-1111*8_877-126*8_877-873*8_352-360*8_352-1096*8_352-1112*8_877-125*8_877-124*8_877-132*8_877-872*8_352-361*8_352-1095*8_877-123*8_877-133*8_877-871*8_352-362*8_352-1094*8_877-122*8_877-134*8_877-870*8_352-363*8_352-1093*8_877-121*8_877-135*8_877-869*8_352-364*8_352-1092*8_877-868*8_877-867*8_877-866*8_877-865*8_1203-1202*9_1203-1201*9_1203-368*9_1203-1200*9_1203-367*9_1203-369*9_1203-366*9_1203-370*9_1203-1199*9_1203-365*9_1203-371*9_1203-372*9_1203-1198*9_1203-373*9_1203-1197*9_1203-374*9_1203-1196*9_1203-375*9_1203-1195*9_1203-376*9_1203-1194*9_1203-377*9_1203-1193*9_1203-378*9_1203-1192*9_1203-379*9_1203-1191*9_1327-1326*7_1327-1325*7_1327-1324*7_1327-1330*7_1327-1323*7_1327-1331*7_1327-1322*7_1327-1332*7_1327-1321*7_1327-1333*7_1327-1320*7_1327-1334*7_1327-1319*7_1327-1335*7_1327-1318*7_1327-1336*7_1327-1317*7_1327-1337*7_1327-1316*7_1327-1338*7_1327-1315*7_1327-1339*7_726-724*5_726-723*5_726-722*5_726-721*5_726-288*5_726-720*5_726-289*5_726-290*5_726-291*5_726-719*5_726-292*5_726-293*5_726-718*5_726-717*5_726-716*5_726-715*5_726-714*5_1198-1190*10_1198-1189*10_1198-1188*10_1198-1187*10_1198-1186*10_995-994*7_995-993*7_995-240*7_995-992*7_995-239*7_995-241*7_995-238*7_995-242*7_995-991*7_995-237*7_995-243*7_995-236*7_995-244*7_995-990*7_995-235*7_995-245*7_995-989*7_995-234*7_995-246*7_995-988*7_995-233*7_995-247*7_995-987*7_995-248*7_995-986*7_995-249*7_995-985*7_995-250*7_995-984*7_995-251*7_995-983*7_1334-1340*8_1315-1314*8_1334-1341*8_1315-1313*8_1334-1342*8_1315-1312*8_1315-479*8_1315-478*8_1334-1343*8_1315-1311*8_1315-477*8_1315-476*8_1315-1310*8_1315-475*8_1315-1309*8_1315-474*8_1315-1308*8_1315-1307*8_1315-1306*8_1315-1305*8_1315-1304*8_1315-1303*8_1339-671*8_1339-670*8_1339-669*8_1339-668*8_1339-667*8_1339-666*8_251-252*8_251-253*8_251-254*8_251-255*8_251-256*8_251-1088*8_251-1087*8_251-1089*8_251-1086*8_251-1090*8_251-1085*8_251-1091*8_251-257*8_251-1084*8_251-258*8_251-1083*8_251-1082*8_251-259*8_251-260*8_251-261*8_251-262*8_251-263*8_1308-1302*9_1308-1301*9_1308-1300*9_1308-1299*9_1308-1298*9_1308-1297*9_1308-1296*9_1033-1032*4_1298-383*10_1298-382*10_1298-1295*10_1298-381*10_1298-1294*10_1298-380*10_1298-1293*10_1298-1292*10_1298-1291*10_1298-1290*10_1298-1289*10_1298-1288*10_1298-1287*10_1298-1286*10_254-1081*9_254-1080*9_254-264*9_254-265*9_254-266*9_1186-1185*11_1186-272*11_1186-1184*11_1186-271*11_1186-273*11_1186-270*11_1186-274*11_1186-1183*11_1186-269*11_1186-275*11_1186-1182*11_1186-268*11_1186-276*11_1186-1181*11_1186-267*11_1186-277*11_1186-1180*11_1186-278*11_1186-1179*11_1186-279*11_1186-1178*11_1186-280*11_1186-1177*11_1186-281*11_1186-1176*11_1186-282*11_1186-1175*11_1186-283*11_1186-1174*11_865-32*9_865-864*9_865-31*9_865-33*9_865-30*9_865-34*9_865-29*9_865-35*9_865-28*9_865-36*9_865-27*9_865-37*9_865-26*9_865-38*9_865-25*9_865-39*9_865-24*9_865-40*9_865-23*9_865-41*9_865-42*9_865-43*9_609-612*4_609-613*4_609-604*4_609-614*4_609-603*4_609-615*4_609-602*4_609-616*4_609-601*4_609-617*4_609-600*4_609-618*4_609-599*4_609-619*4_609-598*4_609-620*4_609-597*4_609-621*4_714-713*6_714-712*6_714-711*6_714-710*6_714-709*6_714-708*6_714-707*6_714-706*6_714-705*6_714-192*6_714-704*6_714-193*6_714-194*6_714-195*6_714-703*6_714-702*6_615-622*5_615-623*5_615-625*5_615-626*5_615-627*5_989-982*8_989-981*8_989-980*8_989-979*8_989-978*8_989-977*8_627-628*6_627-629*6_627-630*6_627-631*6_627-632*6_627-633*6_627-634*6_627-635*6_627-636*6_627-637*6_627-638*6_627-639*6_978-144*9_978-976*9_978-143*9_978-145*9_978-142*9_978-146*9_978-975*9_978-141*9_978-147*9_978-974*9_978-140*9_978-148*9_978-973*9_978-139*9_978-149*9_978-972*9_978-138*9_978-150*9_978-971*9_978-137*9_978-151*9_978-970*9_978-136*9_978-152*9_978-969*9_978-153*9_978-968*9_978-154*9_978-967*9_978-155*9_978-966*9_1174-1173*12_1174-1172*12_1174-1171*12_1174-1170*12_1174-1169*12_1174-176*12_1174-1168*12_1174-175*12_1174-177*12_1174-174*12_1174-178*12_1174-173*12_1174-179*12_1174-1167*12_1174-172*12_1174-180*12_1174-171*12_1174-181*12_1174-1166*12_1174-1165*12_1174-1164*12_1174-1163*12_1174-1162*12_631-640*7_631-1151*7_631-641*7_631-642*7_631-643*7_155-156*10_966-965*10_155-157*10_966-964*10_155-158*10_966-963*10_155-159*10_966-962*10_155-160*10_155-1072*10_155-1071*10_155-1073*10_155-1070*10_155-1074*10_966-961*10_155-1069*10_155-1075*10_155-161*10_155-1068*10_155-1076*10_966-48*10_966-960*10_966-47*10_966-49*10_155-162*10_155-1067*10_155-1077*10_966-46*10_966-50*10_966-45*10_966-51*10_155-1066*10_155-1078*10_155-163*10_966-44*10_966-52*10_966-53*10_176-170*13_176-182*13_176-169*13_176-183*13_176-1161*13_176-168*13_176-184*13_176-1160*13_176-185*13_176-1159*13_176-186*13_176-1158*13_176-187*13_176-1157*13_176-188*13_176-1156*13_1156-1155*14_1156-1154*14_1156-1153*14_1156-80*14_1156-1152*14_1156-79*14_1156-81*14_1156-78*14_1156-82*14_1156-77*14_1156-83*14_1156-76*14_1156-84*14_1156-75*14_1156-85*14_1156-74*14_1156-86*14_1156-87*14_1286-1285*11_1286-1284*11_1286-1283*11_1286-1282*11_1286-1281*11_1286-1280*11_1286-287*11_1286-286*11_1286-285*11_1286-1279*11_1286-284*11_1286-1278*11_1286-1277*11_1286-1276*11_1286-1275*11_1286-1274*11_702-701*7_702-700*7_702-699*7_702-698*7_702-196*7_702-697*7_702-197*7_702-696*7_702-198*7_702-695*7_702-199*7_702-694*7_702-200*7_702-693*7_702-692*7_702-691*7_702-690*7_23-22*10_23-21*10_23-20*10_23-19*10_23-18*10_23-17*10_23-16*10_23-768*10_23-769*10_23-770*10_23-771*10_23-15*10_23-14*10_23-13*10_23-12*10_23-11*10_643-644*8_643-645*8_643-646*8_643-1150*8_643-647*8_643-1149*8_643-648*8_643-1148*8_643-649*8_643-650*8_643-651*8_643-652*8_643-653*8_643-654*8_643-655*8_188-189*14_188-190*14_188-191*14_188-1264*14_188-1263*14_188-1265*14_188-1262*14_188-1266*14_188-1261*14_188-1267*14_188-1260*14_188-1268*14_188-1259*14_188-1269*14_188-1258*14_188-1270*14_690-689*8_690-96*8_690-688*8_690-97*8_690-98*8_690-687*8_690-99*8_690-686*8_690-100*8_690-685*8_690-101*8_690-684*8_690-102*8_690-683*8_690-103*8_690-682*8_690-104*8_690-681*8_690-105*8_690-680*8_690-106*8_690-679*8_690-107*8_690-678*8_16-772*11_16-773*11_16-10*11_16-774*11_16-9*11_16-775*11_16-8*11_16-776*11_16-7*11_16-777*11_16-6*11_16-778*11_16-5*11_16-779*11_16-4*11_16-780*11_6-3*12_6-2*12_6-1*12_6-0*12_6-672*12_6-673*12_6-674*12_6-675*12_6-676*12_6-677*12_1343-665*9_1343-664*9_1343-663*9_650-656*9_650-1247*9_650-1246*9_650-1245*9_650-657*9_650-1244*9_650-1243*9_650-658*9_650-659*9_650-660*9_650-661*9_650-662*9_655-1242*9_655-1241*9_47-54*11_47-55*11_47-56*11_47-57*11_47-58*11_47-59*11_1068-1065*11_1068-1064*11_1068-1063*11_1068-164*11_1068-1062*11_1068-165*11_1068-1061*11_1068-166*11_1068-1060*11_1068-1059*11_1068-1058*11_1068-1057*11_1068-1079*11_1068-64*11_1068-1056*11_1284-1273*12_1284-1272*12_1274-1271*12_1060-63*12_1060-65*12_1060-62*12_1060-66*12_1060-61*12_1060-67*12_1060-60*12_1060-68*12_1060-69*12_82-88*15_82-89*15_82-90*15_82-73*15_82-91*15_82-92*15_82-93*15_82-94*15_229-231*7_229-232*7_229-217*7_766-582*4_766-583*4_766-584*4_94-95*16_94-1248*16_94-1249*16_94-1250*16_94-1251*16_94-1252*16_94-1253*16_94-1254*16_94-1255*16_94-1256*16_1264-1257*15_98-108*9_98-109*9_98-110*9_66-70*13_66-71*13_66-72*13_1069-167*11_
