"id","Scenario","Actual Range","Protocol","Buildings","Total nodes","Nodes on circ","Total coverage","Coverage on circ","Alert received mean time","Hops","Slots","Messages sent","Messages received", "Starting x", "Starting y","Starting node", "Vehicle distance", "Received node ids", "Node ids", "Transmission map", "Received on circ nodes", "Transmission vector"
0,1,100,300,1,1344,28,1331,28,2.29098e+06,21.8214,1947.79,932,1331,100,1900,1176,25,72_71_73_1177_70_74_1178_69_75_1179_68_76_1180_1176_1181_77_78_79_80_67_66_65_64_1182_81_82_83_1260_1183_63_1261_1262_1263_1264_1184_1265_1266_1267_1268_1185_1186_62_61_60_1092_1093_1094_59_1187_156_1188_155_157_154_158_1189_153_159_1190_58_57_1095_56_1096_1191_152_160_1192_55_54_53_151_1269_1270_1271_150_1193_52_51_50_1194_1195_49_48_1008_1009_1010_47_1011_46_1012_1013_45_1014_149_148_147_146_1015_1016_1017_1018_1097_1098_1099_1100_1272_167_166_1273_161_162_163_164_1101_1019_132_1020_165_1274_1275_145_144_1104_1103_1105_1102_1106_143_142_1107_141_1108_1109_1110_1111_1112_1113_1114_1115_228_1116_227_229_226_230_1117_225_231_1118_1196_232_1119_233_131_133_1021_130_134_1022_129_135_1023_128_136_1024_224_223_222_221_44_43_42_140_139_138_137_127_1025_126_1026_125_1027_124_1028_1029_1030_1031_216_1032_215_217_214_218_1033_213_219_1034_41_40_1197_1198_1199_220_39_38_1276_240_1200_239_241_238_242_1201_237_243_1202_37_36_924_925_926_35_34_33_32_927_31_244_245_1203_246_30_29_28_27_247_248_1120_1121_1122_123_122_121_120_936_935_937_119_934_938_118_933_939_117_116_115_114_1277_1123_1124_212_211_210_209_236_235_234_113_112_111_110_109_108_852_1035_26_25_24_840_208_207_206_205_841_842_23_843_22_1204_1205_1206_1207_1208_1209_1210_844_845_21_846_851_853_850_854_107_849_855_106_1125_249_250_20_19_1278_1279_1280_1281_18_17_16_15_1282_1283_1284_1126_1127_847_848_105_1211_324_1212_323_325_322_326_1213_321_327_1214_312_1128_311_313_310_314_1129_104_103_102_101_251_1285_309_1130_308_1131_307_315_306_305_304_303_204_948_947_949_946_950_203_1286_1287_945_951_202_1132_1133_1134_1288_1289_1290_328_329_330_331_952_953_954_955_856_857_858_859_302_301_300_1044_860_861_862_863_332_1135_1136_956_957_1291_1215_1216_1217_1218_1137_1138_1139_396_1140_299_1043_1045_298_1042_1046_297_1041_1047_296_1040_1048_14_1219_1220_1221_395_397_1141_394_398_1142_393_399_1143_392_400_1144_100_99_98_192_864_295_294_293_292_13_12_756_757_758_11_10_9_8_759_7_944_943_942_941_291_290_289_1292_1293_1294_958_959_288_960_961_962_287_963_286_964_965_966_967_6_5_4_932_940_201_1036_1037_1038_1039_333_334_97_1049_191_193_865_190_194_866_189_195_867_188_196_868_316_1145_1146_1147_1148_1149_1295_1150_1151_480_1152_479_481_478_482_1153_200_1296_335_1297_1298_1299_1300_285_284_1050_1051_1052_1053_1054_1055_384_1056_1222_1223_408_1224_477_1154_476_1155_475_483_187_186_185_407_409_1225_406_410_1226_405_411_1227_869_870_871_1301_1302_1303_1304_968_96_768_383_385_382_386_1057_381_387_1058_1305_1306_199_198_969_970_1228_1229_1230_1231_197_474_473_472_471_872_873_874_391_390_389_388_1232_1233_1234_1235_1059_470_469_468_1068_1067_1069_1066_1070_467_875_276_876_275_277_274_278_877_273_279_878_971_372_972_371_373_370_374_973_412_413_414_415_272_271_270_269_1156_1157_268_267_266_265_3_2_1_0_672_492_1236_491_493_490_494_1237_264_792_791_793_790_794_263_1307_1308_419_418_1309_417_1310_1158_795_262_796_261_789_797_466_465_1065_1071_464_1064_1072_380_379_378_377_260_259_258_283_95_767_769_94_766_770_93_765_771_92_764_772_673_674_675_376_375_1159_1160_1161_257_256_1060_1061_1062_1063_416_282_281_280_463_462_184_183_1073_91_90_89_88_1311_1312_87_86_1074_974_975_976_369_977_1313_1314_1315_495_496_1238_497_1239_498_255_254_253_252_708_773_774_775_1240_1241_489_1242_499_500_776_777_778_461_460_879_1162_1163_564_1164_563_565_562_566_1165_779_180_780_179_181_178_182_781_707_709_706_710_705_711_704_712_1075_1076_501_502_503_676_798_799_800_1316_1317_1318_782_783_784_177_785_677_678_679_680_561_560_1166_559_1167_558_978_979_980_713_714_715_1243_1244_1245_1246_1247_576_1248_459_1320_1319_1321_1322_1323_368_367_366_85_84_684_683_685_682_686_681_687_1324_716_717_718_719_801_802_803_348_804_176_175_174_173_786_787_788_981_982_172_171_880_1325_1326_983_456_984_455_457_454_458_985_453_986_575_577_1249_574_578_1250_573_579_1251_572_580_1252_688_1168_1169_1170_1171_1172_1173_1174_1077_1078_1079_170_347_349_805_346_350_806_345_351_807_1253_1327_1328_1329_1175_648_647_649_646_650_881_882_571_570_569_568_883_1330_1254_1255_808_809_452_451_987_450_1331_1332_587_586_1333_1334_585_1335_365_364_344_343_342_552_1080_551_553_550_554_1081_549_555_1082_884_651_652_653_654_1336_1337_1338_1339_556_1083_557_341_340_339_931_930_929_484_645_644_643_988_989_990_1084_1085_1340_1341_1342_1343_1086_1087_1088_1089_760_761_762_885_886_887_360_888_338_363_362_361_889_359_890_358_891_357_689_690_691_169_168_696_337_336_720_721_722_723_991_581_582_583_584_567_695_697_694_698_693_699_763_892_893_894_895_356_355_354_353_992_810_811_812_813_1090_1091_636_635_637_634_638_671_670_669_352_548_547_546_545_703_692_449_1256_1257_1258_448_724_725_726_1259_660_896_659_661_658_662_657_663_447_446_642_641_814_700_897_898_640_639_445_444_900_443_899_901_442_902_441_903_440_904_544_664_665_666_667_727_728_993_656_655_668_994_995_540_996_539_541_538_542_997_729_730_731_420_732_421_422_733_423_734_543_998_999_537_536_535_534_439_438_424_735_425_533_532_437_633_632_1000_1001_1002_1003_815_432_816_436_435_1004_1005_1006_736_737_905_906_907_908_909_431_433_817_430_434_818_429_819_701_428_427_820_821_822_823_910_911_528_912_527_529_526_530_913_1007_624_623_625_622_626_621_627_525_531_914_824_738_739_740_741_702_620_619_618_915_825_826_827_516_828_426_742_631_630_629_628_743_504_744_505_506_745_746_747_748_507_749_750_751_515_517_829_514_518_830_513_519_831_512_520_832_617_616_615_752_916_917_918_753_754_755_588_833_834_835_836_589_590_591_592_614_613_612_923_922_611_919_837_838_839_511_510_509_508_610_609_608_921_607_920_600_599_601_598_602_524_523_597_603_596_595_594_593_522_521_606_605_604_,0_1_2_3_4_5_6_7_8_9_10_11_12_13_14_15_16_17_18_19_20_21_22_23_24_25_26_27_28_29_30_31_32_33_34_35_36_37_38_39_40_41_42_43_44_45_46_47_48_49_50_51_52_53_54_55_56_57_58_59_60_61_62_63_64_65_66_67_68_69_70_71_72_73_74_75_76_77_78_79_80_81_82_83_84_85_86_87_88_89_90_91_92_93_94_95_96_97_98_99_100_101_102_103_104_105_106_107_108_109_110_111_112_113_114_115_116_117_118_119_120_121_122_123_124_125_126_127_128_129_130_131_132_133_134_135_136_137_138_139_140_141_142_143_144_145_146_147_148_149_150_151_152_153_154_155_156_157_158_159_160_161_162_163_164_165_166_167_168_169_170_171_172_173_174_175_176_177_178_179_180_181_182_183_184_185_186_187_188_189_190_191_192_193_194_195_196_197_198_199_200_201_202_203_204_205_206_207_208_209_210_211_212_213_214_215_216_217_218_219_220_221_222_223_224_225_226_227_228_229_230_231_232_233_234_235_236_237_238_239_240_241_242_243_244_245_246_247_248_249_250_251_252_253_254_255_256_257_258_259_260_261_262_263_264_265_266_267_268_269_270_271_272_273_274_275_276_277_278_279_280_281_282_283_284_285_286_287_288_289_290_291_292_293_294_295_296_297_298_299_300_301_302_303_304_305_306_307_308_309_310_311_312_313_314_315_316_317_318_319_320_321_322_323_324_325_326_327_328_329_330_331_332_333_334_335_336_337_338_339_340_341_342_343_344_345_346_347_348_349_350_351_352_353_354_355_356_357_358_359_360_361_362_363_364_365_366_367_368_369_370_371_372_373_374_375_376_377_378_379_380_381_382_383_384_385_386_387_388_389_390_391_392_393_394_395_396_397_398_399_400_401_402_403_404_405_406_407_408_409_410_411_412_413_414_415_416_417_418_419_420_421_422_423_424_425_426_427_428_429_430_431_432_433_434_435_436_437_438_439_440_441_442_443_444_445_446_447_448_449_450_451_452_453_454_455_456_457_458_459_460_461_462_463_464_465_466_467_468_469_470_471_472_473_474_475_476_477_478_479_480_481_482_483_484_485_486_487_488_489_490_491_492_493_494_495_496_497_498_499_500_501_502_503_504_505_506_507_508_509_510_511_512_513_514_515_516_517_518_519_520_521_522_523_524_525_526_527_528_529_530_531_532_533_534_535_536_537_538_539_540_541_542_543_544_545_546_547_548_549_550_551_552_553_554_555_556_557_558_559_560_561_562_563_564_565_566_567_568_569_570_571_572_573_574_575_576_577_578_579_580_581_582_583_584_585_586_587_588_589_590_591_592_593_594_595_596_597_598_599_600_601_602_603_604_605_606_607_608_609_610_611_612_613_614_615_616_617_618_619_620_621_622_623_624_625_626_627_628_629_630_631_632_633_634_635_636_637_638_639_640_641_642_643_644_645_646_647_648_649_650_651_652_653_654_655_656_657_658_659_660_661_662_663_664_665_666_667_668_669_670_671_672_673_674_675_676_677_678_679_680_681_682_683_684_685_686_687_688_689_690_691_692_693_694_695_696_697_698_699_700_701_702_703_704_705_706_707_708_709_710_711_712_713_714_715_716_717_718_719_720_721_722_723_724_725_726_727_728_729_730_731_732_733_734_735_736_737_738_739_740_741_742_743_744_745_746_747_748_749_750_751_752_753_754_755_756_757_758_759_760_761_762_763_764_765_766_767_768_769_770_771_772_773_774_775_776_777_778_779_780_781_782_783_784_785_786_787_788_789_790_791_792_793_794_795_796_797_798_799_800_801_802_803_804_805_806_807_808_809_810_811_812_813_814_815_816_817_818_819_820_821_822_823_824_825_826_827_828_829_830_831_832_833_834_835_836_837_838_839_840_841_842_843_844_845_846_847_848_849_850_851_852_853_854_855_856_857_858_859_860_861_862_863_864_865_866_867_868_869_870_871_872_873_874_875_876_877_878_879_880_881_882_883_884_885_886_887_888_889_890_891_892_893_894_895_896_897_898_899_900_901_902_903_904_905_906_907_908_909_910_911_912_913_914_915_916_917_918_919_920_921_922_923_924_925_926_927_928_929_930_931_932_933_934_935_936_937_938_939_940_941_942_943_944_945_946_947_948_949_950_951_952_953_954_955_956_957_958_959_960_961_962_963_964_965_966_967_968_969_970_971_972_973_974_975_976_977_978_979_980_981_982_983_984_985_986_987_988_989_990_991_992_993_994_995_996_997_998_999_1000_1001_1002_1003_1004_1005_1006_1007_1008_1009_1010_1011_1012_1013_1014_1015_1016_1017_1018_1019_1020_1021_1022_1023_1024_1025_1026_1027_1028_1029_1030_1031_1032_1033_1034_1035_1036_1037_1038_1039_1040_1041_1042_1043_1044_1045_1046_1047_1048_1049_1050_1051_1052_1053_1054_1055_1056_1057_1058_1059_1060_1061_1062_1063_1064_1065_1066_1067_1068_1069_1070_1071_1072_1073_1074_1075_1076_1077_1078_1079_1080_1081_1082_1083_1084_1085_1086_1087_1088_1089_1090_1091_1092_1093_1094_1095_1096_1097_1098_1099_1100_1101_1102_1103_1104_1105_1106_1107_1108_1109_1110_1111_1112_1113_1114_1115_1116_1117_1118_1119_1120_1121_1122_1123_1124_1125_1126_1127_1128_1129_1130_1131_1132_1133_1134_1135_1136_1137_1138_1139_1140_1141_1142_1143_1144_1145_1146_1147_1148_1149_1150_1151_1152_1153_1154_1155_1156_1157_1158_1159_1160_1161_1162_1163_1164_1165_1166_1167_1168_1169_1170_1171_1172_1173_1174_1175_1176_1177_1178_1179_1180_1181_1182_1183_1184_1185_1186_1187_1188_1189_1190_1191_1192_1193_1194_1195_1196_1197_1198_1199_1200_1201_1202_1203_1204_1205_1206_1207_1208_1209_1210_1211_1212_1213_1214_1215_1216_1217_1218_1219_1220_1221_1222_1223_1224_1225_1226_1227_1228_1229_1230_1231_1232_1233_1234_1235_1236_1237_1238_1239_1240_1241_1242_1243_1244_1245_1246_1247_1248_1249_1250_1251_1252_1253_1254_1255_1256_1257_1258_1259_1260_1261_1262_1263_1264_1265_1266_1267_1268_1269_1270_1271_1272_1273_1274_1275_1276_1277_1278_1279_1280_1281_1282_1283_1284_1285_1286_1287_1288_1289_1290_1291_1292_1293_1294_1295_1296_1297_1298_1299_1300_1301_1302_1303_1304_1305_1306_1307_1308_1309_1310_1311_1312_1313_1314_1315_1316_1317_1318_1319_1320_1321_1322_1323_1324_1325_1326_1327_1328_1329_1330_1331_1332_1333_1334_1335_1336_1337_1338_1339_1340_1341_1342_1343_,1:{673;674;675;}4:{3;2;1;0;672;}8:{6;5;4;}11:{10;9;8;759;7;}15:{13;12;756;757;758;11;}18:{14;}19:{18;17;16;15;}23:{20;19;}26:{841;842;23;843;22;}28:{26;25;24;840;}31:{30;29;28;27;}35:{34;33;32;927;31;}39:{37;36;924;925;926;35;}42:{39;38;}44:{41;40;}46:{44;43;42;}50:{1009;1010;47;1011;46;}52:{49;48;1008;}54:{52;51;50;}57:{54;53;}59:{55;}60:{58;57;1095;56;1096;}63:{62;61;60;1092;1093;1094;59;}67:{63;}68:{67;66;65;64;}76:{77;78;79;80;}80:{81;82;83;1260;}86:{85;84;684;683;685;682;686;681;687;}90:{87;86;}92:{91;90;89;88;}96:{95;767;769;94;766;770;93;765;771;92;764;772;}100:{96;768;}101:{97;}102:{100;99;98;}105:{104;103;102;101;}110:{851;853;850;854;107;849;855;106;}112:{109;108;852;}114:{113;112;111;110;}118:{116;115;114;}120:{932;940;}121:{120;936;935;937;119;934;938;118;933;939;117;}125:{123;122;121;}128:{127;126;125;124;}132:{131;133;1021;130;134;1022;129;135;1023;128;136;1024;}141:{140;139;138;137;}145:{142;1107;141;}147:{145;144;1104;1103;1105;1102;1106;143;}150:{149;148;147;146;}154:{150;}155:{151;}160:{161;162;163;164;}167:{165;1274;1275;}169:{695;697;694;698;693;699;}172:{169;168;696;}174:{170;}175:{172;171;}177:{176;175;174;173;}187:{184;183;}189:{187;186;185;}201:{197;}202:{199;198;}204:{200;}206:{945;951;202;}207:{204;948;947;949;946;950;203;}209:{208;207;206;205;}213:{212;211;210;209;}218:{1035;}223:{220;}225:{224;223;222;221;}229:{232;1119;233;}237:{236;235;234;}242:{244;245;1203;246;}244:{247;248;}246:{249;250;}252:{707;709;706;710;705;711;704;712;}256:{255;254;253;252;708;}260:{257;256;}262:{260;259;258;}267:{264;792;791;793;790;794;263;}269:{268;267;266;265;}273:{272;271;270;269;}276:{880;}278:{879;}283:{282;281;280;}287:{283;}288:{285;284;}290:{288;960;961;962;287;963;286;}293:{291;290;289;}296:{295;294;293;292;}304:{302;301;300;1044;}307:{306;305;304;303;}311:{309;1130;308;1131;307;315;}312:{316;}327:{328;329;330;331;}328:{332;}330:{333;334;}338:{337;336;720;721;722;723;}342:{338;}343:{341;340;339;}346:{344;343;342;}356:{352;}357:{356;355;354;353;}361:{889;359;890;358;891;357;}365:{363;362;361;}368:{365;364;}370:{368;367;366;}378:{376;375;}381:{380;379;378;377;}392:{391;390;389;388;}411:{412;413;414;415;}417:{416;}421:{424;735;425;}429:{426;}431:{428;427;}439:{436;435;}441:{437;}442:{439;438;}448:{445;444;900;}450:{447;446;}452:{448;}453:{449;}454:{452;451;987;450;}463:{459;}464:{461;460;}466:{463;462;}468:{466;465;1065;1071;464;1064;1072;}471:{470;469;468;1068;1067;1069;1066;1070;467;}475:{474;473;472;471;}479:{477;1154;476;1155;475;483;}480:{484;}494:{495;496;1238;497;1239;498;}496:{499;500;}499:{501;502;503;}502:{1320;1319;1321;1322;1323;}511:{508;}513:{511;510;509;}516:{515;517;829;514;518;830;513;519;831;512;520;832;}525:{522;521;}527:{524;523;}529:{915;}536:{533;532;}538:{536;535;534;}541:{543;998;999;537;}548:{544;}549:{548;547;546;545;}553:{556;1083;557;}562:{561;560;1166;559;1167;558;}571:{567;}572:{571;570;569;568;}576:{575;577;1249;574;578;1250;573;579;1251;572;580;1252;}580:{581;582;583;584;}588:{589;590;591;592;}597:{596;595;594;593;}607:{606;605;604;}611:{610;609;608;921;607;}615:{614;613;612;923;922;611;}619:{617;616;615;}622:{620;619;618;}632:{631;630;629;628;}636:{633;632;}641:{640;639;}645:{642;641;}647:{645;644;643;}650:{651;652;653;654;}658:{656;655;}663:{664;665;666;667;}664:{668;}672:{676;}676:{677;678;679;680;}684:{688;}687:{689;690;691;}688:{692;}696:{700;}697:{701;}701:{702;}707:{703;}711:{713;714;715;}715:{716;717;718;719;}722:{724;725;726;}724:{727;728;}728:{729;730;731;420;732;}730:{421;422;733;423;734;}733:{736;737;}737:{738;739;740;741;}738:{742;}741:{743;504;744;505;506;745;}745:{746;747;748;507;749;}747:{750;751;}748:{752;}752:{753;754;755;588;}758:{760;761;762;}760:{763;}771:{773;774;775;}774:{776;777;778;}777:{779;180;780;179;181;178;182;781;}781:{782;783;784;177;785;}785:{786;787;788;}793:{795;262;796;261;789;797;}796:{798;799;800;}800:{801;802;803;348;804;}803:{347;349;805;346;350;806;345;351;807;}805:{808;809;}809:{810;811;812;813;}810:{814;}812:{815;432;816;}815:{431;433;817;430;434;818;429;819;}819:{820;821;822;823;}820:{824;}824:{825;826;827;516;828;}832:{833;834;835;836;}835:{837;838;839;}837:{600;599;601;598;602;}839:{597;603;}842:{844;845;21;846;}845:{847;848;}851:{105;}855:{856;857;858;859;}859:{860;861;862;863;}860:{192;864;}863:{191;193;865;190;194;866;189;195;867;}864:{188;196;868;}867:{869;870;871;}870:{872;873;874;}874:{875;276;876;275;277;274;278;877;273;279;878;}878:{881;882;}879:{883;}880:{884;}884:{885;886;887;360;888;}891:{892;893;894;895;}892:{896;}894:{897;898;}900:{443;899;901;442;902;441;903;440;904;}903:{905;906;907;}905:{908;909;}909:{910;911;528;912;527;529;526;530;913;}910:{525;531;914;}914:{916;917;918;}915:{919;}919:{920;}933:{931;930;929;}945:{944;943;942;941;}946:{201;}951:{952;953;954;955;}953:{956;957;}955:{958;959;}963:{964;965;966;967;}964:{968;}966:{969;970;}969:{971;372;972;371;373;370;374;973;}973:{974;975;976;369;977;}976:{978;979;980;}978:{981;982;}982:{983;456;984;455;457;454;458;985;453;986;}986:{988;989;990;}987:{991;}988:{992;}989:{993;}993:{994;995;540;996;539;541;538;542;997;}999:{1000;1001;1002;1003;}1002:{1004;1005;1006;}1006:{1007;624;623;625;622;626;621;627;}1010:{1012;1013;45;1014;}1014:{1015;1016;1017;1018;}1016:{1019;132;1020;}1024:{1025;1026;1027;1028;}1026:{1029;1030;}1030:{1031;216;1032;215;217;214;218;1033;213;219;1034;}1035:{1036;1037;1038;1039;}1044:{299;1043;1045;298;1042;1046;297;1041;1047;296;1040;1048;}1045:{1049;}1048:{1050;1051;1052;}1049:{1053;}1052:{1054;1055;384;1056;}1054:{383;385;382;386;1057;381;387;1058;}1055:{1059;}1059:{1060;1061;1062;1063;}1069:{1073;}1070:{1074;}1072:{1075;1076;}1075:{1077;1078;1079;}1078:{552;1080;551;553;550;554;1081;549;555;1082;}1081:{1084;1085;}1085:{1086;1087;1088;1089;}1089:{1090;1091;636;635;637;634;638;}1096:{1097;1098;1099;1100;}1097:{1101;}1107:{1108;1109;1110;1111;}1111:{1112;1113;1114;1115;}1114:{228;1116;227;229;226;230;1117;225;231;1118;}1118:{1120;1121;1122;}1120:{1123;1124;}1121:{1125;}1123:{1126;1127;}1125:{312;1128;311;313;310;314;1129;}1130:{1132;1133;1134;}1132:{1135;1136;}1136:{1137;1138;1139;396;1140;}1140:{395;397;1141;394;398;1142;393;399;1143;392;400;1144;}1143:{1145;1146;1147;}1145:{1148;1149;}1149:{1150;1151;480;1152;479;481;478;482;1153;}1153:{1156;1157;}1154:{1158;}1157:{1159;1160;1161;}1161:{1162;1163;564;1164;563;565;562;566;1165;}1167:{1168;1169;1170;1171;}1170:{1172;1173;1174;}1173:{1175;648;647;649;646;650;}1176:{72;71;73;1177;70;74;1178;69;75;1179;68;76;1180;}1177:{1176;1181;}1178:{1182;}1179:{1183;}1180:{1184;}1182:{1185;1186;}1186:{1187;156;1188;155;157;154;158;1189;153;159;1190;}1188:{1191;152;160;1192;}1189:{1193;}1191:{1194;1195;}1192:{1196;}1195:{1197;1198;1199;}1198:{240;1200;239;241;238;242;1201;237;243;1202;}1202:{1204;1205;1206;}1206:{1207;1208;1209;1210;}1210:{1211;324;1212;323;325;322;326;1213;321;327;1214;}1214:{1215;1216;1217;1218;}1217:{1219;1220;1221;}1220:{1222;1223;408;1224;}1223:{407;409;1225;406;410;1226;405;411;1227;}1227:{1228;1229;1230;1231;}1231:{1232;1233;1234;1235;}1233:{492;1236;491;493;490;494;1237;}1238:{1240;1241;489;1242;}1240:{1243;1244;}1244:{1245;1246;1247;576;1248;}1249:{1253;}1251:{1254;1255;}1254:{1256;1257;1258;}1256:{1259;660;}1259:{659;661;658;662;657;663;}1260:{1261;1262;1263;1264;}1264:{1265;1266;1267;1268;}1267:{1269;1270;1271;}1269:{1272;167;166;1273;}1272:{1276;}1273:{1277;}1277:{1278;1279;1280;1281;}1280:{1282;1283;1284;}1281:{251;1285;}1283:{1286;1287;}1286:{1288;1289;1290;}1287:{1291;}1290:{1292;1293;1294;}1291:{1295;}1293:{1296;335;1297;}1296:{1298;1299;1300;}1300:{1301;1302;1303;1304;}1302:{1305;1306;}1306:{1307;1308;419;418;1309;417;1310;}1308:{1311;1312;}1311:{1313;1314;1315;}1314:{1316;1317;1318;}1320:{1324;}1322:{1325;1326;}1325:{1327;1328;1329;}1326:{1330;}1329:{1331;1332;587;586;1333;}1331:{1334;585;1335;}1335:{1336;1337;1338;1339;}1339:{1340;1341;1342;1343;}1342:{671;670;669;},31_32_33_117_118_207_208_209_305_306_307_308_309_939_940_941_942_943_1039_1040_1041_1130_1131_1215_1216_1217_1298_1299_,1176-72*0_1176-71*0_1176-73*0_1176-1177*0_1176-70*0_1176-74*0_1176-1178*0_1176-69*0_1176-75*0_1176-1179*0_1176-68*0_1176-76*0_1176-1180*0_1177-1176*1_1177-1181*1_76-77*1_76-78*1_76-79*1_76-80*1_68-67*1_68-66*1_68-65*1_68-64*1_1178-1182*2_80-81*2_80-82*2_80-83*2_80-1260*2_1179-1183*3_67-63*2_1260-1261*3_1260-1262*3_1260-1263*3_1260-1264*3_1180-1184*4_1264-1265*4_1264-1266*4_1264-1267*4_1264-1268*4_1182-1185*5_1182-1186*5_63-62*3_63-61*3_63-60*3_63-1092*3_63-1093*3_63-1094*3_63-59*3_1186-1187*6_1186-156*6_1186-1188*6_1186-155*6_1186-157*6_1186-154*6_1186-158*6_1186-1189*6_1186-153*6_1186-159*6_1186-1190*6_60-58*4_60-57*4_60-1095*4_60-56*4_60-1096*4_1188-1191*7_1188-152*7_1188-160*7_1188-1192*7_59-55*5_57-54*6_57-53*6_155-151*8_1267-1269*5_1267-1270*5_1267-1271*5_154-150*9_1189-1193*10_54-52*7_54-51*7_54-50*7_1191-1194*11_1191-1195*11_52-49*8_52-48*8_52-1008*8_50-1009*9_50-1010*9_50-47*9_50-1011*9_50-46*9_1010-1012*10_1010-1013*10_1010-45*10_1010-1014*10_150-149*10_150-148*10_150-147*10_150-146*10_1014-1015*11_1014-1016*11_1014-1017*11_1014-1018*11_1096-1097*5_1096-1098*5_1096-1099*5_1096-1100*5_1269-1272*6_1269-167*6_1269-166*6_1269-1273*6_160-161*8_160-162*8_160-163*8_160-164*8_1097-1101*6_1016-1019*12_1016-132*12_1016-1020*12_167-165*7_167-1274*7_167-1275*7_147-145*11_147-144*11_147-1104*11_147-1103*11_147-1105*11_147-1102*11_147-1106*11_147-143*11_145-142*12_145-1107*12_145-141*12_1107-1108*13_1107-1109*13_1107-1110*13_1107-1111*13_1111-1112*14_1111-1113*14_1111-1114*14_1111-1115*14_1114-228*15_1114-1116*15_1114-227*15_1114-229*15_1114-226*15_1114-230*15_1114-1117*15_1114-225*15_1114-231*15_1114-1118*15_1192-1196*12_229-232*16_229-1119*16_229-233*16_132-131*13_132-133*13_132-1021*13_132-130*13_132-134*13_132-1022*13_132-129*13_132-135*13_132-1023*13_132-128*13_132-136*13_132-1024*13_225-224*17_225-223*17_225-222*17_225-221*17_46-44*11_46-43*11_46-42*11_141-140*13_141-139*13_141-138*13_141-137*13_128-127*14_1024-1025*14_128-126*14_1024-1026*14_128-125*14_1024-1027*14_128-124*14_1024-1028*14_1026-1029*15_1026-1030*15_1030-1031*16_1030-216*16_1030-1032*16_1030-215*16_1030-217*16_1030-214*16_1030-218*16_1030-1033*16_1030-213*16_1030-219*16_1030-1034*16_44-41*12_44-40*12_1195-1197*13_1195-1198*13_1195-1199*13_223-220*18_42-39*13_42-38*13_1272-1276*12_1198-240*14_1198-1200*14_1198-239*14_1198-241*14_1198-238*14_1198-242*14_1198-1201*14_1198-237*14_1198-243*14_1198-1202*14_39-37*14_39-36*14_39-924*14_39-925*14_39-926*14_39-35*14_35-34*15_35-33*15_35-32*15_35-927*15_35-31*15_242-244*15_242-245*15_242-1203*15_242-246*15_31-30*16_31-29*16_31-28*16_31-27*16_244-247*16_244-248*16_1118-1120*18_1118-1121*18_1118-1122*18_125-123*15_125-122*15_125-121*15_121-120*16_121-936*16_121-935*16_121-937*16_121-119*16_121-934*16_121-938*16_121-118*16_121-933*16_121-939*16_121-117*16_118-116*17_118-115*17_118-114*17_1273-1277*13_1120-1123*19_1120-1124*19_213-212*17_213-211*17_213-210*17_213-209*17_237-236*15_237-235*15_237-234*15_114-113*18_114-112*18_114-111*18_114-110*18_112-109*19_112-108*19_112-852*19_218-1035*20_28-26*17_28-25*17_28-24*17_28-840*17_209-208*18_209-207*18_209-206*18_209-205*18_26-841*18_26-842*18_26-23*18_26-843*18_26-22*18_1202-1204*16_1202-1205*16_1202-1206*16_1206-1207*17_1206-1208*17_1206-1209*17_1206-1210*17_842-844*19_842-845*19_842-21*19_842-846*19_110-851*20_110-853*20_110-850*20_110-854*20_110-107*20_110-849*20_110-855*20_110-106*20_1121-1125*20_246-249*17_246-250*17_23-20*20_23-19*20_1277-1278*14_1277-1279*14_1277-1280*14_1277-1281*14_19-18*21_19-17*21_19-16*21_19-15*21_1280-1282*15_1280-1283*15_1280-1284*15_1123-1126*21_1123-1127*21_845-847*20_845-848*20_851-105*21_1210-1211*18_1210-324*18_1210-1212*18_1210-323*18_1210-325*18_1210-322*18_1210-326*18_1210-1213*18_1210-321*18_1210-327*18_1210-1214*18_1125-312*22_1125-1128*22_1125-311*22_1125-313*22_1125-310*22_1125-314*22_1125-1129*22_105-104*22_105-103*22_105-102*22_105-101*22_1281-251*16_1281-1285*16_311-309*23_311-1130*23_311-308*23_311-1131*23_311-307*23_311-315*23_307-306*24_307-305*24_307-304*24_307-303*24_207-204*19_207-948*19_207-947*19_207-949*19_207-946*19_207-950*19_207-203*19_1283-1286*17_1283-1287*17_206-945*24_206-951*24_206-202*24_1130-1132*24_1130-1133*24_1130-1134*24_1286-1288*18_1286-1289*18_1286-1290*18_327-328*19_327-329*19_327-330*19_327-331*19_951-952*25_951-953*25_951-954*25_951-955*25_855-856*22_855-857*22_855-858*22_855-859*22_304-302*25_304-301*25_304-300*25_304-1044*25_859-860*23_859-861*23_859-862*23_859-863*23_328-332*20_1132-1135*25_1132-1136*25_953-956*26_953-957*26_1287-1291*19_1214-1215*20_1214-1216*20_1214-1217*20_1214-1218*20_1136-1137*26_1136-1138*26_1136-1139*26_1136-396*26_1136-1140*26_1044-299*26_1044-1043*26_1044-1045*26_1044-298*26_1044-1042*26_1044-1046*26_1044-297*26_1044-1041*26_1044-1047*26_1044-296*26_1044-1040*26_1044-1048*26_18-14*22_1217-1219*21_1217-1220*21_1217-1221*21_1140-395*27_1140-397*27_1140-1141*27_1140-394*27_1140-398*27_1140-1142*27_1140-393*27_1140-399*27_1140-1143*27_1140-392*27_1140-400*27_1140-1144*27_102-100*24_102-99*24_102-98*24_860-192*24_860-864*24_296-295*27_296-294*27_296-293*27_296-292*27_15-13*23_15-12*23_15-756*23_15-757*23_15-758*23_15-11*23_11-10*24_11-9*24_11-8*24_11-759*24_11-7*24_945-944*25_945-943*25_945-942*25_945-941*25_293-291*28_293-290*28_293-289*28_1290-1292*20_1290-1293*20_1290-1294*20_955-958*27_955-959*27_290-288*29_290-960*29_290-961*29_290-962*29_290-287*29_290-963*29_290-286*29_963-964*30_963-965*30_963-966*30_963-967*30_8-6*25_8-5*25_8-4*25_120-932*19_120-940*19_946-201*26_1035-1036*22_1035-1037*22_1035-1038*22_1035-1039*22_330-333*21_330-334*21_101-97*25_1045-1049*27_863-191*25_863-193*25_863-865*25_863-190*25_863-194*25_863-866*25_863-189*25_863-195*25_863-867*25_864-188*26_864-196*26_864-868*26_312-316*23_1143-1145*28_1143-1146*28_1143-1147*28_1145-1148*29_1145-1149*29_1291-1295*21_1149-1150*30_1149-1151*30_1149-480*30_1149-1152*30_1149-479*30_1149-481*30_1149-478*30_1149-482*30_1149-1153*30_204-200*27_1293-1296*22_1293-335*22_1293-1297*22_1296-1298*23_1296-1299*23_1296-1300*23_288-285*30_288-284*30_1048-1050*28_1048-1051*28_1048-1052*28_1049-1053*29_1052-1054*30_1052-1055*30_1052-384*30_1052-1056*30_1220-1222*22_1220-1223*22_1220-408*22_1220-1224*22_479-477*31_479-1154*31_479-476*31_479-1155*31_479-475*31_479-483*31_189-187*27_189-186*27_189-185*27_1223-407*23_1223-409*23_1223-1225*23_1223-406*23_1223-410*23_1223-1226*23_1223-405*23_1223-411*23_1223-1227*23_867-869*27_867-870*27_867-871*27_1300-1301*24_1300-1302*24_1300-1303*24_1300-1304*24_964-968*32_100-96*26_100-768*26_1054-383*31_1054-385*31_1054-382*31_1054-386*31_1054-1057*31_1054-381*31_1054-387*31_1054-1058*31_1302-1305*25_1302-1306*25_202-199*29_202-198*29_966-969*33_966-970*33_1227-1228*24_1227-1229*24_1227-1230*24_1227-1231*24_201-197*30_475-474*32_475-473*32_475-472*32_475-471*32_870-872*28_870-873*28_870-874*28_392-391*28_392-390*28_392-389*28_392-388*28_1231-1232*25_1231-1233*25_1231-1234*25_1231-1235*25_1055-1059*32_471-470*33_471-469*33_471-468*33_471-1068*33_471-1067*33_471-1069*33_471-1066*33_471-1070*33_471-467*33_874-875*29_874-276*29_874-876*29_874-275*29_874-277*29_874-274*29_874-278*29_874-877*29_874-273*29_874-279*29_874-878*29_969-971*34_969-372*34_969-972*34_969-371*34_969-373*34_969-370*34_969-374*34_969-973*34_411-412*24_411-413*24_411-414*24_411-415*24_273-272*30_273-271*30_273-270*30_273-269*30_1153-1156*32_1153-1157*32_269-268*31_269-267*31_269-266*31_269-265*31_4-3*26_4-2*26_4-1*26_4-0*26_4-672*26_1233-492*26_1233-1236*26_1233-491*26_1233-493*26_1233-490*26_1233-494*26_1233-1237*26_267-264*32_267-792*32_267-791*32_267-793*32_267-790*32_267-794*32_267-263*32_1306-1307*26_1306-1308*26_1306-419*26_1306-418*26_1306-1309*26_1306-417*26_1306-1310*26_1154-1158*33_793-795*33_793-262*33_793-796*33_793-261*33_793-789*33_793-797*33_468-466*34_468-465*34_468-1065*34_468-1071*34_468-464*34_468-1064*34_468-1072*34_381-380*34_381-379*34_381-378*34_381-377*34_262-260*34_262-259*34_262-258*34_287-283*31_96-95*27_96-767*27_96-769*27_96-94*27_96-766*27_96-770*27_96-93*27_96-765*27_96-771*27_96-92*27_96-764*27_96-772*27_1-673*27_1-674*27_1-675*27_378-376*35_378-375*35_1157-1159*34_1157-1160*34_1157-1161*34_260-257*35_260-256*35_1059-1060*34_1059-1061*34_1059-1062*34_1059-1063*34_417-416*27_283-282*32_283-281*32_283-280*32_466-463*35_466-462*35_187-184*29_187-183*29_1069-1073*36_92-91*28_92-90*28_92-89*28_92-88*28_1308-1311*28_1308-1312*28_90-87*29_90-86*29_1070-1074*37_973-974*35_973-975*35_973-976*35_973-369*35_973-977*35_1311-1313*29_1311-1314*29_1311-1315*29_494-495*27_494-496*27_494-1238*27_494-497*27_494-1239*27_494-498*27_256-255*36_256-254*36_256-253*36_256-252*36_256-708*36_771-773*28_771-774*28_771-775*28_1238-1240*28_1238-1241*28_1238-489*28_1238-1242*28_496-499*28_496-500*28_774-776*29_774-777*29_774-778*29_464-461*36_464-460*36_278-879*34_1161-1162*35_1161-1163*35_1161-564*35_1161-1164*35_1161-563*35_1161-565*35_1161-562*35_1161-566*35_1161-1165*35_777-779*30_777-180*30_777-780*30_777-179*30_777-181*30_777-178*30_777-182*30_777-781*30_252-707*37_252-709*37_252-706*37_252-710*37_252-705*37_252-711*37_252-704*37_252-712*37_1072-1075*38_1072-1076*38_499-501*29_499-502*29_499-503*29_672-676*28_796-798*34_796-799*34_796-800*34_1314-1316*30_1314-1317*30_1314-1318*30_781-782*31_781-783*31_781-784*31_781-177*31_781-785*31_676-677*29_676-678*29_676-679*29_676-680*29_562-561*36_562-560*36_562-1166*36_562-559*36_562-1167*36_562-558*36_976-978*36_976-979*36_976-980*36_711-713*38_711-714*38_711-715*38_1240-1243*29_1240-1244*29_1244-1245*30_1244-1246*30_1244-1247*30_1244-576*30_1244-1248*30_463-459*38_502-1320*30_502-1319*30_502-1321*30_502-1322*30_502-1323*30_370-368*36_370-367*36_370-366*36_86-85*30_86-84*30_86-684*30_86-683*30_86-685*30_86-682*30_86-686*30_86-681*30_86-687*30_1320-1324*32_715-716*39_715-717*39_715-718*39_715-719*39_800-801*35_800-802*35_800-803*35_800-348*35_800-804*35_177-176*32_177-175*32_177-174*32_177-173*32_785-786*32_785-787*32_785-788*32_978-981*37_978-982*37_175-172*33_175-171*33_276-880*36_1322-1325*33_1322-1326*33_982-983*38_982-456*38_982-984*38_982-455*38_982-457*38_982-454*38_982-458*38_982-985*38_982-453*38_982-986*38_576-575*31_576-577*31_576-1249*31_576-574*31_576-578*31_576-1250*31_576-573*31_576-579*31_576-1251*31_576-572*31_576-580*31_576-1252*31_684-688*31_1167-1168*37_1167-1169*37_1167-1170*37_1167-1171*37_1170-1172*38_1170-1173*38_1170-1174*38_1075-1077*39_1075-1078*39_1075-1079*39_174-170*34_803-347*36_803-349*36_803-805*36_803-346*36_803-350*36_803-806*36_803-345*36_803-351*36_803-807*36_1249-1253*32_1325-1327*34_1325-1328*34_1325-1329*34_1173-1175*39_1173-648*39_1173-647*39_1173-649*39_1173-646*39_1173-650*39_878-881*37_878-882*37_572-571*32_572-570*32_572-569*32_572-568*32_879-883*38_1326-1330*35_1251-1254*33_1251-1255*33_805-808*37_805-809*37_454-452*39_454-451*39_454-987*39_454-450*39_1329-1331*36_1329-1332*36_1329-587*36_1329-586*36_1329-1333*36_1331-1334*37_1331-585*37_1331-1335*37_368-365*39_368-364*39_346-344*38_346-343*38_346-342*38_1078-552*40_1078-1080*40_1078-551*40_1078-553*40_1078-550*40_1078-554*40_1078-1081*40_1078-549*40_1078-555*40_1078-1082*40_880-884*39_650-651*40_650-652*40_650-653*40_650-654*40_1335-1336*38_1335-1337*38_1335-1338*38_1335-1339*38_553-556*41_553-1083*41_553-557*41_343-341*39_343-340*39_343-339*39_933-931*20_933-930*20_933-929*20_480-484*33_647-645*41_647-644*41_647-643*41_986-988*40_986-989*40_986-990*40_1081-1084*42_1081-1085*42_1339-1340*39_1339-1341*39_1339-1342*39_1339-1343*39_1085-1086*43_1085-1087*43_1085-1088*43_1085-1089*43_758-760*23_758-761*23_758-762*23_884-885*40_884-886*40_884-887*40_884-360*40_884-888*40_342-338*40_365-363*40_365-362*40_365-361*40_361-889*41_361-359*41_361-890*41_361-358*41_361-891*41_361-357*41_687-689*32_687-690*32_687-691*32_172-169*35_172-168*35_172-696*35_338-337*41_338-336*41_338-720*41_338-721*41_338-722*41_338-723*41_987-991*41_580-581*32_580-582*32_580-583*32_580-584*32_571-567*33_169-695*36_169-697*36_169-694*36_169-698*36_169-693*36_169-699*36_760-763*24_891-892*42_891-893*42_891-894*42_891-895*42_357-356*42_357-355*42_357-354*42_357-353*42_988-992*42_809-810*38_809-811*38_809-812*38_809-813*38_1089-1090*44_1089-1091*44_1089-636*44_1089-635*44_1089-637*44_1089-634*44_1089-638*44_1342-671*40_1342-670*40_1342-669*40_356-352*43_549-548*43_549-547*43_549-546*43_549-545*43_707-703*39_688-692*33_453-449*43_1254-1256*34_1254-1257*34_1254-1258*34_452-448*44_722-724*42_722-725*42_722-726*42_1256-1259*35_1256-660*35_892-896*43_1259-659*36_1259-661*36_1259-658*36_1259-662*36_1259-657*36_1259-663*36_450-447*45_450-446*45_645-642*42_645-641*42_810-814*39_696-700*37_894-897*44_894-898*44_641-640*43_641-639*43_448-445*46_448-444*46_448-900*46_900-443*47_900-899*47_900-901*47_900-442*47_900-902*47_900-441*47_900-903*47_900-440*47_900-904*47_548-544*44_663-664*37_663-665*37_663-666*37_663-667*37_724-727*43_724-728*43_989-993*43_658-656*37_658-655*37_664-668*38_993-994*44_993-995*44_993-540*44_993-996*44_993-539*44_993-541*44_993-538*44_993-542*44_993-997*44_728-729*44_728-730*44_728-731*44_728-420*44_728-732*44_730-421*45_730-422*45_730-733*45_730-423*45_730-734*45_541-543*45_541-998*45_541-999*45_541-537*45_538-536*46_538-535*46_538-534*46_442-439*48_442-438*48_421-424*46_421-735*46_421-425*46_536-533*47_536-532*47_441-437*49_636-633*45_636-632*45_999-1000*47_999-1001*47_999-1002*47_999-1003*47_812-815*40_812-432*40_812-816*40_439-436*50_439-435*50_1002-1004*48_1002-1005*48_1002-1006*48_733-736*47_733-737*47_903-905*49_903-906*49_903-907*49_905-908*50_905-909*50_815-431*50_815-433*50_815-817*50_815-430*50_815-434*50_815-818*50_815-429*50_815-819*50_697-701*38_431-428*51_431-427*51_819-820*52_819-821*52_819-822*52_819-823*52_909-910*51_909-911*51_909-528*51_909-912*51_909-527*51_909-529*51_909-526*51_909-530*51_909-913*51_1006-1007*49_1006-624*49_1006-623*49_1006-625*49_1006-622*49_1006-626*49_1006-621*49_1006-627*49_910-525*52_910-531*52_910-914*52_820-824*53_737-738*48_737-739*48_737-740*48_737-741*48_701-702*39_622-620*51_622-619*51_622-618*51_529-915*53_824-825*54_824-826*54_824-827*54_824-516*54_824-828*54_429-426*52_738-742*49_632-631*46_632-630*46_632-629*46_632-628*46_741-743*50_741-504*50_741-744*50_741-505*50_741-506*50_741-745*50_745-746*51_745-747*51_745-748*51_745-507*51_745-749*51_747-750*52_747-751*52_516-515*55_516-517*55_516-829*55_516-514*55_516-518*55_516-830*55_516-513*55_516-519*55_516-831*55_516-512*55_516-520*55_516-832*55_619-617*52_619-616*52_619-615*52_748-752*53_914-916*54_914-917*54_914-918*54_752-753*54_752-754*54_752-755*54_752-588*54_832-833*56_832-834*56_832-835*56_832-836*56_588-589*55_588-590*55_588-591*55_588-592*55_615-614*53_615-613*53_615-612*53_615-923*53_615-922*53_615-611*53_915-919*55_835-837*57_835-838*57_835-839*57_513-511*56_513-510*56_513-509*56_511-508*57_611-610*54_611-609*54_611-608*54_611-921*54_611-607*54_919-920*56_837-600*58_837-599*58_837-601*58_837-598*58_837-602*58_527-524*54_527-523*54_839-597*59_839-603*59_597-596*60_597-595*60_597-594*60_597-593*60_525-522*55_525-521*55_607-606*55_607-605*55_607-604*55_
