"id","Scenario","Actual Range","Protocol","Buildings","Total nodes","Nodes on circ","Total coverage","Coverage on circ","Alert received mean time","Hops","Slots","Messages sent","Messages received", "Starting x", "Starting y","Starting node", "Vehicle distance", "Received node ids", "Node ids", "Transmission map", "Received on circ nodes", "Transmission vector"
0,1,100,500,1,1344,37,1333,37,344455,20.9189,275.189,870,1333,1300,2150,418,25,417_419_416_1308_1307_1309_1306_1310_415_1305_1311_414_418_1312_1313_1304_1303_1302_413_412_411_410_409_408_1224_1223_1225_1222_1226_407_1301_1300_1299_1298_406_1221_1227_405_1228_1229_1230_1314_1315_1316_1317_1318_1231_1232_1233_1234_404_403_402_401_1319_1320_1235_492_1236_400_399_398_503_1321_502_1322_501_1323_1297_1296_335_334_1295_500_499_333_1294_332_1293_331_491_493_1237_490_494_1238_489_495_1239_1292_1291_1290_1220_1219_1218_1217_330_329_328_327_397_396_1140_1139_1141_1138_1142_395_1137_1143_394_498_497_496_393_392_391_390_1324_1240_1241_1242_1289_1288_1287_1243_1244_1245_389_388_387_386_1286_1216_1215_1214_1213_385_323_325_1211_322_326_1210_321_1209_1246_1247_576_1248_575_577_574_578_1249_384_1056_324_1212_320_319_1325_1326_1055_1057_1054_1058_383_1053_1059_382_1208_1207_1206_1205_1136_1144_573_579_1250_1135_1134_572_1251_571_488_487_486_485_1052_1051_381_1050_1133_1132_1131_1130_1129_312_1128_311_313_310_314_1127_570_380_379_378_377_318_317_1126_1125_1124_309_315_1123_1252_1253_1254_1255_1256_1257_1327_1328_1049_1048_1047_1204_316_1046_1045_300_1044_299_301_298_302_1043_569_568_1258_1259_1329_1330_1331_1332_1060_1061_1062_1063_660_659_661_658_662_657_663_1042_297_303_1041_296_304_1040_1285_1284_251_250_1283_249_1282_484_483_482_481_295_294_293_292_308_307_306_1145_1146_1147_1148_291_567_566_565_587_1333_586_1334_585_1335_584_1336_1203_1281_480_1152_1151_1153_1150_1154_479_305_564_1164_1163_1165_1162_1166_563_1167_1168_562_1169_561_1170_664_665_666_667_1122_1121_1120_1155_478_1156_477_1149_1157_1171_1172_1173_1174_656_655_1202_1201_240_1200_239_241_238_242_1199_290_289_288_960_959_961_958_962_287_1064_1198_237_243_1197_236_244_1196_376_375_374_286_957_963_285_1119_1118_1117_1337_1338_1339_654_653_652_651_1158_476_475_474_473_1280_1279_1340_1341_373_372_972_971_973_970_974_371_969_975_370_472_471_470_1039_1038_1037_1036_1035_1195_1194_1193_469_468_1068_1067_1069_1066_1070_467_1065_1071_466_369_368_367_366_1278_1175_648_964_965_966_465_464_463_956_955_954_953_284_650_649_647_1277_283_282_228_1116_227_229_226_230_1115_231_1114_232_1113_225_233_1342_1343_560_559_558_557_952_951_224_1112_462_461_460_646_645_1276_556_555_1159_1160_1161_365_554_553_552_1080_235_234_1034_1033_216_1032_950_949_204_948_203_205_202_206_947_1111_1110_1192_1191_1079_1081_1078_1082_551_1077_1083_550_1084_1085_549_1086_1275_1274_1273_281_459_458_457_456_984_364_363_362_1190_644_361_360_888_887_889_886_890_359_885_891_358_215_217_1031_214_218_1030_213_219_1029_212_220_1028_983_985_982_986_455_981_987_454_1087_643_642_641_640_946_201_207_945_200_208_944_1189_156_1188_155_157_154_158_1187_153_159_1186_1088_199_198_197_892_357_893_1185_639_223_222_221_211_210_209_1272_167_166_1271_163_1184_1183_1182_165_164_1270_1269_162_671_670_669_280_279_278_1109_1108_1268_1267_1266_196_195_194_193_356_355_354_1265_1107_1106_1105_144_1104_980_979_978_977_1072_1073_1074_1075_548_547_546_545_943_942_941_1181_161_160_1264_277_276_876_875_877_874_878_275_192_864_863_865_862_866_191_861_867_190_1263_1262_1261_1260_453_452_451_450_873_879_274_353_1027_1026_1025_880_881_882_883_273_544_543_449_860_859_189_858_1089_1090_868_869_870_871_668_188_187_186_1076_1024_638_448_447_446_445_143_145_1103_142_146_1102_141_147_1101_940_939_938_542_857_856_855_854_968_976_1023_1180_1179_1178_272_271_270_269_967_894_895_896_1022_1021_132_1020_853_108_852_148_149_131_133_1019_130_134_1018_129_135_1017_128_136_1016_152_151_185_184_140_1100_352_1015_1014_83_82_81_937_120_936_119_121_118_122_935_117_123_934_441_183_182_181_351_350_349_1091_636_635_637_634_633_933_932_931_930_139_138_137_348_804_803_805_802_806_347_801_807_346_1177_72_1176_71_73_70_74_632_631_872_180_780_779_781_778_782_179_80_630_629_897_898_178_177_176_777_783_175_929_928_927_1013_1012_69_68_67_75_345_344_343_342_1099_1098_1097_127_126_125_124_440_442_439_443_438_444_900_899_901_902_437_150_776_775_774_773_341_988_989_107_109_106_110_851_105_111_850_104_103_849_102_174_173_990_991_992_993_994_995_926_884_1096_1095_1094_628_116_115_1011_1010_1009_48_1008_340_339_338_337_336_720_719_721_718_722_47_49_46_50_45_51_44_52_268_267_266_265_903_114_113_112_541_540_996_997_998_539_101_100_99_98_723_724_725_726_97_538_264_792_791_793_790_794_263_772_771_770_172_171_769_96_768_95_94_767_93_766_789_795_262_92_91_90_89_1093_60_1092_59_61_58_62_43_42_41_170_169_537_536_999_535_796_797_261_798_66_63_64_65_1000_1001_1002_1003_627_626_625_1004_1005_1006_1007_40_39_727_728_729_730_436_435_434_433_765_764_432_816_815_817_431_814_818_430_813_819_429_731_420_732_624_623_622_621_38_37_57_56_88_87_86_85_925_788_787_36_924_35_34_33_534_421_733_422_734_423_735_424_736_737_738_620_619_618_533_428_427_32_31_55_54_532_84_684_683_685_682_686_681_687_168_696_695_697_694_698_848_847_846_845_426_425_53_617_616_615_614_786_785_784_699_700_693_701_739_740_613_612_923_922_611_260_259_258_257_921_610_920_609_919_528_912_844_843_842_30_29_28_692_691_690_763_762_761_760_27_26_25_24_840_76_77_78_680_679_678_608_607_531_841_904_23_22_21_256_255_254_253_606_905_677_676_20_19_18_17_252_708_707_709_706_710_705_711_689_688_16_15_741_759_758_757_12_756_800_799_14_13_527_529_911_913_526_530_910_914_525_909_915_524_908_916_704_703_702_523_917_918_521_520_519_675_906_907_605_11_10_9_8_604_712_713_714_715_7_742_743_504_744_505_506_745_674_673_0_672_1_2_6_717_507_746_522_518_517_716_516_828_827_829_826_830_515_825_831_514_832_833_834_835_5_4_824_823_822_821_603_602_3_747_508_748_749_750_751_752_753_836_837_838_513_512_511_754_755_588_601_600_510_509_589_590_591_839_599_598_597_596_595_594_593_592_812_811_810_820_,0_1_2_3_4_5_6_7_8_9_10_11_12_13_14_15_16_17_18_19_20_21_22_23_24_25_26_27_28_29_30_31_32_33_34_35_36_37_38_39_40_41_42_43_44_45_46_47_48_49_50_51_52_53_54_55_56_57_58_59_60_61_62_63_64_65_66_67_68_69_70_71_72_73_74_75_76_77_78_79_80_81_82_83_84_85_86_87_88_89_90_91_92_93_94_95_96_97_98_99_100_101_102_103_104_105_106_107_108_109_110_111_112_113_114_115_116_117_118_119_120_121_122_123_124_125_126_127_128_129_130_131_132_133_134_135_136_137_138_139_140_141_142_143_144_145_146_147_148_149_150_151_152_153_154_155_156_157_158_159_160_161_162_163_164_165_166_167_168_169_170_171_172_173_174_175_176_177_178_179_180_181_182_183_184_185_186_187_188_189_190_191_192_193_194_195_196_197_198_199_200_201_202_203_204_205_206_207_208_209_210_211_212_213_214_215_216_217_218_219_220_221_222_223_224_225_226_227_228_229_230_231_232_233_234_235_236_237_238_239_240_241_242_243_244_245_246_247_248_249_250_251_252_253_254_255_256_257_258_259_260_261_262_263_264_265_266_267_268_269_270_271_272_273_274_275_276_277_278_279_280_281_282_283_284_285_286_287_288_289_290_291_292_293_294_295_296_297_298_299_300_301_302_303_304_305_306_307_308_309_310_311_312_313_314_315_316_317_318_319_320_321_322_323_324_325_326_327_328_329_330_331_332_333_334_335_336_337_338_339_340_341_342_343_344_345_346_347_348_349_350_351_352_353_354_355_356_357_358_359_360_361_362_363_364_365_366_367_368_369_370_371_372_373_374_375_376_377_378_379_380_381_382_383_384_385_386_387_388_389_390_391_392_393_394_395_396_397_398_399_400_401_402_403_404_405_406_407_408_409_410_411_412_413_414_415_416_417_418_419_420_421_422_423_424_425_426_427_428_429_430_431_432_433_434_435_436_437_438_439_440_441_442_443_444_445_446_447_448_449_450_451_452_453_454_455_456_457_458_459_460_461_462_463_464_465_466_467_468_469_470_471_472_473_474_475_476_477_478_479_480_481_482_483_484_485_486_487_488_489_490_491_492_493_494_495_496_497_498_499_500_501_502_503_504_505_506_507_508_509_510_511_512_513_514_515_516_517_518_519_520_521_522_523_524_525_526_527_528_529_530_531_532_533_534_535_536_537_538_539_540_541_542_543_544_545_546_547_548_549_550_551_552_553_554_555_556_557_558_559_560_561_562_563_564_565_566_567_568_569_570_571_572_573_574_575_576_577_578_579_580_581_582_583_584_585_586_587_588_589_590_591_592_593_594_595_596_597_598_599_600_601_602_603_604_605_606_607_608_609_610_611_612_613_614_615_616_617_618_619_620_621_622_623_624_625_626_627_628_629_630_631_632_633_634_635_636_637_638_639_640_641_642_643_644_645_646_647_648_649_650_651_652_653_654_655_656_657_658_659_660_661_662_663_664_665_666_667_668_669_670_671_672_673_674_675_676_677_678_679_680_681_682_683_684_685_686_687_688_689_690_691_692_693_694_695_696_697_698_699_700_701_702_703_704_705_706_707_708_709_710_711_712_713_714_715_716_717_718_719_720_721_722_723_724_725_726_727_728_729_730_731_732_733_734_735_736_737_738_739_740_741_742_743_744_745_746_747_748_749_750_751_752_753_754_755_756_757_758_759_760_761_762_763_764_765_766_767_768_769_770_771_772_773_774_775_776_777_778_779_780_781_782_783_784_785_786_787_788_789_790_791_792_793_794_795_796_797_798_799_800_801_802_803_804_805_806_807_808_809_810_811_812_813_814_815_816_817_818_819_820_821_822_823_824_825_826_827_828_829_830_831_832_833_834_835_836_837_838_839_840_841_842_843_844_845_846_847_848_849_850_851_852_853_854_855_856_857_858_859_860_861_862_863_864_865_866_867_868_869_870_871_872_873_874_875_876_877_878_879_880_881_882_883_884_885_886_887_888_889_890_891_892_893_894_895_896_897_898_899_900_901_902_903_904_905_906_907_908_909_910_911_912_913_914_915_916_917_918_919_920_921_922_923_924_925_926_927_928_929_930_931_932_933_934_935_936_937_938_939_940_941_942_943_944_945_946_947_948_949_950_951_952_953_954_955_956_957_958_959_960_961_962_963_964_965_966_967_968_969_970_971_972_973_974_975_976_977_978_979_980_981_982_983_984_985_986_987_988_989_990_991_992_993_994_995_996_997_998_999_1000_1001_1002_1003_1004_1005_1006_1007_1008_1009_1010_1011_1012_1013_1014_1015_1016_1017_1018_1019_1020_1021_1022_1023_1024_1025_1026_1027_1028_1029_1030_1031_1032_1033_1034_1035_1036_1037_1038_1039_1040_1041_1042_1043_1044_1045_1046_1047_1048_1049_1050_1051_1052_1053_1054_1055_1056_1057_1058_1059_1060_1061_1062_1063_1064_1065_1066_1067_1068_1069_1070_1071_1072_1073_1074_1075_1076_1077_1078_1079_1080_1081_1082_1083_1084_1085_1086_1087_1088_1089_1090_1091_1092_1093_1094_1095_1096_1097_1098_1099_1100_1101_1102_1103_1104_1105_1106_1107_1108_1109_1110_1111_1112_1113_1114_1115_1116_1117_1118_1119_1120_1121_1122_1123_1124_1125_1126_1127_1128_1129_1130_1131_1132_1133_1134_1135_1136_1137_1138_1139_1140_1141_1142_1143_1144_1145_1146_1147_1148_1149_1150_1151_1152_1153_1154_1155_1156_1157_1158_1159_1160_1161_1162_1163_1164_1165_1166_1167_1168_1169_1170_1171_1172_1173_1174_1175_1176_1177_1178_1179_1180_1181_1182_1183_1184_1185_1186_1187_1188_1189_1190_1191_1192_1193_1194_1195_1196_1197_1198_1199_1200_1201_1202_1203_1204_1205_1206_1207_1208_1209_1210_1211_1212_1213_1214_1215_1216_1217_1218_1219_1220_1221_1222_1223_1224_1225_1226_1227_1228_1229_1230_1231_1232_1233_1234_1235_1236_1237_1238_1239_1240_1241_1242_1243_1244_1245_1246_1247_1248_1249_1250_1251_1252_1253_1254_1255_1256_1257_1258_1259_1260_1261_1262_1263_1264_1265_1266_1267_1268_1269_1270_1271_1272_1273_1274_1275_1276_1277_1278_1279_1280_1281_1282_1283_1284_1285_1286_1287_1288_1289_1290_1291_1292_1293_1294_1295_1296_1297_1298_1299_1300_1301_1302_1303_1304_1305_1306_1307_1308_1309_1310_1311_1312_1313_1314_1315_1316_1317_1318_1319_1320_1321_1322_1323_1324_1325_1326_1327_1328_1329_1330_1331_1332_1333_1334_1335_1336_1337_1338_1339_1340_1341_1342_1343_,5:{3;}8:{5;4;}10:{6;}11:{7;}12:{11;10;9;8;}17:{14;13;}19:{16;15;}21:{20;19;18;17;}28:{27;26;25;24;840;}32:{30;29;28;}35:{32;31;}41:{38;37;}43:{40;39;}45:{43;42;41;}55:{53;}58:{55;54;}60:{57;56;}62:{63;64;65;}70:{66;}71:{69;68;67;75;}74:{76;77;78;}85:{84;684;683;685;682;686;681;687;}89:{88;87;86;85;}93:{92;91;90;89;}101:{97;}102:{101;100;99;98;}106:{104;103;849;102;}115:{114;113;112;}119:{116;115;}128:{127;126;125;124;}132:{131;133;1019;130;134;1018;129;135;1017;128;136;1016;}140:{139;138;137;}145:{148;149;}154:{150;}155:{152;151;}159:{163;}162:{161;160;}166:{165;164;1270;1269;162;}171:{168;696;695;697;694;698;}173:{170;169;}175:{172;171;}177:{174;173;}179:{178;177;176;777;783;175;}183:{180;780;779;781;778;782;179;}185:{183;182;181;}188:{185;184;}190:{188;187;186;}194:{192;864;863;865;862;866;191;861;867;190;}197:{196;195;194;193;}201:{199;198;197;}204:{946;201;207;945;200;208;944;}212:{211;210;209;}224:{223;222;221;}229:{231;1114;232;1113;225;233;}237:{235;234;}253:{252;708;707;709;706;710;705;711;}257:{256;255;254;253;}261:{260;259;258;257;}266:{789;795;262;}267:{264;792;791;793;790;794;263;}269:{268;267;266;265;}273:{272;271;270;269;}276:{872;}278:{873;879;274;}279:{277;276;876;875;877;874;878;275;}282:{280;279;278;}285:{281;}286:{283;282;}289:{286;957;963;285;}291:{288;960;959;961;958;962;287;}293:{290;289;}295:{291;}296:{295;294;293;292;}300:{1042;297;303;1041;296;304;1040;}306:{305;}310:{308;307;306;}318:{316;}321:{318;317;}323:{324;1212;320;319;}331:{330;329;328;327;}335:{333;1294;332;1293;331;}338:{717;}339:{336;720;719;721;718;722;}341:{340;339;338;337;}345:{341;}346:{345;344;343;342;}350:{348;804;803;805;802;806;347;801;807;346;}353:{351;350;349;}356:{352;}357:{353;}358:{356;355;354;}362:{361;360;888;887;889;886;890;359;885;891;358;}366:{364;363;362;}369:{365;}370:{369;368;367;366;}372:{968;976;}374:{373;372;972;971;973;970;974;371;969;975;370;}378:{376;375;374;}381:{380;379;378;377;}386:{1055;1057;1054;1058;383;1053;1059;382;}388:{384;1056;}389:{385;}390:{389;388;387;386;}394:{393;392;391;390;}398:{397;396;1140;1139;1141;1138;1142;395;1137;1143;394;}402:{400;399;398;}405:{404;403;402;401;}409:{406;1221;1227;405;}411:{409;408;1224;1223;1225;1222;1226;407;}414:{413;412;411;410;}418:{417;419;416;1308;1307;1309;1306;1310;415;1305;1311;414;}420:{421;733;422;734;423;735;424;736;}429:{426;425;}431:{428;427;}433:{432;816;815;817;431;814;818;430;813;819;429;}437:{436;435;434;433;}441:{440;442;439;443;438;444;900;899;901;902;437;}444:{904;}445:{441;}449:{448;447;446;445;}453:{449;}454:{453;452;451;450;}458:{983;985;982;986;455;981;987;454;}460:{459;458;457;456;984;}464:{462;461;460;}467:{465;464;463;}470:{469;468;1068;1067;1069;1066;1070;467;1065;1071;466;}474:{472;471;470;}477:{476;475;474;473;}483:{480;1152;1151;1153;1150;1154;479;}485:{484;483;482;481;}489:{488;487;486;485;}499:{498;497;496;}503:{500;499;}504:{747;508;748;}512:{510;509;}515:{513;512;511;}518:{516;828;827;829;826;830;515;825;831;514;}521:{522;518;517;}523:{521;520;519;}527:{523;}528:{527;529;911;913;526;530;910;914;525;909;915;524;908;916;}532:{528;912;}535:{531;}536:{532;}537:{533;}538:{534;}539:{537;536;999;535;}543:{541;540;996;997;998;539;}546:{542;}547:{544;543;}549:{548;547;546;545;}554:{1079;1081;1078;1082;551;1077;1083;550;}556:{554;553;552;1080;}559:{556;555;}561:{560;559;558;557;}567:{564;1164;1163;1165;1162;1166;563;}569:{567;566;565;}572:{569;568;}574:{570;}575:{572;1251;571;}595:{592;}597:{593;}598:{596;595;594;}601:{839;599;598;597;}604:{601;600;}606:{603;602;}608:{604;}609:{605;}610:{606;}611:{608;607;}615:{613;612;923;922;611;}618:{617;616;615;614;}622:{620;619;618;}625:{624;623;622;621;}629:{627;626;625;}632:{628;}633:{630;629;}635:{632;631;}642:{638;}643:{639;}644:{643;642;641;640;}648:{644;}651:{650;649;647;}655:{654;653;652;651;}659:{656;655;}663:{664;665;666;667;}671:{668;}675:{674;673;0;672;1;2;}679:{675;}680:{677;676;}682:{680;679;678;}690:{689;688;}694:{692;691;690;}697:{699;700;693;701;}706:{704;703;702;}711:{712;713;714;715;}718:{716;}722:{723;724;725;726;}725:{727;728;729;}726:{730;}728:{731;420;732;}734:{737;738;}736:{739;740;}737:{741;}741:{742;743;504;744;505;506;745;}742:{507;746;}745:{749;}749:{750;751;752;753;}752:{754;755;588;}753:{589;590;}755:{591;}760:{759;758;757;12;756;}764:{763;762;761;760;}768:{765;764;}770:{769;96;768;95;94;767;93;766;}774:{772;771;770;}777:{776;775;774;773;}787:{786;785;784;}791:{788;787;}794:{796;797;261;798;}802:{800;799;}814:{812;811;810;}816:{820;}825:{824;823;822;821;}831:{832;833;834;835;}834:{836;837;838;}842:{23;22;21;}845:{841;}846:{844;843;842;}849:{848;847;846;845;}854:{107;109;106;110;851;105;111;850;}856:{853;108;852;}858:{854;}859:{857;856;855;}862:{860;859;189;858;}867:{868;869;870;871;}877:{273;}879:{880;881;882;883;}885:{884;}889:{892;357;893;}892:{894;895;896;}894:{897;898;}899:{903;}901:{905;}905:{906;907;}916:{917;918;}923:{921;610;920;609;919;}926:{36;924;35;34;33;}929:{925;}930:{926;}931:{929;928;927;}934:{933;932;931;930;}938:{937;120;936;119;121;118;122;935;117;123;934;}942:{940;939;938;}945:{943;942;941;}951:{950;949;204;948;203;205;202;206;947;}955:{952;951;}957:{956;955;954;953;}960:{284;}962:{964;965;966;}969:{967;}981:{980;979;978;977;}985:{988;989;}987:{990;991;}991:{992;993;994;995;}993:{538;}999:{1000;1001;1002;1003;}1003:{1004;1005;1006;1007;}1008:{47;49;46;50;45;51;44;52;}1012:{1011;1010;1009;48;1008;}1016:{1013;1012;}1018:{1015;1014;}1024:{1022;1021;132;1020;}1027:{1023;}1028:{1024;}1029:{1027;1026;1025;}1032:{215;217;1031;214;218;1030;213;219;1029;212;220;1028;}1036:{1034;1033;216;1032;}1039:{1036;1035;}1041:{1039;1038;1037;}1047:{1046;1045;300;1044;299;301;298;302;1043;}1051:{1049;1048;1047;}1054:{1052;1051;381;1050;}1059:{1060;1061;1062;1063;}1060:{1064;}1071:{1072;1073;1074;1075;}1074:{1076;}1082:{1084;1085;549;1086;}1083:{1087;}1084:{1088;}1086:{1089;1090;}1090:{1091;636;635;637;634;633;}1095:{1093;60;1092;59;61;58;62;}1098:{1096;1095;1094;}1101:{1099;1098;1097;}1104:{140;1100;}1105:{143;145;1103;142;146;1102;141;147;1101;}1108:{1107;1106;1105;144;1104;}1112:{1109;1108;}1114:{1111;1110;}1116:{224;1112;}1119:{228;1116;227;229;226;230;1115;}1121:{1119;1118;1117;}1124:{1122;1121;1120;}1127:{1126;1125;1124;309;315;1123;}1131:{1130;1129;312;1128;311;313;310;314;1127;}1135:{1133;1132;1131;}1138:{1135;1134;}1140:{1136;1144;}1144:{1145;1146;1147;1148;}1153:{1155;478;1156;477;1149;1157;}1154:{1158;}1158:{1159;1160;1161;}1166:{1167;1168;562;1169;561;1170;}1170:{1171;1172;1173;1174;}1172:{1175;648;}1175:{646;645;}1179:{1177;72;1176;71;73;70;74;}1182:{1180;1179;1178;}1185:{1181;}1186:{1184;1183;1182;}1189:{1185;}1190:{1189;156;1188;155;157;154;158;1187;153;159;1186;}1194:{1190;}1195:{1192;1191;}1197:{1195;1194;1193;}1200:{1198;237;243;1197;236;244;1196;}1203:{1202;1201;240;1200;239;241;238;242;1199;}1207:{1203;}1208:{1204;}1209:{1208;1207;1206;1205;}1213:{323;325;1211;322;326;1210;321;1209;}1217:{1216;1215;1214;1213;}1221:{1220;1219;1218;1217;}1225:{1228;1229;}1226:{1230;}1230:{1231;1232;1233;1234;}1232:{1235;492;1236;}1235:{491;493;1237;490;494;1238;489;495;1239;}1238:{1240;1241;1242;}1241:{1243;1244;1245;}1245:{1246;1247;576;1248;575;577;574;578;1249;}1246:{573;579;1250;}1250:{1252;1253;1254;}1253:{1255;1256;1257;}1255:{1258;1259;}1258:{660;659;661;658;662;657;663;}1260:{80;}1262:{83;82;81;}1264:{1263;1262;1261;1260;}1268:{1264;}1269:{1265;}1270:{1268;1267;1266;}1275:{1272;167;166;1271;}1277:{1275;1274;1273;}1280:{1276;}1281:{1277;}1282:{1278;}1283:{1280;1279;}1285:{1281;}1286:{1285;1284;251;250;1283;249;1282;}1290:{1286;}1291:{1289;1288;1287;}1294:{1292;1291;1290;}1299:{1297;1296;335;334;1295;}1302:{1301;1300;1299;1298;}1306:{1304;1303;1302;}1309:{418;1312;1313;}1312:{1314;1315;1316;}1314:{1317;1318;}1316:{1319;1320;}1319:{503;1321;502;1322;501;1323;}1320:{1324;}1322:{1325;1326;}1324:{1327;1328;}1328:{1329;1330;1331;1332;}1332:{587;1333;586;1334;585;1335;584;1336;}1335:{1337;1338;1339;}1337:{1340;1341;}1340:{1342;1343;}1342:{671;670;669;},147_148_149_150_151_217_218_219_295_296_377_378_379_463_464_553_554_555_651_652_653_654_655_1034_1035_1036_1076_1077_1078_1106_1107_1173_1174_1185_1186_1268_1269_,418-417*0_418-419*0_418-416*0_418-1308*0_418-1307*0_418-1309*0_418-1306*0_418-1310*0_418-415*0_418-1305*0_418-1311*0_418-414*0_1309-418*1_1309-1312*1_1309-1313*1_1306-1304*2_1306-1303*2_1306-1302*2_414-413*1_414-412*1_414-411*1_414-410*1_411-409*2_411-408*2_411-1224*2_411-1223*2_411-1225*2_411-1222*2_411-1226*2_411-407*2_1302-1301*3_1302-1300*3_1302-1299*3_1302-1298*3_409-406*3_409-1221*3_409-1227*3_409-405*3_1225-1228*4_1225-1229*4_1226-1230*5_1312-1314*2_1312-1315*2_1312-1316*2_1314-1317*3_1314-1318*3_1230-1231*6_1230-1232*6_1230-1233*6_1230-1234*6_405-404*6_405-403*6_405-402*6_405-401*6_1316-1319*4_1316-1320*4_1232-1235*7_1232-492*7_1232-1236*7_402-400*7_402-399*7_402-398*7_1319-503*5_1319-1321*5_1319-502*5_1319-1322*5_1319-501*5_1319-1323*5_1299-1297*4_1299-1296*4_1299-335*4_1299-334*4_1299-1295*4_503-500*6_503-499*6_335-333*5_335-1294*5_335-332*5_335-1293*5_335-331*5_1235-491*8_1235-493*8_1235-1237*8_1235-490*8_1235-494*8_1235-1238*8_1235-489*8_1235-495*8_1235-1239*8_1294-1292*6_1294-1291*6_1294-1290*6_1221-1220*5_1221-1219*5_1221-1218*5_1221-1217*5_331-330*6_331-329*6_331-328*6_331-327*6_398-397*8_398-396*8_398-1140*8_398-1139*8_398-1141*8_398-1138*8_398-1142*8_398-395*8_398-1137*8_398-1143*8_398-394*8_499-498*7_499-497*7_499-496*7_394-393*9_394-392*9_394-391*9_394-390*9_1320-1324*7_1238-1240*9_1238-1241*9_1238-1242*9_1291-1289*7_1291-1288*7_1291-1287*7_1241-1243*10_1241-1244*10_1241-1245*10_390-389*10_390-388*10_390-387*10_390-386*10_1290-1286*8_1217-1216*6_1217-1215*6_1217-1214*6_1217-1213*6_389-385*11_1213-323*7_1213-325*7_1213-1211*7_1213-322*7_1213-326*7_1213-1210*7_1213-321*7_1213-1209*7_1245-1246*11_1245-1247*11_1245-576*11_1245-1248*11_1245-575*11_1245-577*11_1245-574*11_1245-578*11_1245-1249*11_388-384*12_388-1056*12_323-324*8_323-1212*8_323-320*8_323-319*8_1322-1325*8_1322-1326*8_386-1055*13_386-1057*13_386-1054*13_386-1058*13_386-383*13_386-1053*13_386-1059*13_386-382*13_1209-1208*9_1209-1207*9_1209-1206*9_1209-1205*9_1140-1136*10_1140-1144*10_1246-573*12_1246-579*12_1246-1250*12_1138-1135*11_1138-1134*11_575-572*13_575-1251*13_575-571*13_489-488*10_489-487*10_489-486*10_489-485*10_1054-1052*14_1054-1051*14_1054-381*14_1054-1050*14_1135-1133*12_1135-1132*12_1135-1131*12_1131-1130*13_1131-1129*13_1131-312*13_1131-1128*13_1131-311*13_1131-313*13_1131-310*13_1131-314*13_1131-1127*13_574-570*14_381-380*15_381-379*15_381-378*15_381-377*15_321-318*9_321-317*9_1127-1126*14_1127-1125*14_1127-1124*14_1127-309*14_1127-315*14_1127-1123*14_1250-1252*15_1250-1253*15_1250-1254*15_1253-1255*16_1253-1256*16_1253-1257*16_1324-1327*9_1324-1328*9_1051-1049*15_1051-1048*15_1051-1047*15_1208-1204*10_318-316*10_1047-1046*16_1047-1045*16_1047-300*16_1047-1044*16_1047-299*16_1047-301*16_1047-298*16_1047-302*16_1047-1043*16_572-569*15_572-568*15_1255-1258*17_1255-1259*17_1328-1329*10_1328-1330*10_1328-1331*10_1328-1332*10_1059-1060*14_1059-1061*14_1059-1062*14_1059-1063*14_1258-660*18_1258-659*18_1258-661*18_1258-658*18_1258-662*18_1258-657*18_1258-663*18_300-1042*17_300-297*17_300-303*17_300-1041*17_300-296*17_300-304*17_300-1040*17_1286-1285*9_1286-1284*9_1286-251*9_1286-250*9_1286-1283*9_1286-249*9_1286-1282*9_485-484*11_485-483*11_485-482*11_485-481*11_296-295*18_296-294*18_296-293*18_296-292*18_310-308*15_310-307*15_310-306*15_1144-1145*11_1144-1146*11_1144-1147*11_1144-1148*11_295-291*19_569-567*16_569-566*16_569-565*16_1332-587*11_1332-1333*11_1332-586*11_1332-1334*11_1332-585*11_1332-1335*11_1332-584*11_1332-1336*11_1207-1203*11_1285-1281*10_483-480*12_483-1152*12_483-1151*12_483-1153*12_483-1150*12_483-1154*12_483-479*12_306-305*16_567-564*17_567-1164*17_567-1163*17_567-1165*17_567-1162*17_567-1166*17_567-563*17_1166-1167*18_1166-1168*18_1166-562*18_1166-1169*18_1166-561*18_1166-1170*18_663-664*19_663-665*19_663-666*19_663-667*19_1124-1122*15_1124-1121*15_1124-1120*15_1153-1155*13_1153-478*13_1153-1156*13_1153-477*13_1153-1149*13_1153-1157*13_1170-1171*19_1170-1172*19_1170-1173*19_1170-1174*19_659-656*20_659-655*20_1203-1202*12_1203-1201*12_1203-240*12_1203-1200*12_1203-239*12_1203-241*12_1203-238*12_1203-242*12_1203-1199*12_293-290*20_293-289*20_291-288*21_291-960*21_291-959*21_291-961*21_291-958*21_291-962*21_291-287*21_1060-1064*15_1200-1198*13_1200-237*13_1200-243*13_1200-1197*13_1200-236*13_1200-244*13_1200-1196*13_378-376*16_378-375*16_378-374*16_289-286*22_289-957*22_289-963*22_289-285*22_1121-1119*16_1121-1118*16_1121-1117*16_1335-1337*12_1335-1338*12_1335-1339*12_655-654*21_655-653*21_655-652*21_655-651*21_1154-1158*14_477-476*15_477-475*15_477-474*15_477-473*15_1283-1280*11_1283-1279*11_1337-1340*13_1337-1341*13_374-373*17_374-372*17_374-972*17_374-971*17_374-973*17_374-970*17_374-974*17_374-371*17_374-969*17_374-975*17_374-370*17_474-472*16_474-471*16_474-470*16_1041-1039*19_1041-1038*19_1041-1037*19_1039-1036*20_1039-1035*20_1197-1195*14_1197-1194*14_1197-1193*14_470-469*17_470-468*17_470-1068*17_470-1067*17_470-1069*17_470-1066*17_470-1070*17_470-467*17_470-1065*17_470-1071*17_470-466*17_370-369*18_370-368*18_370-367*18_370-366*18_1282-1278*12_1172-1175*20_1172-648*20_962-964*23_962-965*23_962-966*23_467-465*18_467-464*18_467-463*18_957-956*23_957-955*23_957-954*23_957-953*23_960-284*24_651-650*22_651-649*22_651-647*22_1281-1277*13_286-283*25_286-282*25_1119-228*17_1119-1116*17_1119-227*17_1119-229*17_1119-226*17_1119-230*17_1119-1115*17_229-231*18_229-1114*18_229-232*18_229-1113*18_229-225*18_229-233*18_1340-1342*14_1340-1343*14_561-560*19_561-559*19_561-558*19_561-557*19_955-952*24_955-951*24_1116-224*19_1116-1112*19_464-462*19_464-461*19_464-460*19_1175-646*23_1175-645*23_1280-1276*14_559-556*20_559-555*20_1158-1159*15_1158-1160*15_1158-1161*15_369-365*19_556-554*21_556-553*21_556-552*21_556-1080*21_237-235*14_237-234*14_1036-1034*21_1036-1033*21_1036-216*21_1036-1032*21_951-950*25_951-949*25_951-204*25_951-948*25_951-203*25_951-205*25_951-202*25_951-206*25_951-947*25_1114-1111*20_1114-1110*20_1195-1192*15_1195-1191*15_554-1079*22_554-1081*22_554-1078*22_554-1082*22_554-551*22_554-1077*22_554-1083*22_554-550*22_1082-1084*23_1082-1085*23_1082-549*23_1082-1086*23_1277-1275*15_1277-1274*15_1277-1273*15_285-281*26_460-459*20_460-458*20_460-457*20_460-456*20_460-984*20_366-364*20_366-363*20_366-362*20_1194-1190*15_648-644*22_362-361*21_362-360*21_362-888*21_362-887*21_362-889*21_362-886*21_362-890*21_362-359*21_362-885*21_362-891*21_362-358*21_1032-215*22_1032-217*22_1032-1031*22_1032-214*22_1032-218*22_1032-1030*22_1032-213*22_1032-219*22_1032-1029*22_1032-212*22_1032-220*22_1032-1028*22_458-983*21_458-985*21_458-982*21_458-986*21_458-455*21_458-981*21_458-987*21_458-454*21_1083-1087*24_644-643*23_644-642*23_644-641*23_644-640*23_204-946*26_204-201*26_204-207*26_204-945*26_204-200*26_204-208*26_204-944*26_1190-1189*16_1190-156*16_1190-1188*16_1190-155*16_1190-157*16_1190-154*16_1190-158*16_1190-1187*16_1190-153*16_1190-159*16_1190-1186*16_1084-1088*25_201-199*27_201-198*27_201-197*27_889-892*22_889-357*22_889-893*22_1189-1185*17_643-639*26_224-223*20_224-222*20_224-221*20_212-211*23_212-210*23_212-209*23_1275-1272*16_1275-167*16_1275-166*16_1275-1271*16_159-163*18_1186-1184*18_1186-1183*18_1186-1182*18_166-165*17_166-164*17_166-1270*17_166-1269*17_166-162*17_1342-671*15_1342-670*15_1342-669*15_282-280*27_282-279*27_282-278*27_1112-1109*21_1112-1108*21_1270-1268*18_1270-1267*18_1270-1266*18_197-196*28_197-195*28_197-194*28_197-193*28_358-356*23_358-355*23_358-354*23_1269-1265*19_1108-1107*22_1108-1106*22_1108-1105*22_1108-144*22_1108-1104*22_981-980*22_981-979*22_981-978*22_981-977*22_1071-1072*19_1071-1073*19_1071-1074*19_1071-1075*19_549-548*24_549-547*24_549-546*24_549-545*24_945-943*27_945-942*27_945-941*27_1185-1181*19_162-161*18_162-160*18_1268-1264*20_279-277*28_279-276*28_279-876*28_279-875*28_279-877*28_279-874*28_279-878*28_279-275*28_194-192*29_194-864*29_194-863*29_194-865*29_194-862*29_194-866*29_194-191*29_194-861*29_194-867*29_194-190*29_1264-1263*21_1264-1262*21_1264-1261*21_1264-1260*21_454-453*23_454-452*23_454-451*23_454-450*23_278-873*29_278-879*29_278-274*29_357-353*24_1029-1027*23_1029-1026*23_1029-1025*23_879-880*30_879-881*30_879-882*30_879-883*30_877-273*31_547-544*25_547-543*25_453-449*24_862-860*30_862-859*30_862-189*30_862-858*30_1086-1089*26_1086-1090*26_867-868*30_867-869*30_867-870*30_867-871*30_671-668*16_190-188*31_190-187*31_190-186*31_1074-1076*20_1028-1024*24_642-638*27_449-448*25_449-447*25_449-446*25_449-445*25_1105-143*23_1105-145*23_1105-1103*23_1105-142*23_1105-146*23_1105-1102*23_1105-141*23_1105-147*23_1105-1101*23_942-940*28_942-939*28_942-938*28_546-542*26_859-857*31_859-856*31_859-855*31_858-854*32_372-968*21_372-976*21_1027-1023*25_1182-1180*20_1182-1179*20_1182-1178*20_273-272*32_273-271*32_273-270*32_273-269*32_969-967*22_892-894*23_892-895*23_892-896*23_1024-1022*26_1024-1021*26_1024-132*26_1024-1020*26_856-853*33_856-108*33_856-852*33_145-148*24_145-149*24_132-131*27_132-133*27_132-1019*27_132-130*27_132-134*27_132-1018*27_132-129*27_132-135*27_132-1017*27_132-128*27_132-136*27_132-1016*27_155-152*21_155-151*21_188-185*32_188-184*32_1104-140*25_1104-1100*25_356-352*25_1018-1015*28_1018-1014*28_1262-83*22_1262-82*22_1262-81*22_938-937*29_938-120*29_938-936*29_938-119*29_938-121*29_938-118*29_938-122*29_938-935*29_938-117*29_938-123*29_938-934*29_445-441*26_185-183*33_185-182*33_185-181*33_353-351*26_353-350*26_353-349*26_1090-1091*27_1090-636*27_1090-635*27_1090-637*27_1090-634*27_1090-633*27_934-933*30_934-932*30_934-931*30_934-930*30_140-139*26_140-138*26_140-137*26_350-348*27_350-804*27_350-803*27_350-805*27_350-802*27_350-806*27_350-347*27_350-801*27_350-807*27_350-346*27_1179-1177*21_1179-72*21_1179-1176*21_1179-71*21_1179-73*21_1179-70*21_1179-74*21_635-632*28_635-631*28_276-872*32_183-180*34_183-780*34_183-779*34_183-781*34_183-778*34_183-782*34_183-179*34_1260-80*23_633-630*29_633-629*29_894-897*24_894-898*24_179-178*35_179-177*35_179-176*35_179-777*35_179-783*35_179-175*35_931-929*31_931-928*31_931-927*31_1016-1013*29_1016-1012*29_71-69*22_71-68*22_71-67*22_71-75*22_346-345*28_346-344*28_346-343*28_346-342*28_1101-1099*26_1101-1098*26_1101-1097*26_128-127*28_128-126*28_128-125*28_128-124*28_441-440*27_441-442*27_441-439*27_441-443*27_441-438*27_441-444*27_441-900*27_441-899*27_441-901*27_441-902*27_441-437*27_154-150*22_777-776*36_777-775*36_777-774*36_777-773*36_345-341*29_985-988*24_985-989*24_854-107*34_854-109*34_854-106*34_854-110*34_854-851*34_854-105*34_854-111*34_854-850*34_106-104*35_106-103*35_106-849*35_106-102*35_177-174*36_177-173*36_987-990*25_987-991*25_991-992*26_991-993*26_991-994*26_991-995*26_930-926*32_885-884*27_1098-1096*27_1098-1095*27_1098-1094*27_632-628*31_119-116*32_119-115*32_1012-1011*30_1012-1010*30_1012-1009*30_1012-48*30_1012-1008*30_341-340*30_341-339*30_341-338*30_341-337*30_339-336*31_339-720*31_339-719*31_339-721*31_339-718*31_339-722*31_1008-47*31_1008-49*31_1008-46*31_1008-50*31_1008-45*31_1008-51*31_1008-44*31_1008-52*31_269-268*33_269-267*33_269-266*33_269-265*33_899-903*27_115-114*33_115-113*33_115-112*33_543-541*27_543-540*27_543-996*27_543-997*27_543-998*27_543-539*27_102-101*36_102-100*36_102-99*36_102-98*36_722-723*32_722-724*32_722-725*32_722-726*32_101-97*37_993-538*27_267-264*34_267-792*34_267-791*34_267-793*34_267-790*34_267-794*34_267-263*34_774-772*37_774-771*37_774-770*37_175-172*37_175-171*37_770-769*38_770-96*38_770-768*38_770-95*38_770-94*38_770-767*38_770-93*38_770-766*38_266-789*35_266-795*35_266-262*35_93-92*39_93-91*39_93-90*39_93-89*39_1095-1093*28_1095-60*28_1095-1092*28_1095-59*28_1095-61*28_1095-58*28_1095-62*28_45-43*32_45-42*32_45-41*32_173-170*38_173-169*38_539-537*28_539-536*28_539-999*28_539-535*28_794-796*36_794-797*36_794-261*36_794-798*36_70-66*23_62-63*29_62-64*29_62-65*29_999-1000*29_999-1001*29_999-1002*29_999-1003*29_629-627*32_629-626*32_629-625*32_1003-1004*30_1003-1005*30_1003-1006*30_1003-1007*30_43-40*33_43-39*33_725-727*33_725-728*33_725-729*33_726-730*34_437-436*28_437-435*28_437-434*28_437-433*28_768-765*40_768-764*40_433-432*29_433-816*29_433-815*29_433-817*29_433-431*29_433-814*29_433-818*29_433-430*29_433-813*29_433-819*29_433-429*29_728-731*35_728-420*35_728-732*35_625-624*33_625-623*33_625-622*33_625-621*33_41-38*34_41-37*34_60-57*30_60-56*30_89-88*40_89-87*40_89-86*40_89-85*40_929-925*33_791-788*37_791-787*37_926-36*34_926-924*34_926-35*34_926-34*34_926-33*34_538-534*30_420-421*36_420-733*36_420-422*36_420-734*36_420-423*36_420-735*36_420-424*36_420-736*36_734-737*37_734-738*37_622-620*35_622-619*35_622-618*35_537-533*31_431-428*31_431-427*31_35-32*36_35-31*36_58-55*31_58-54*31_536-532*32_85-84*41_85-684*41_85-683*41_85-685*41_85-682*41_85-686*41_85-681*41_85-687*41_171-168*39_171-696*39_171-695*39_171-697*39_171-694*39_171-698*39_849-848*38_849-847*38_849-846*38_849-845*38_429-426*32_429-425*32_55-53*32_618-617*36_618-616*36_618-615*36_618-614*36_787-786*38_787-785*38_787-784*38_697-699*40_697-700*40_697-693*40_697-701*40_736-739*38_736-740*38_615-613*37_615-612*37_615-923*37_615-922*37_615-611*37_261-260*38_261-259*38_261-258*38_261-257*38_923-921*38_923-610*38_923-920*38_923-609*38_923-919*38_532-528*33_532-912*33_846-844*39_846-843*39_846-842*39_32-30*37_32-29*37_32-28*37_694-692*41_694-691*41_694-690*41_764-763*41_764-762*41_764-761*41_764-760*41_28-27*38_28-26*38_28-25*38_28-24*38_28-840*38_74-76*28_74-77*28_74-78*28_682-680*42_682-679*42_682-678*42_611-608*39_611-607*39_535-531*33_845-841*40_444-904*30_842-23*41_842-22*41_842-21*41_257-256*39_257-255*39_257-254*39_257-253*39_610-606*40_901-905*31_680-677*43_680-676*43_21-20*42_21-19*42_21-18*42_21-17*42_253-252*40_253-708*40_253-707*40_253-709*40_253-706*40_253-710*40_253-705*40_253-711*40_690-689*42_690-688*42_19-16*43_19-15*43_737-741*39_760-759*42_760-758*42_760-757*42_760-12*42_760-756*42_802-800*33_802-799*33_17-14*44_17-13*44_528-527*34_528-529*34_528-911*34_528-913*34_528-526*34_528-530*34_528-910*34_528-914*34_528-525*34_528-909*34_528-915*34_528-524*34_528-908*34_528-916*34_706-704*41_706-703*41_706-702*41_527-523*35_916-917*35_916-918*35_523-521*36_523-520*36_523-519*36_679-675*44_905-906*32_905-907*32_609-605*41_12-11*43_12-10*43_12-9*43_12-8*43_608-604*42_711-712*41_711-713*41_711-714*41_711-715*41_11-7*46_741-742*40_741-743*40_741-504*40_741-744*40_741-505*40_741-506*40_741-745*40_675-674*45_675-673*45_675-0*45_675-672*45_675-1*45_675-2*45_10-6*47_338-717*37_742-507*41_742-746*41_521-522*37_521-518*37_521-517*37_718-716*38_518-516*38_518-828*38_518-827*38_518-829*38_518-826*38_518-830*38_518-515*38_518-825*38_518-831*38_518-514*38_831-832*39_831-833*39_831-834*39_831-835*39_8-5*48_8-4*48_825-824*39_825-823*39_825-822*39_825-821*39_606-603*43_606-602*43_5-3*49_504-747*42_504-508*42_504-748*42_745-749*43_749-750*44_749-751*44_749-752*44_749-753*44_834-836*40_834-837*40_834-838*40_515-513*40_515-512*40_515-511*40_752-754*45_752-755*45_752-588*45_604-601*44_604-600*44_512-510*41_512-509*41_753-589*46_753-590*46_755-591*47_601-839*45_601-599*45_601-598*45_601-597*45_598-596*46_598-595*46_598-594*46_597-593*47_595-592*48_814-812*36_814-811*36_814-810*36_816-820*37_
