"id","Scenario","Actual Range","Protocol","Buildings","Total nodes","Nodes on circ","Total coverage","Coverage on circ","Alert received mean time","Hops","Slots","Messages sent","Messages received", "Starting x", "Starting y","Starting node", "Vehicle distance", "Received node ids", "Node ids", "Transmission map", "Received on circ nodes", "Transmission vector"
0,1,100,300,0,2112,51,2110,51,2.16517e+06,18.5294,2084.51,1445,2110,450,500,1246,25,1245_1247_192_1244_1248_191_193_190_194_1243_1249_189_195_1242_1250_188_1246_187_1251_186_1241_104_1240_103_105_102_106_1239_101_107_1238_100_99_1237_98_185_184_1160_1159_1161_1158_1162_183_1157_1163_182_97_196_197_198_199_1164_1165_181_1166_1252_1253_1254_1255_96_1152_180_179_178_95_1151_1153_94_1150_1154_93_1149_1155_92_1148_1156_177_176_1072_1071_1073_1070_1074_1069_1075_280_1256_279_281_278_282_1257_277_1258_276_1259_275_283_1068_1067_1066_1147_1146_1145_8_1144_1236_1235_91_90_89_88_1064_1065_1063_1062_1167_272_1168_271_273_270_274_1169_1260_1261_1076_1077_1078_1079_1234_200_1336_1335_1337_201_1334_1338_202_1333_1339_203_1340_1341_1342_1343_204_205_206_207_208_1424_288_1344_287_289_1345_286_290_1346_285_291_1347_1061_1060_1059_1058_264_1080_265_1081_266_1082_267_1083_7_9_6_10_1262_1263_368_1264_1423_1425_1422_1426_209_1421_1427_210_1170_269_1171_1428_1429_211_1430_1233_16_1232_15_17_14_18_11_12_5_13_268_1084_1085_1086_1087_367_369_1265_366_370_1266_365_371_1267_1268_1269_1270_1271_456_1272_212_213_214_1348_1349_1350_1351_376_1352_1332_1331_1330_1329_375_377_374_378_1353_215_216_1512_19_352_1088_353_354_1089_1172_1173_1174_1175_1057_0_1056_1_2_1511_1513_1510_1514_217_112_1328_111_113_1327_110_114_1326_109_115_1325_4_3_1324_1323_360_1176_373_1354_372_1355_379_355_1090_356_1091_357_1322_1321_24_1320_23_25_22_26_218_219_1509_1515_220_1508_1516_221_222_1356_1357_1358_1359_21_20_455_457_454_458_1273_1431_296_1432_295_297_294_298_1433_293_1434_292_1435_299_359_361_1177_358_362_1178_363_1179_364_1180_116_117_118_119_1274_1275_1276_453_459_1277_27_28_29_30_1517_1518_1519_304_1520_31_32_1408_303_305_1521_302_306_1522_301_307_1523_300_308_1524_380_381_382_383_1181_1182_1183_448_1184_1092_1093_1409_1410_33_1411_34_384_1440_1439_1441_1438_1442_385_1278_1279_544_1280_543_545_542_546_1281_120_1416_1415_1417_121_1414_1418_122_1413_1419_123_1437_1436_386_387_541_547_1282_1420_1525_1526_1527_1412_35_464_1360_463_465_1361_462_466_1362_461_467_1363_460_447_449_446_450_1185_1283_1284_1285_445_1186_444_1187_443_451_1443_1094_468_1364_309_310_311_312_1608_1286_1287_632_1288_631_633_630_634_1289_392_1528_391_393_1529_390_394_1530_389_395_1531_223_224_1600_1599_1601_225_1598_1602_226_1597_1603_227_629_628_1290_627_1291_626_625_624_1200_1199_1201_1198_1202_623_124_125_1604_1605_1606_1188_1189_1190_1191_126_127_469_470_471_472_1448_1447_1449_1446_1450_473_1203_1204_622_1205_621_1206_313_1607_1609_314_1610_315_1611_316_1612_388_1444_1207_712_1208_442_441_440_1096_1613_1614_1615_396_397_398_399_400_1616_401_402_1617_403_1618_474_475_1445_1451_476_1452_1095_1097_1098_1099_1100_228_229_230_231_36_1619_1620_1621_1101_1102_1103_528_1104_1453_1454_1455_560_1456_536_1192_535_537_534_538_1193_533_539_1194_232_1688_1687_1689_1686_1690_233_532_531_530_529_711_713_1209_710_714_1210_709_715_1211_708_716_1212_1105_1106_234_235_1685_1691_236_1684_1692_128_1504_1503_1505_1502_1506_129_37_38_39_40_1496_1365_1366_1367_237_238_239_240_1776_1501_1500_130_1499_131_1498_477_478_479_480_1536_1497_41_42_43_1195_1196_1197_44_45_46_47_1622_1107_1108_241_1775_1777_242_1774_1778_243_1773_1779_244_1772_1780_1535_1537_1534_1538_481_559_561_558_562_1457_557_563_1458_1533_1539_482_48_1584_1585_1586_49_1587_50_1459_1460_1461_1462_1532_1596_1595_1594_1593_245_246_247_1109_132_133_1507_134_707_1540_1541_483_1542_706_705_704_1120_552_1368_551_553_550_554_1369_549_555_1370_1292_635_1293_136_1592_135_137_1591_138_1590_139_1589_140_1588_1623_488_1624_51_52_53_54_556_1371_1693_1694_141_142_143_144_1680_404_405_406_407_1543_568_1544_567_569_566_570_1545_565_571_1546_408_1704_1703_1705_409_1702_1706_410_1701_1707_411_1213_1214_572_573_574_575_1119_1121_1118_1122_1117_1123_1116_1124_1781_1782_1783_328_1784_484_485_486_487_1125_1126_1127_792_1128_412_1700_1708_1294_1295_1695_320_1696_319_321_318_322_1697_327_329_1785_326_330_1786_325_331_1787_793_1129_794_1130_795_1131_576_1632_1698_317_323_1699_1709_1710_1788_1789_1790_413_414_415_1215_800_1216_799_801_798_802_1217_1791_416_1792_417_418_1793_332_333_334_1372_1373_1463_648_1464_647_649_646_650_1465_720_1296_719_721_1297_718_722_1298_717_723_1299_248_1864_1863_1865_1862_1866_249_1861_1867_250_796_1218_1219_1220_803_1221_1679_1681_1678_1682_145_1132_1133_324_146_147_1677_1683_148_1676_1794_1795_419_1675_1134_1135_880_1136_1222_1223_888_1224_1631_1633_1630_1634_577_1629_1635_578_645_1466_644_1467_643_651_1625_1626_489_1627_490_1110_1111_1300_1301_251_579_580_581_582_887_889_886_890_1225_885_891_1226_1711_496_1712_495_497_494_498_1713_493_499_1714_1796_1797_1798_1799_335_1674_1673_56_1672_55_57_58_1374_504_1800_1715_1716_1717_583_584_1720_1719_1721_1718_1722_585_1723_586_252_253_1636_1637_1638_1639_881_1137_882_1138_883_1139_884_1140_420_421_422_423_491_492_336_1872_1871_1873_1870_1874_337_664_1640_663_665_662_666_1641_1869_338_1868_339_1875_1468_1469_1470_1471_500_501_502_503_59_60_61_1375_640_1376_639_641_638_642_1377_652_653_654_655_254_340_1876_587_588_589_564_1547_661_660_1642_659_1643_658_892_893_1227_894_62_63_1228_1229_1230_667_668_1644_1724_149_150_151_152_1768_548_590_540_1645_1646_1771_1877_1878_1879_341_342_343_344_1960_637_636_1378_1379_1725_1726_1727_672_1728_64_1760_1761_65_1762_66_1763_67_68_1764_1141_1142_1143_968_505_1801_506_1802_507_1803_508_1804_345_1959_1961_346_1958_1962_347_1957_1963_348_1956_1964_1770_1769_153_154_1767_736_1472_735_737_1473_734_738_1474_733_739_1475_509_969_970_1805_1806_1807_592_1808_1380_1628_424_1880_1302_1303_808_1304_807_809_806_810_1305_740_741_616_1112_617_1113_618_1114_619_1115_971_972_973_974_1965_1966_1967_742_1766_1765_155_1381_1382_1383_728_1384_811_812_1306_813_1307_814_425_1881_426_1882_427_1883_671_673_670_674_1729_669_675_1730_255_256_1952_727_729_1385_726_730_1386_725_731_1387_724_732_1388_620_1231_976_591_1809_1810_593_797_432_1968_431_433_430_434_1969_1548_1308_1309_805_1310_510_511_512_1888_1887_1889_1886_1890_513_594_595_1811_349_350_351_2048_1389_1390_1391_816_1392_1885_514_1884_515_1891_156_157_1476_1477_656_1552_1970_429_435_1971_1647_752_1648_2047_2049_2046_2050_2045_2051_815_1393_1394_817_596_597_975_977_978_979_818_819_820_1395_821_2044_2043_2042_69_70_71_72_1848_428_1849_73_1850_74_1851_75_676_677_1731_678_1732_1733_1734_516_517_76_77_78_743_744_1560_1559_1561_1558_1562_745_1557_1563_746_1551_1553_1550_1554_657_679_1972_1973_1974_1549_1555_1556_1478_1479_824_1480_823_825_822_826_1481_2052_2053_2054_2055_1311_896_1312_895_897_898_1313_899_1314_1951_1953_1950_1954_257_79_80_1936_1937_1938_81_1955_258_259_1949_1482_1483_827_1975_751_753_1649_750_754_1650_749_755_1651_1652_1653_1892_1893_1894_1895_158_159_160_1856_1855_1857_1854_1858_161_518_519_520_1976_1977_1978_521_1396_1654_1655_840_1656_839_841_838_842_1657_1315_1316_1317_1979_522_1980_523_1981_598_2056_837_836_1658_835_1659_834_1318_828_829_830_599_600_1896_1897_1898_601_439_438_2057_437_2058_436_82_83_1939_84_1940_452_1735_760_1736_759_761_758_762_1737_757_763_1738_843_844_845_1812_602_1899_603_1484_680_1816_1815_1817_1814_1818_681_1813_1819_682_1859_162_1860_163_1853_604_1900_1564_1565_747_1566_756_1567_832_1568_831_833_1569_1570_1397_1398_1399_524_525_526_527_605_606_607_608_1984_764_765_766_767_1660_1661_1662_1663_980_981_982_983_1983_1985_609_1982_1986_610_1987_611_904_1400_903_905_902_906_1401_1402_901_907_1403_900_908_1404_164_165_166_1485_1486_1487_1739_1740_683_928_1664_927_929_1665_926_930_1666_925_931_1667_1571_1572_85_1319_984_985_986_846_847_848_1744_260_261_262_909_910_911_768_1824_1823_1825_769_1822_1826_770_1821_1827_771_1405_1406_1407_992_2059_2060_748_263_2040_2039_2041_2038_932_933_934_86_87_1901_1902_1903_987_167_168_1944_912_1488_913_1489_914_1490_915_1491_2037_916_917_918_2024_2025_2026_2027_1668_1669_1670_2028_2029_2030_935_936_1752_1751_1753_1750_1754_937_2064_2063_2065_2062_2066_2067_2068_2061_2069_1573_1574_1575_920_1576_1743_1745_1742_1746_849_1741_772_773_774_775_688_1904_684_1820_919_921_922_1577_923_1578_988_989_990_991_850_851_1747_852_1748_1988_1989_1990_1991_2070_2071_2072_615_614_2073_1579_993_994_995_1828_1829_1943_1945_1942_1946_169_1671_1016_1015_1017_1014_1018_1013_1019_924_1749_938_939_1755_996_997_998_2036_2035_2034_2033_1492_1493_1494_1495_612_613_696_1992_695_697_694_698_1993_693_699_1994_685_686_1947_170_1948_171_1941_1995_1020_1021_1022_1023_1024_687_689_1905_690_1906_691_1907_172_173_999_1000_692_776_1912_1911_1913_1910_1914_777_1001_1002_1003_174_175_2032_2031_2074_2075_778_1909_1915_779_1996_1997_1998_940_941_942_943_1830_1004_1005_2076_853_854_855_1831_1580_1581_1759_1025_1758_1026_1757_1027_856_1832_857_858_1833_2077_2078_2079_1908_944_1840_1839_1841_945_1838_1842_946_1837_1843_947_1916_1917_1918_1999_784_2000_783_785_782_786_2001_1582_1583_1008_1028_1029_1030_1031_948_1836_1844_2002_781_787_2003_780_788_2004_700_701_702_703_1032_859_860_1834_861_1835_862_2080_2081_2082_1756_1845_1846_1847_1006_1007_1009_1919_864_1920_863_865_866_1921_1010_2005_2083_2084_2085_2086_2087_1922_949_950_951_952_1928_867_1923_868_1924_2088_791_790_2089_789_2090_869_870_2006_1011_1012_871_872_2008_953_1927_1929_954_1926_1930_955_1925_1931_956_1932_1033_1034_1035_1036_957_2007_804_2091_2092_873_2009_874_2010_875_2011_876_2012_1037_1038_1039_1040_2013_2014_2015_877_878_879_958_2096_2095_2097_2094_2098_2093_2099_960_2016_959_961_2017_962_2018_963_2019_1935_1041_1934_1042_1933_1043_2020_2021_2100_2101_2102_2103_2104_967_966_2105_965_2106_1044_1045_1046_1047_2107_2108_2109_1852_1048_1049_2023_1050_2022_1051_1052_2110_2111_1055_1054_1053_964_,0_1_2_3_4_5_6_7_8_9_10_11_12_13_14_15_16_17_18_19_20_21_22_23_24_25_26_27_28_29_30_31_32_33_34_35_36_37_38_39_40_41_42_43_44_45_46_47_48_49_50_51_52_53_54_55_56_57_58_59_60_61_62_63_64_65_66_67_68_69_70_71_72_73_74_75_76_77_78_79_80_81_82_83_84_85_86_87_88_89_90_91_92_93_94_95_96_97_98_99_100_101_102_103_104_105_106_107_108_109_110_111_112_113_114_115_116_117_118_119_120_121_122_123_124_125_126_127_128_129_130_131_132_133_134_135_136_137_138_139_140_141_142_143_144_145_146_147_148_149_150_151_152_153_154_155_156_157_158_159_160_161_162_163_164_165_166_167_168_169_170_171_172_173_174_175_176_177_178_179_180_181_182_183_184_185_186_187_188_189_190_191_192_193_194_195_196_197_198_199_200_201_202_203_204_205_206_207_208_209_210_211_212_213_214_215_216_217_218_219_220_221_222_223_224_225_226_227_228_229_230_231_232_233_234_235_236_237_238_239_240_241_242_243_244_245_246_247_248_249_250_251_252_253_254_255_256_257_258_259_260_261_262_263_264_265_266_267_268_269_270_271_272_273_274_275_276_277_278_279_280_281_282_283_284_285_286_287_288_289_290_291_292_293_294_295_296_297_298_299_300_301_302_303_304_305_306_307_308_309_310_311_312_313_314_315_316_317_318_319_320_321_322_323_324_325_326_327_328_329_330_331_332_333_334_335_336_337_338_339_340_341_342_343_344_345_346_347_348_349_350_351_352_353_354_355_356_357_358_359_360_361_362_363_364_365_366_367_368_369_370_371_372_373_374_375_376_377_378_379_380_381_382_383_384_385_386_387_388_389_390_391_392_393_394_395_396_397_398_399_400_401_402_403_404_405_406_407_408_409_410_411_412_413_414_415_416_417_418_419_420_421_422_423_424_425_426_427_428_429_430_431_432_433_434_435_436_437_438_439_440_441_442_443_444_445_446_447_448_449_450_451_452_453_454_455_456_457_458_459_460_461_462_463_464_465_466_467_468_469_470_471_472_473_474_475_476_477_478_479_480_481_482_483_484_485_486_487_488_489_490_491_492_493_494_495_496_497_498_499_500_501_502_503_504_505_506_507_508_509_510_511_512_513_514_515_516_517_518_519_520_521_522_523_524_525_526_527_528_529_530_531_532_533_534_535_536_537_538_539_540_541_542_543_544_545_546_547_548_549_550_551_552_553_554_555_556_557_558_559_560_561_562_563_564_565_566_567_568_569_570_571_572_573_574_575_576_577_578_579_580_581_582_583_584_585_586_587_588_589_590_591_592_593_594_595_596_597_598_599_600_601_602_603_604_605_606_607_608_609_610_611_612_613_614_615_616_617_618_619_620_621_622_623_624_625_626_627_628_629_630_631_632_633_634_635_636_637_638_639_640_641_642_643_644_645_646_647_648_649_650_651_652_653_654_655_656_657_658_659_660_661_662_663_664_665_666_667_668_669_670_671_672_673_674_675_676_677_678_679_680_681_682_683_684_685_686_687_688_689_690_691_692_693_694_695_696_697_698_699_700_701_702_703_704_705_706_707_708_709_710_711_712_713_714_715_716_717_718_719_720_721_722_723_724_725_726_727_728_729_730_731_732_733_734_735_736_737_738_739_740_741_742_743_744_745_746_747_748_749_750_751_752_753_754_755_756_757_758_759_760_761_762_763_764_765_766_767_768_769_770_771_772_773_774_775_776_777_778_779_780_781_782_783_784_785_786_787_788_789_790_791_792_793_794_795_796_797_798_799_800_801_802_803_804_805_806_807_808_809_810_811_812_813_814_815_816_817_818_819_820_821_822_823_824_825_826_827_828_829_830_831_832_833_834_835_836_837_838_839_840_841_842_843_844_845_846_847_848_849_850_851_852_853_854_855_856_857_858_859_860_861_862_863_864_865_866_867_868_869_870_871_872_873_874_875_876_877_878_879_880_881_882_883_884_885_886_887_888_889_890_891_892_893_894_895_896_897_898_899_900_901_902_903_904_905_906_907_908_909_910_911_912_913_914_915_916_917_918_919_920_921_922_923_924_925_926_927_928_929_930_931_932_933_934_935_936_937_938_939_940_941_942_943_944_945_946_947_948_949_950_951_952_953_954_955_956_957_958_959_960_961_962_963_964_965_966_967_968_969_970_971_972_973_974_975_976_977_978_979_980_981_982_983_984_985_986_987_988_989_990_991_992_993_994_995_996_997_998_999_1000_1001_1002_1003_1004_1005_1006_1007_1008_1009_1010_1011_1012_1013_1014_1015_1016_1017_1018_1019_1020_1021_1022_1023_1024_1025_1026_1027_1028_1029_1030_1031_1032_1033_1034_1035_1036_1037_1038_1039_1040_1041_1042_1043_1044_1045_1046_1047_1048_1049_1050_1051_1052_1053_1054_1055_1056_1057_1058_1059_1060_1061_1062_1063_1064_1065_1066_1067_1068_1069_1070_1071_1072_1073_1074_1075_1076_1077_1078_1079_1080_1081_1082_1083_1084_1085_1086_1087_1088_1089_1090_1091_1092_1093_1094_1095_1096_1097_1098_1099_1100_1101_1102_1103_1104_1105_1106_1107_1108_1109_1110_1111_1112_1113_1114_1115_1116_1117_1118_1119_1120_1121_1122_1123_1124_1125_1126_1127_1128_1129_1130_1131_1132_1133_1134_1135_1136_1137_1138_1139_1140_1141_1142_1143_1144_1145_1146_1147_1148_1149_1150_1151_1152_1153_1154_1155_1156_1157_1158_1159_1160_1161_1162_1163_1164_1165_1166_1167_1168_1169_1170_1171_1172_1173_1174_1175_1176_1177_1178_1179_1180_1181_1182_1183_1184_1185_1186_1187_1188_1189_1190_1191_1192_1193_1194_1195_1196_1197_1198_1199_1200_1201_1202_1203_1204_1205_1206_1207_1208_1209_1210_1211_1212_1213_1214_1215_1216_1217_1218_1219_1220_1221_1222_1223_1224_1225_1226_1227_1228_1229_1230_1231_1232_1233_1234_1235_1236_1237_1238_1239_1240_1241_1242_1243_1244_1245_1246_1247_1248_1249_1250_1251_1252_1253_1254_1255_1256_1257_1258_1259_1260_1261_1262_1263_1264_1265_1266_1267_1268_1269_1270_1271_1272_1273_1274_1275_1276_1277_1278_1279_1280_1281_1282_1283_1284_1285_1286_1287_1288_1289_1290_1291_1292_1293_1294_1295_1296_1297_1298_1299_1300_1301_1302_1303_1304_1305_1306_1307_1308_1309_1310_1311_1312_1313_1314_1315_1316_1317_1318_1319_1320_1321_1322_1323_1324_1325_1326_1327_1328_1329_1330_1331_1332_1333_1334_1335_1336_1337_1338_1339_1340_1341_1342_1343_1344_1345_1346_1347_1348_1349_1350_1351_1352_1353_1354_1355_1356_1357_1358_1359_1360_1361_1362_1363_1364_1365_1366_1367_1368_1369_1370_1371_1372_1373_1374_1375_1376_1377_1378_1379_1380_1381_1382_1383_1384_1385_1386_1387_1388_1389_1390_1391_1392_1393_1394_1395_1396_1397_1398_1399_1400_1401_1402_1403_1404_1405_1406_1407_1408_1409_1410_1411_1412_1413_1414_1415_1416_1417_1418_1419_1420_1421_1422_1423_1424_1425_1426_1427_1428_1429_1430_1431_1432_1433_1434_1435_1436_1437_1438_1439_1440_1441_1442_1443_1444_1445_1446_1447_1448_1449_1450_1451_1452_1453_1454_1455_1456_1457_1458_1459_1460_1461_1462_1463_1464_1465_1466_1467_1468_1469_1470_1471_1472_1473_1474_1475_1476_1477_1478_1479_1480_1481_1482_1483_1484_1485_1486_1487_1488_1489_1490_1491_1492_1493_1494_1495_1496_1497_1498_1499_1500_1501_1502_1503_1504_1505_1506_1507_1508_1509_1510_1511_1512_1513_1514_1515_1516_1517_1518_1519_1520_1521_1522_1523_1524_1525_1526_1527_1528_1529_1530_1531_1532_1533_1534_1535_1536_1537_1538_1539_1540_1541_1542_1543_1544_1545_1546_1547_1548_1549_1550_1551_1552_1553_1554_1555_1556_1557_1558_1559_1560_1561_1562_1563_1564_1565_1566_1567_1568_1569_1570_1571_1572_1573_1574_1575_1576_1577_1578_1579_1580_1581_1582_1583_1584_1585_1586_1587_1588_1589_1590_1591_1592_1593_1594_1595_1596_1597_1598_1599_1600_1601_1602_1603_1604_1605_1606_1607_1608_1609_1610_1611_1612_1613_1614_1615_1616_1617_1618_1619_1620_1621_1622_1623_1624_1625_1626_1627_1628_1629_1630_1631_1632_1633_1634_1635_1636_1637_1638_1639_1640_1641_1642_1643_1644_1645_1646_1647_1648_1649_1650_1651_1652_1653_1654_1655_1656_1657_1658_1659_1660_1661_1662_1663_1664_1665_1666_1667_1668_1669_1670_1671_1672_1673_1674_1675_1676_1677_1678_1679_1680_1681_1682_1683_1684_1685_1686_1687_1688_1689_1690_1691_1692_1693_1694_1695_1696_1697_1698_1699_1700_1701_1702_1703_1704_1705_1706_1707_1708_1709_1710_1711_1712_1713_1714_1715_1716_1717_1718_1719_1720_1721_1722_1723_1724_1725_1726_1727_1728_1729_1730_1731_1732_1733_1734_1735_1736_1737_1738_1739_1740_1741_1742_1743_1744_1745_1746_1747_1748_1749_1750_1751_1752_1753_1754_1755_1756_1757_1758_1759_1760_1761_1762_1763_1764_1765_1766_1767_1768_1769_1770_1771_1772_1773_1774_1775_1776_1777_1778_1779_1780_1781_1782_1783_1784_1785_1786_1787_1788_1789_1790_1791_1792_1793_1794_1795_1796_1797_1798_1799_1800_1801_1802_1803_1804_1805_1806_1807_1808_1809_1810_1811_1812_1813_1814_1815_1816_1817_1818_1819_1820_1821_1822_1823_1824_1825_1826_1827_1828_1829_1830_1831_1832_1833_1834_1835_1836_1837_1838_1839_1840_1841_1842_1843_1844_1845_1846_1847_1848_1849_1850_1851_1852_1853_1854_1855_1856_1857_1858_1859_1860_1861_1862_1863_1864_1865_1866_1867_1868_1869_1870_1871_1872_1873_1874_1875_1876_1877_1878_1879_1880_1881_1882_1883_1884_1885_1886_1887_1888_1889_1890_1891_1892_1893_1894_1895_1896_1897_1898_1899_1900_1901_1902_1903_1904_1905_1906_1907_1908_1909_1910_1911_1912_1913_1914_1915_1916_1917_1918_1919_1920_1921_1922_1923_1924_1925_1926_1927_1928_1929_1930_1931_1932_1933_1934_1935_1936_1937_1938_1939_1940_1941_1942_1943_1944_1945_1946_1947_1948_1949_1950_1951_1952_1953_1954_1955_1956_1957_1958_1959_1960_1961_1962_1963_1964_1965_1966_1967_1968_1969_1970_1971_1972_1973_1974_1975_1976_1977_1978_1979_1980_1981_1982_1983_1984_1985_1986_1987_1988_1989_1990_1991_1992_1993_1994_1995_1996_1997_1998_1999_2000_2001_2002_2003_2004_2005_2006_2007_2008_2009_2010_2011_2012_2013_2014_2015_2016_2017_2018_2019_2020_2021_2022_2023_2024_2025_2026_2027_2028_2029_2030_2031_2032_2033_2034_2035_2036_2037_2038_2039_2040_2041_2042_2043_2044_2045_2046_2047_2048_2049_2050_2051_2052_2053_2054_2055_2056_2057_2058_2059_2060_2061_2062_2063_2064_2065_2066_2067_2068_2069_2070_2071_2072_2073_2074_2075_2076_2077_2078_2079_2080_2081_2082_2083_2084_2085_2086_2087_2088_2089_2090_2091_2092_2093_2094_2095_2096_2097_2098_2099_2100_2101_2102_2103_2104_2105_2106_2107_2108_2109_2110_2111_,6:{4;3;}9:{11;12;5;13;}15:{19;}22:{21;20;}26:{27;28;29;30;}28:{31;32;1408;}30:{1409;1410;33;1411;34;}32:{36;}36:{37;38;39;40;1496;}39:{1497;41;42;43;}43:{44;45;46;47;}46:{48;1584;1585;1586;49;1587;50;}50:{51;52;53;54;}57:{59;60;61;}59:{62;63;}63:{64;1760;1761;65;1762;66;1763;67;}64:{68;1764;}68:{69;70;71;72;1848;}71:{1849;73;1850;74;1851;75;}74:{76;77;78;}77:{79;80;1936;1937;1938;81;}81:{85;}83:{86;87;}87:{2024;2025;2026;2027;}88:{1061;1060;}92:{91;90;89;88;1064;}96:{95;1151;1153;94;1150;1154;93;1149;1155;92;1148;1156;}100:{96;1152;}101:{97;}102:{100;99;1237;98;}115:{116;117;118;119;}119:{120;1416;1415;1417;121;1414;1418;122;1413;1419;123;}121:{124;125;}123:{126;127;}125:{128;1504;1503;1505;1502;1506;129;}130:{132;133;1507;134;}136:{135;137;1591;138;1590;139;1589;140;1588;}140:{141;142;143;144;1680;}141:{1679;1681;1678;1682;145;}148:{149;150;151;152;1768;}153:{156;157;}157:{158;159;160;1856;1855;1857;1854;1858;161;}162:{164;165;166;}164:{167;168;1944;}165:{1943;1945;1942;1946;169;}169:{172;173;}173:{174;175;2032;2031;}178:{177;176;1072;1071;1073;1070;1074;1069;1075;}182:{180;179;178;}186:{185;184;1160;1159;1161;1158;1162;183;1157;1163;182;}190:{188;1246;187;1251;186;}195:{196;197;198;199;}199:{200;1336;1335;1337;201;1334;1338;202;1333;1339;203;}203:{204;205;206;207;}204:{208;1424;}206:{1423;1425;1422;1426;209;1421;1427;210;}210:{212;213;214;}212:{215;216;1512;}213:{1511;1513;1510;1514;217;}218:{221;222;}220:{223;224;1600;}223:{1599;1601;225;1598;1602;226;1597;1603;227;}227:{228;229;230;231;}229:{232;1688;1687;1689;1686;1690;233;}232:{234;235;1685;1691;236;1684;1692;}236:{237;238;239;240;1776;}240:{241;1775;1777;242;1774;1778;243;1773;1779;244;1772;1780;}243:{245;246;247;}246:{248;1864;1863;1865;1862;1866;249;1861;1867;250;}247:{251;}249:{252;253;}250:{254;}252:{255;256;1952;}253:{1951;1953;1950;1954;257;}258:{260;261;262;}261:{263;2040;2039;2041;2038;}263:{2037;}269:{268;}279:{277;1258;276;1259;275;283;}295:{293;1434;292;1435;299;}304:{303;305;1521;302;306;1522;301;307;1523;300;308;1524;}308:{309;310;311;312;1608;}312:{313;1607;1609;314;1610;315;1611;316;1612;}323:{324;}330:{332;333;334;}331:{335;}333:{336;1872;1871;1873;1870;1874;337;}336:{340;1876;}340:{341;342;343;344;1960;}348:{349;350;351;2048;}350:{2047;2049;2046;2050;2045;2051;}353:{355;1090;356;1091;357;}360:{359;361;1177;358;362;1178;363;1179;364;1180;}375:{373;1354;372;1355;379;}379:{380;381;382;383;}381:{384;1440;1439;1441;1438;1442;385;}395:{396;397;398;399;}403:{404;405;406;407;}407:{408;1704;1703;1705;409;1702;1706;410;1701;1707;411;}411:{413;414;415;}415:{1794;1795;419;}419:{420;421;422;423;}420:{424;1880;}426:{428;}434:{436;}440:{1095;1097;1098;1099;1100;}444:{442;441;440;1096;}447:{445;1186;444;1187;443;451;}451:{452;}461:{460;}464:{468;1364;}466:{469;470;}469:{471;472;1448;1447;1449;1446;1450;473;}476:{477;478;479;480;1536;}477:{1535;1537;1534;1538;481;}478:{1533;1539;482;}483:{484;485;486;487;}486:{1625;1626;489;1627;490;}489:{491;492;}499:{500;501;502;503;}504:{505;1801;506;1802;507;1803;508;1804;}505:{509;}509:{510;511;512;1888;1887;1889;1886;1890;513;}513:{516;517;}517:{518;519;520;1976;1977;1978;521;}523:{524;525;526;527;}525:{2064;2063;2065;2062;2066;}533:{532;531;530;529;}537:{540;}551:{548;}553:{556;1371;}566:{1547;}571:{572;573;574;575;}572:{576;1632;}574:{1631;1633;1630;1634;577;1629;1635;578;}578:{579;580;581;582;}582:{583;584;1720;1719;1721;1718;1722;585;1723;586;}585:{587;588;589;}586:{590;}589:{591;1809;1810;593;}593:{596;597;}594:{598;}597:{599;600;1896;1897;1898;601;}599:{602;1899;603;}600:{604;1900;}604:{605;606;607;608;1984;}607:{1983;1985;609;1982;1986;610;1987;611;}611:{612;613;}615:{2074;2075;}623:{620;}627:{625;624;1200;1199;1201;1198;1202;623;}630:{629;628;1290;627;1291;626;}638:{637;636;1378;1379;}640:{1380;}647:{645;1466;644;1467;643;651;}651:{652;653;654;655;}652:{656;1552;}653:{1551;1553;1550;1554;657;}662:{661;660;1642;659;1643;658;}664:{667;668;1644;}674:{676;677;1731;678;}675:{679;}678:{680;1816;1815;1817;1814;1818;681;1813;1819;682;}679:{683;}682:{685;686;}689:{692;}699:{700;701;702;703;}701:{2080;2081;2082;}704:{1119;1121;1118;1122;1117;1123;1116;1124;}708:{706;705;704;1120;}711:{707;}728:{727;729;1385;726;730;1386;725;731;1387;724;732;1388;}737:{740;741;}738:{742;}742:{743;744;1560;1559;1561;1558;1562;745;1557;1563;746;}755:{756;}763:{764;765;766;767;}767:{768;1824;1823;1825;769;1822;1826;770;1821;1827;771;}771:{772;773;774;775;}773:{776;1912;1911;1913;1910;1914;777;}775:{778;1909;1915;779;}784:{2002;781;787;2003;780;788;2004;}794:{796;}798:{797;}800:{804;}810:{811;812;1306;813;1307;814;}813:{815;1393;1394;817;}817:{818;819;820;1395;821;}823:{1482;1483;827;}826:{828;829;830;}832:{1571;1572;}838:{837;836;1658;835;1659;834;}841:{843;844;845;}843:{846;847;}844:{848;1744;}845:{1743;1745;1742;1746;849;}851:{853;854;855;}858:{859;860;1834;861;1835;862;}861:{1922;}866:{869;870;}868:{871;872;2008;}875:{877;878;879;}879:{2096;2095;2097;2094;2098;2093;2099;}890:{892;893;1227;894;}904:{1402;901;907;1403;900;908;1404;}907:{909;910;911;}914:{916;917;918;}923:{924;}930:{932;933;934;}933:{935;936;1752;1751;1753;1750;1754;937;}936:{1756;}939:{940;941;942;943;}943:{944;1840;1839;1841;945;1838;1842;946;1837;1843;947;}944:{948;1836;1844;}948:{949;950;951;952;1928;}952:{953;1927;1929;954;1926;1930;955;1925;1931;956;1932;}953:{957;}954:{958;}963:{964;}970:{971;972;973;974;}979:{980;981;982;983;}987:{988;989;990;991;}994:{996;997;998;}996:{999;1000;}1001:{1004;1005;}1005:{1006;1007;1009;}1006:{1010;}1009:{1011;1012;}1017:{1020;1021;}1020:{1022;1023;1024;}1023:{1759;1025;1758;1026;1757;1027;}1027:{1028;1029;1030;1031;}1028:{1032;}1032:{1033;1034;1035;1036;}1033:{1037;}1036:{1038;1039;1040;}1039:{1935;1041;1934;1042;1933;1043;}1043:{1044;1045;1046;1047;}1044:{1048;}1048:{1049;2023;1050;2022;1051;1052;}1054:{1053;}1059:{1057;0;1056;1;2;}1062:{1059;1058;}1066:{1065;1063;1062;}1070:{1068;1067;1066;}1075:{1076;1077;1078;1079;}1079:{264;1080;265;1081;266;1082;267;1083;}1083:{1084;1085;1086;1087;}1085:{352;1088;353;354;1089;}1089:{1092;1093;}1090:{1094;}1100:{1101;1102;1103;528;1104;}1102:{1105;1106;}1104:{1107;1108;}1105:{1109;}1107:{1110;1111;}1111:{616;1112;617;1113;618;1114;619;1115;}1124:{1125;1126;1127;792;1128;}1127:{793;1129;794;1130;795;1131;}1129:{1132;1133;}1132:{1134;1135;880;1136;}1136:{881;1137;882;1138;883;1139;884;1140;}1140:{1141;1142;1143;968;}1141:{969;970;}1147:{7;9;6;10;}1148:{1147;1146;1145;8;1144;}1162:{1164;1165;181;1166;}1165:{1167;272;1168;271;273;270;274;1169;}1167:{1170;269;1171;}1171:{1172;1173;1174;1175;}1172:{360;1176;}1180:{1181;1182;1183;448;1184;}1181:{447;449;446;450;1185;}1187:{1188;1189;1190;1191;}1190:{536;1192;535;537;534;538;1193;533;539;1194;}1193:{1195;1196;1197;}1202:{1203;1204;622;1205;621;1206;}1204:{1207;712;1208;}1208:{711;713;1209;710;714;1210;709;715;1211;708;716;1212;}1210:{1213;1214;}1213:{1215;800;1216;799;801;798;802;1217;}1217:{1218;1219;1220;803;1221;}1220:{1222;1223;888;1224;}1222:{887;889;886;890;1225;885;891;1226;}1226:{1228;1229;1230;}1228:{1231;976;}1231:{975;977;978;979;}1235:{1233;16;1232;15;17;14;18;}1238:{1234;}1239:{1236;1235;}1242:{1241;104;1240;103;105;102;106;1239;101;107;1238;}1246:{1245;1247;192;1244;1248;191;193;190;194;1243;1249;189;195;1242;1250;}1251:{1252;1253;1254;1255;}1253:{280;1256;279;281;278;282;1257;}1257:{1260;1261;}1260:{1262;1263;368;1264;}1263:{367;369;1265;366;370;1266;365;371;1267;}1265:{1268;1269;}1268:{1270;1271;456;1272;}1269:{455;457;454;458;1273;}1273:{1274;1275;1276;453;459;1277;}1277:{1278;1279;544;1280;543;545;542;546;1281;}1278:{541;547;1282;}1281:{1283;1284;1285;}1285:{1286;1287;632;1288;631;633;630;634;1289;}1289:{1292;635;1293;}1291:{1294;1295;}1295:{720;1296;719;721;1297;718;722;1298;717;723;1299;}1297:{1300;1301;}1301:{1302;1303;808;1304;807;809;806;810;1305;}1306:{1308;1309;805;1310;}1310:{1311;896;1312;895;897;898;1313;899;1314;}1313:{1315;1316;1317;}1314:{1318;}1317:{1319;984;985;986;}1318:{987;}1323:{1322;1321;24;1320;23;25;22;26;}1327:{1324;1323;}1329:{112;1328;111;113;1327;110;114;1326;109;115;1325;}1333:{1332;1331;1330;1329;}1339:{1340;1341;1342;1343;}1343:{288;1344;287;289;1345;286;290;1346;285;291;1347;}1345:{1348;1349;}1348:{1350;1351;376;1352;}1349:{375;377;374;378;1353;}1355:{1356;1357;1358;1359;}1359:{464;1360;463;465;1361;462;466;1362;461;467;1363;}1363:{1365;1366;1367;}1366:{552;1368;551;553;550;554;1369;549;555;1370;}1369:{1372;1373;}1370:{1374;}1373:{1375;640;1376;639;641;638;642;1377;}1380:{1381;1382;1383;728;1384;}1388:{1389;1390;1391;816;1392;}1392:{1396;}1395:{1397;1398;1399;}1397:{904;1400;903;905;902;906;1401;}1404:{1405;1406;1407;992;}1406:{993;994;995;}1409:{1412;35;}1417:{1420;}1426:{1428;1429;211;1430;}1429:{1431;296;1432;295;297;294;298;1433;}1438:{1437;1436;386;387;}1439:{1443;}1440:{388;1444;}1448:{474;475;1445;1451;476;1452;}1449:{1453;}1452:{1454;1455;560;1456;}1454:{559;561;558;562;1457;557;563;1458;}1456:{564;}1458:{1459;1460;1461;1462;}1461:{1463;648;1464;647;649;646;650;1465;}1467:{1468;1469;1470;1471;}1471:{736;1472;735;737;1473;734;738;1474;733;739;1475;}1473:{1476;1477;}1477:{1478;1479;824;1480;823;825;822;826;1481;}1480:{1484;}1483:{1485;1486;1487;}1487:{912;1488;913;1489;914;1490;915;1491;}1491:{1492;1493;1494;1495;}1494:{1001;1002;1003;}1502:{1501;1500;130;1499;131;1498;}1512:{218;219;1509;1515;220;1508;1516;}1516:{1517;1518;1519;304;1520;}1523:{1525;1526;1527;}1527:{392;1528;391;393;1529;390;394;1530;389;395;1531;}1531:{1532;}1538:{1540;1541;483;1542;}1542:{1543;568;1544;567;569;566;570;1545;565;571;1546;}1544:{1548;}1552:{1549;1555;1556;}1560:{748;}1562:{1564;1565;747;1566;}1566:{1567;832;1568;831;833;1569;1570;}1572:{1573;1574;1575;920;1576;}1574:{919;921;922;1577;923;1578;}1575:{1579;}1577:{1580;1581;}1580:{1582;1583;1008;}1596:{136;1592;}1597:{1596;1595;1594;1593;}1602:{1604;1605;1606;}1611:{1613;1614;1615;}1614:{400;1616;401;402;1617;403;1618;}1617:{1619;1620;1621;}1618:{1622;}1620:{1623;488;1624;}1632:{1628;}1635:{1636;1637;1638;1639;}1637:{664;1640;663;665;662;666;1641;}1642:{1645;1646;}1644:{1647;752;1648;}1647:{751;753;1649;750;754;1650;749;755;1651;}1649:{1652;1653;}1653:{1654;1655;840;1656;839;841;838;842;1657;}1659:{1660;1661;1662;1663;}1663:{928;1664;927;929;1665;926;930;1666;925;931;1667;}1666:{1668;1669;1670;}1670:{1671;1016;1015;1017;1014;1018;1013;1019;}1675:{1674;1673;56;1672;55;57;58;}1679:{1675;}1680:{146;147;1677;1683;148;1676;}1690:{1693;1694;}1693:{1695;320;1696;319;321;318;322;1697;}1695:{1698;317;323;1699;}1704:{412;1700;1708;}1706:{1709;1710;}1710:{1711;496;1712;495;497;494;498;1713;493;499;1714;}1713:{1715;1716;1717;}1720:{1724;}1724:{1725;1726;1727;672;1728;}1726:{671;673;670;674;1729;669;675;1730;}1730:{1732;1733;1734;}1734:{1735;760;1736;759;761;758;762;1737;757;763;1738;}1736:{1739;1740;}1739:{1741;}1744:{850;851;1747;852;1748;}1751:{1749;938;939;1755;}1767:{1766;1765;155;}1771:{1770;1769;153;154;1767;}1775:{1771;}1780:{1781;1782;1783;328;1784;}1783:{327;329;1785;326;330;1786;325;331;1787;}1786:{1788;1789;1790;}1789:{1791;416;1792;417;418;1793;}1795:{1796;1797;1798;1799;}1796:{504;1800;}1804:{1805;1806;1807;592;1808;}1807:{594;595;1811;}1808:{1812;}1816:{684;1820;}1825:{1828;1829;}1826:{1830;}1827:{1831;}1829:{856;1832;857;858;1833;}1844:{1845;1846;1847;}1850:{1852;}1857:{1859;162;1860;163;1853;}1871:{1869;338;1868;339;1875;}1875:{1877;1878;1879;}1879:{425;1881;426;1882;427;1883;}1887:{1885;514;1884;515;1891;}1891:{1892;1893;1894;1895;}1899:{1901;1902;1903;}1900:{688;1904;}1903:{687;689;1905;690;1906;691;1907;}1907:{1908;}1914:{1916;1917;1918;}1917:{1919;864;1920;863;865;866;1921;}1920:{867;1923;868;1924;}1936:{82;83;1939;84;1940;}1945:{1947;170;1948;171;1941;}1953:{1955;258;259;1949;}1960:{345;1959;1961;346;1958;1962;347;1957;1963;348;1956;1964;}1963:{1965;1966;1967;}1965:{432;1968;431;433;430;434;1969;}1967:{1970;429;435;1971;}1970:{1972;1973;1974;}1971:{1975;}1977:{1979;522;1980;523;1981;}1987:{1988;1989;1990;1991;}1990:{696;1992;695;697;694;698;1993;693;699;1994;}1991:{1995;}1994:{1996;1997;1998;}1997:{1999;784;2000;783;785;782;786;2001;}2001:{2005;}2002:{2006;}2004:{2007;}2008:{873;2009;874;2010;875;2011;876;2012;}2011:{2013;2014;2015;}2015:{960;2016;959;961;2017;962;2018;963;2019;}2017:{2020;2021;}2026:{2028;2029;2030;}2037:{2036;2035;2034;2033;}2046:{2044;2043;2042;}2051:{2052;2053;2054;2055;}2052:{2056;}2054:{439;438;2057;437;2058;}2056:{2059;2060;}2065:{2067;2068;2061;2069;}2069:{2070;2071;2072;615;614;2073;}2072:{2076;}2075:{2077;2078;2079;}2082:{2083;2084;2085;2086;}2083:{2087;}2086:{2088;791;790;2089;789;2090;}2088:{2091;2092;}2099:{2100;2101;2102;2103;}2102:{2104;967;966;2105;965;2106;}2105:{2107;2108;2109;}2109:{2110;2111;1055;1054;},53_54_143_144_231_232_318_319_403_404_486_487_564_565_566_1106_1107_1197_1198_1285_1286_1287_1373_1374_1458_1459_1541_1542_1543_1621_1622_1623_1677_1678_1679_1680_1681_1682_1683_1684_1685_1686_1687_1688_1689_1690_1691_1692_1693_1694_1695_,1246-1245*0_1246-1247*0_1246-192*0_1246-1244*0_1246-1248*0_1246-191*0_1246-193*0_1246-190*0_1246-194*0_1246-1243*0_1246-1249*0_1246-189*0_1246-195*0_1246-1242*0_1246-1250*0_190-188*1_190-1246*1_190-187*1_190-1251*1_190-186*1_1242-1241*1_1242-104*1_1242-1240*1_1242-103*1_1242-105*1_1242-102*1_1242-106*1_1242-1239*1_1242-101*1_1242-107*1_1242-1238*1_102-100*2_102-99*2_102-1237*2_102-98*2_186-185*2_186-184*2_186-1160*2_186-1159*2_186-1161*2_186-1158*2_186-1162*2_186-183*2_186-1157*2_186-1163*2_186-182*2_101-97*3_195-196*1_195-197*1_195-198*1_195-199*1_1162-1164*3_1162-1165*3_1162-181*3_1162-1166*3_1251-1252*2_1251-1253*2_1251-1254*2_1251-1255*2_100-96*4_100-1152*4_182-180*4_182-179*4_182-178*4_96-95*5_96-1151*5_96-1153*5_96-94*5_96-1150*5_96-1154*5_96-93*5_96-1149*5_96-1155*5_96-92*5_96-1148*5_96-1156*5_178-177*5_178-176*5_178-1072*5_178-1071*5_178-1073*5_178-1070*5_178-1074*5_178-1069*5_178-1075*5_1253-280*3_1253-1256*3_1253-279*3_1253-281*3_1253-278*3_1253-282*3_1253-1257*3_279-277*4_279-1258*4_279-276*4_279-1259*4_279-275*4_279-283*4_1070-1068*6_1070-1067*6_1070-1066*6_1148-1147*6_1148-1146*6_1148-1145*6_1148-8*6_1148-1144*6_1239-1236*4_1239-1235*4_92-91*6_92-90*6_92-89*6_92-88*6_92-1064*6_1066-1065*7_1066-1063*7_1066-1062*7_1165-1167*4_1165-272*4_1165-1168*4_1165-271*4_1165-273*4_1165-270*4_1165-274*4_1165-1169*4_1257-1260*5_1257-1261*5_1075-1076*6_1075-1077*6_1075-1078*6_1075-1079*6_1238-1234*5_199-200*2_199-1336*2_199-1335*2_199-1337*2_199-201*2_199-1334*2_199-1338*2_199-202*2_199-1333*2_199-1339*2_199-203*2_1339-1340*3_1339-1341*3_1339-1342*3_1339-1343*3_203-204*3_203-205*3_203-206*3_203-207*3_204-208*4_204-1424*4_1343-288*4_1343-1344*4_1343-287*4_1343-289*4_1343-1345*4_1343-286*4_1343-290*4_1343-1346*4_1343-285*4_1343-291*4_1343-1347*4_88-1061*8_88-1060*8_1062-1059*9_1062-1058*9_1079-264*7_1079-1080*7_1079-265*7_1079-1081*7_1079-266*7_1079-1082*7_1079-267*7_1079-1083*7_1147-7*7_1147-9*7_1147-6*7_1147-10*7_1260-1262*6_1260-1263*6_1260-368*6_1260-1264*6_206-1423*5_206-1425*5_206-1422*5_206-1426*5_206-209*5_206-1421*5_206-1427*5_206-210*5_1167-1170*5_1167-269*5_1167-1171*5_1426-1428*6_1426-1429*6_1426-211*6_1426-1430*6_1235-1233*6_1235-16*6_1235-1232*6_1235-15*6_1235-17*6_1235-14*6_1235-18*6_9-11*8_9-12*8_9-5*8_9-13*8_269-268*6_1083-1084*8_1083-1085*8_1083-1086*8_1083-1087*8_1263-367*7_1263-369*7_1263-1265*7_1263-366*7_1263-370*7_1263-1266*7_1263-365*7_1263-371*7_1263-1267*7_1265-1268*8_1265-1269*8_1268-1270*9_1268-1271*9_1268-456*9_1268-1272*9_210-212*7_210-213*7_210-214*7_1345-1348*5_1345-1349*5_1348-1350*6_1348-1351*6_1348-376*6_1348-1352*6_1333-1332*3_1333-1331*3_1333-1330*3_1333-1329*3_1349-375*7_1349-377*7_1349-374*7_1349-378*7_1349-1353*7_212-215*8_212-216*8_212-1512*8_15-19*7_1085-352*9_1085-1088*9_1085-353*9_1085-354*9_1085-1089*9_1171-1172*6_1171-1173*6_1171-1174*6_1171-1175*6_1059-1057*10_1059-0*10_1059-1056*10_1059-1*10_1059-2*10_213-1511*9_213-1513*9_213-1510*9_213-1514*9_213-217*9_1329-112*4_1329-1328*4_1329-111*4_1329-113*4_1329-1327*4_1329-110*4_1329-114*4_1329-1326*4_1329-109*4_1329-115*4_1329-1325*4_6-4*9_6-3*9_1327-1324*5_1327-1323*5_1172-360*7_1172-1176*7_375-373*8_375-1354*8_375-372*8_375-1355*8_375-379*8_353-355*10_353-1090*10_353-356*10_353-1091*10_353-357*10_1323-1322*6_1323-1321*6_1323-24*6_1323-1320*6_1323-23*6_1323-25*6_1323-22*6_1323-26*6_1512-218*10_1512-219*10_1512-1509*10_1512-1515*10_1512-220*10_1512-1508*10_1512-1516*10_218-221*11_218-222*11_1355-1356*9_1355-1357*9_1355-1358*9_1355-1359*9_22-21*7_22-20*7_1269-455*10_1269-457*10_1269-454*10_1269-458*10_1269-1273*10_1429-1431*7_1429-296*7_1429-1432*7_1429-295*7_1429-297*7_1429-294*7_1429-298*7_1429-1433*7_295-293*8_295-1434*8_295-292*8_295-1435*8_295-299*8_360-359*8_360-361*8_360-1177*8_360-358*8_360-362*8_360-1178*8_360-363*8_360-1179*8_360-364*8_360-1180*8_115-116*6_115-117*6_115-118*6_115-119*6_1273-1274*11_1273-1275*11_1273-1276*11_1273-453*11_1273-459*11_1273-1277*11_26-27*8_26-28*8_26-29*8_26-30*8_1516-1517*11_1516-1518*11_1516-1519*11_1516-304*11_1516-1520*11_28-31*9_28-32*9_28-1408*9_304-303*12_304-305*12_304-1521*12_304-302*12_304-306*12_304-1522*12_304-301*12_304-307*12_304-1523*12_304-300*12_304-308*12_304-1524*12_379-380*9_379-381*9_379-382*9_379-383*9_1180-1181*9_1180-1182*9_1180-1183*9_1180-448*9_1180-1184*9_1089-1092*11_1089-1093*11_30-1409*10_30-1410*10_30-33*10_30-1411*10_30-34*10_381-384*10_381-1440*10_381-1439*10_381-1441*10_381-1438*10_381-1442*10_381-385*10_1277-1278*12_1277-1279*12_1277-544*12_1277-1280*12_1277-543*12_1277-545*12_1277-542*12_1277-546*12_1277-1281*12_119-120*7_119-1416*7_119-1415*7_119-1417*7_119-121*7_119-1414*7_119-1418*7_119-122*7_119-1413*7_119-1419*7_119-123*7_1438-1437*11_1438-1436*11_1438-386*11_1438-387*11_1278-541*13_1278-547*13_1278-1282*13_1417-1420*8_1523-1525*13_1523-1526*13_1523-1527*13_1409-1412*11_1409-35*11_1359-464*10_1359-1360*10_1359-463*10_1359-465*10_1359-1361*10_1359-462*10_1359-466*10_1359-1362*10_1359-461*10_1359-467*10_1359-1363*10_461-460*11_1181-447*10_1181-449*10_1181-446*10_1181-450*10_1181-1185*10_1281-1283*14_1281-1284*14_1281-1285*14_447-445*11_447-1186*11_447-444*11_447-1187*11_447-443*11_447-451*11_1439-1443*12_1090-1094*12_464-468*12_464-1364*12_308-309*13_308-310*13_308-311*13_308-312*13_308-1608*13_1285-1286*15_1285-1287*15_1285-632*15_1285-1288*15_1285-631*15_1285-633*15_1285-630*15_1285-634*15_1285-1289*15_1527-392*14_1527-1528*14_1527-391*14_1527-393*14_1527-1529*14_1527-390*14_1527-394*14_1527-1530*14_1527-389*14_1527-395*14_1527-1531*14_220-223*12_220-224*12_220-1600*12_223-1599*13_223-1601*13_223-225*13_223-1598*13_223-1602*13_223-226*13_223-1597*13_223-1603*13_223-227*13_630-629*16_630-628*16_630-1290*16_630-627*16_630-1291*16_630-626*16_627-625*17_627-624*17_627-1200*17_627-1199*17_627-1201*17_627-1198*17_627-1202*17_627-623*17_121-124*9_121-125*9_1602-1604*14_1602-1605*14_1602-1606*14_1187-1188*12_1187-1189*12_1187-1190*12_1187-1191*12_123-126*10_123-127*10_466-469*13_466-470*13_469-471*14_469-472*14_469-1448*14_469-1447*14_469-1449*14_469-1446*14_469-1450*14_469-473*14_1202-1203*18_1202-1204*18_1202-622*18_1202-1205*18_1202-621*18_1202-1206*18_312-313*14_312-1607*14_312-1609*14_312-314*14_312-1610*14_312-315*14_312-1611*14_312-316*14_312-1612*14_1440-388*13_1440-1444*13_1204-1207*19_1204-712*19_1204-1208*19_444-442*12_444-441*12_444-440*12_444-1096*12_1611-1613*15_1611-1614*15_1611-1615*15_395-396*15_395-397*15_395-398*15_395-399*15_1614-400*16_1614-1616*16_1614-401*16_1614-402*16_1614-1617*16_1614-403*16_1614-1618*16_1448-474*15_1448-475*15_1448-1445*15_1448-1451*15_1448-476*15_1448-1452*15_440-1095*13_440-1097*13_440-1098*13_440-1099*13_440-1100*13_227-228*15_227-229*15_227-230*15_227-231*15_32-36*12_1617-1619*17_1617-1620*17_1617-1621*17_1100-1101*14_1100-1102*14_1100-1103*14_1100-528*14_1100-1104*14_1449-1453*16_1452-1454*17_1452-1455*17_1452-560*17_1452-1456*17_1190-536*13_1190-1192*13_1190-535*13_1190-537*13_1190-534*13_1190-538*13_1190-1193*13_1190-533*13_1190-539*13_1190-1194*13_229-232*16_229-1688*16_229-1687*16_229-1689*16_229-1686*16_229-1690*16_229-233*16_533-532*14_533-531*14_533-530*14_533-529*14_1208-711*20_1208-713*20_1208-1209*20_1208-710*20_1208-714*20_1208-1210*20_1208-709*20_1208-715*20_1208-1211*20_1208-708*20_1208-716*20_1208-1212*20_1102-1105*15_1102-1106*15_232-234*17_232-235*17_232-1685*17_232-1691*17_232-236*17_232-1684*17_232-1692*17_125-128*11_125-1504*11_125-1503*11_125-1505*11_125-1502*11_125-1506*11_125-129*11_36-37*13_36-38*13_36-39*13_36-40*13_36-1496*13_1363-1365*14_1363-1366*14_1363-1367*14_236-237*18_236-238*18_236-239*18_236-240*18_236-1776*18_1502-1501*12_1502-1500*12_1502-130*12_1502-1499*12_1502-131*12_1502-1498*12_476-477*16_476-478*16_476-479*16_476-480*16_476-1536*16_39-1497*14_39-41*14_39-42*14_39-43*14_1193-1195*15_1193-1196*15_1193-1197*15_43-44*15_43-45*15_43-46*15_43-47*15_1618-1622*18_1104-1107*16_1104-1108*16_240-241*19_240-1775*19_240-1777*19_240-242*19_240-1774*19_240-1778*19_240-243*19_240-1773*19_240-1779*19_240-244*19_240-1772*19_240-1780*19_477-1535*17_477-1537*17_477-1534*17_477-1538*17_477-481*17_1454-559*18_1454-561*18_1454-558*18_1454-562*18_1454-1457*18_1454-557*18_1454-563*18_1454-1458*18_478-1533*18_478-1539*18_478-482*18_46-48*16_46-1584*16_46-1585*16_46-1586*16_46-49*16_46-1587*16_46-50*16_1458-1459*19_1458-1460*19_1458-1461*19_1458-1462*19_1531-1532*15_1597-1596*14_1597-1595*14_1597-1594*14_1597-1593*14_243-245*20_243-246*20_243-247*20_1105-1109*17_130-132*13_130-133*13_130-1507*13_130-134*13_711-707*21_1538-1540*19_1538-1541*19_1538-483*19_1538-1542*19_708-706*22_708-705*22_708-704*22_708-1120*22_1366-552*15_1366-1368*15_1366-551*15_1366-553*15_1366-550*15_1366-554*15_1366-1369*15_1366-549*15_1366-555*15_1366-1370*15_1289-1292*17_1289-635*17_1289-1293*17_1596-136*15_1596-1592*15_136-135*16_136-137*16_136-1591*16_136-138*16_136-1590*16_136-139*16_136-1589*16_136-140*16_136-1588*16_1620-1623*19_1620-488*19_1620-1624*19_50-51*17_50-52*17_50-53*17_50-54*17_553-556*16_553-1371*16_1690-1693*18_1690-1694*18_140-141*17_140-142*17_140-143*17_140-144*17_140-1680*17_403-404*18_403-405*18_403-406*18_403-407*18_1542-1543*20_1542-568*20_1542-1544*20_1542-567*20_1542-569*20_1542-566*20_1542-570*20_1542-1545*20_1542-565*20_1542-571*20_1542-1546*20_407-408*19_407-1704*19_407-1703*19_407-1705*19_407-409*19_407-1702*19_407-1706*19_407-410*19_407-1701*19_407-1707*19_407-411*19_1210-1213*22_1210-1214*22_571-572*21_571-573*21_571-574*21_571-575*21_704-1119*23_704-1121*23_704-1118*23_704-1122*23_704-1117*23_704-1123*23_704-1116*23_704-1124*23_1780-1781*20_1780-1782*20_1780-1783*20_1780-328*20_1780-1784*20_483-484*20_483-485*20_483-486*20_483-487*20_1124-1125*24_1124-1126*24_1124-1127*24_1124-792*24_1124-1128*24_1704-412*20_1704-1700*20_1704-1708*20_1291-1294*18_1291-1295*18_1693-1695*19_1693-320*19_1693-1696*19_1693-319*19_1693-321*19_1693-318*19_1693-322*19_1693-1697*19_1783-327*21_1783-329*21_1783-1785*21_1783-326*21_1783-330*21_1783-1786*21_1783-325*21_1783-331*21_1783-1787*21_1127-793*25_1127-1129*25_1127-794*25_1127-1130*25_1127-795*25_1127-1131*25_572-576*22_572-1632*22_1695-1698*20_1695-317*20_1695-323*20_1695-1699*20_1706-1709*21_1706-1710*21_1786-1788*22_1786-1789*22_1786-1790*22_411-413*22_411-414*22_411-415*22_1213-1215*23_1213-800*23_1213-1216*23_1213-799*23_1213-801*23_1213-798*23_1213-802*23_1213-1217*23_1789-1791*23_1789-416*23_1789-1792*23_1789-417*23_1789-418*23_1789-1793*23_330-332*23_330-333*23_330-334*23_1369-1372*18_1369-1373*18_1461-1463*20_1461-648*20_1461-1464*20_1461-647*20_1461-649*20_1461-646*20_1461-650*20_1461-1465*20_1295-720*19_1295-1296*19_1295-719*19_1295-721*19_1295-1297*19_1295-718*19_1295-722*19_1295-1298*19_1295-717*19_1295-723*19_1295-1299*19_246-248*21_246-1864*21_246-1863*21_246-1865*21_246-1862*21_246-1866*21_246-249*21_246-1861*21_246-1867*21_246-250*21_794-796*26_1217-1218*24_1217-1219*24_1217-1220*24_1217-803*24_1217-1221*24_141-1679*18_141-1681*18_141-1678*18_141-1682*18_141-145*18_1129-1132*27_1129-1133*27_323-324*21_1680-146*19_1680-147*19_1680-1677*19_1680-1683*19_1680-148*19_1680-1676*19_415-1794*24_415-1795*24_415-419*24_1679-1675*20_1132-1134*28_1132-1135*28_1132-880*28_1132-1136*28_1220-1222*25_1220-1223*25_1220-888*25_1220-1224*25_574-1631*23_574-1633*23_574-1630*23_574-1634*23_574-577*23_574-1629*23_574-1635*23_574-578*23_647-645*21_647-1466*21_647-644*21_647-1467*21_647-643*21_647-651*21_486-1625*21_486-1626*21_486-489*21_486-1627*21_486-490*21_1107-1110*18_1107-1111*18_1297-1300*20_1297-1301*20_247-251*22_578-579*24_578-580*24_578-581*24_578-582*24_1222-887*26_1222-889*26_1222-886*26_1222-890*26_1222-1225*26_1222-885*26_1222-891*26_1222-1226*26_1710-1711*22_1710-496*22_1710-1712*22_1710-495*22_1710-497*22_1710-494*22_1710-498*22_1710-1713*22_1710-493*22_1710-499*22_1710-1714*22_1795-1796*25_1795-1797*25_1795-1798*25_1795-1799*25_331-335*24_1675-1674*21_1675-1673*21_1675-56*21_1675-1672*21_1675-55*21_1675-57*21_1675-58*21_1370-1374*19_1796-504*26_1796-1800*26_1713-1715*23_1713-1716*23_1713-1717*23_582-583*25_582-584*25_582-1720*25_582-1719*25_582-1721*25_582-1718*25_582-1722*25_582-585*25_582-1723*25_582-586*25_249-252*23_249-253*23_1635-1636*25_1635-1637*25_1635-1638*25_1635-1639*25_1136-881*29_1136-1137*29_1136-882*29_1136-1138*29_1136-883*29_1136-1139*29_1136-884*29_1136-1140*29_419-420*25_419-421*25_419-422*25_419-423*25_489-491*22_489-492*22_333-336*25_333-1872*25_333-1871*25_333-1873*25_333-1870*25_333-1874*25_333-337*25_1637-664*26_1637-1640*26_1637-663*26_1637-665*26_1637-662*26_1637-666*26_1637-1641*26_1871-1869*26_1871-338*26_1871-1868*26_1871-339*26_1871-1875*26_1467-1468*22_1467-1469*22_1467-1470*22_1467-1471*22_499-500*24_499-501*24_499-502*24_499-503*24_57-59*22_57-60*22_57-61*22_1373-1375*20_1373-640*20_1373-1376*20_1373-639*20_1373-641*20_1373-638*20_1373-642*20_1373-1377*20_651-652*22_651-653*22_651-654*22_651-655*22_250-254*24_336-340*27_336-1876*27_585-587*26_585-588*26_585-589*26_1456-564*20_566-1547*21_662-661*27_662-660*27_662-1642*27_662-659*27_662-1643*27_662-658*27_890-892*27_890-893*27_890-1227*27_890-894*27_59-62*23_59-63*23_1226-1228*28_1226-1229*28_1226-1230*28_664-667*28_664-668*28_664-1644*28_1720-1724*27_148-149*20_148-150*20_148-151*20_148-152*20_148-1768*20_551-548*15_586-590*28_537-540*16_1642-1645*29_1642-1646*29_1775-1771*22_1875-1877*28_1875-1878*28_1875-1879*28_340-341*28_340-342*28_340-343*28_340-344*28_340-1960*28_638-637*21_638-636*21_638-1378*21_638-1379*21_1724-1725*28_1724-1726*28_1724-1727*28_1724-672*28_1724-1728*28_63-64*24_63-1760*24_63-1761*24_63-65*24_63-1762*24_63-66*24_63-1763*24_63-67*24_64-68*25_64-1764*25_1140-1141*30_1140-1142*30_1140-1143*30_1140-968*30_504-505*27_504-1801*27_504-506*27_504-1802*27_504-507*27_504-1803*27_504-508*27_504-1804*27_1960-345*29_1960-1959*29_1960-1961*29_1960-346*29_1960-1958*29_1960-1962*29_1960-347*29_1960-1957*29_1960-1963*29_1960-348*29_1960-1956*29_1960-1964*29_1771-1770*23_1771-1769*23_1771-153*23_1771-154*23_1771-1767*23_1471-736*23_1471-1472*23_1471-735*23_1471-737*23_1471-1473*23_1471-734*23_1471-738*23_1471-1474*23_1471-733*23_1471-739*23_1471-1475*23_505-509*28_1141-969*31_1141-970*31_1804-1805*28_1804-1806*28_1804-1807*28_1804-592*28_1804-1808*28_640-1380*23_1632-1628*24_420-424*27_420-1880*27_1301-1302*21_1301-1303*21_1301-808*21_1301-1304*21_1301-807*21_1301-809*21_1301-806*21_1301-810*21_1301-1305*21_737-740*24_737-741*24_1111-616*19_1111-1112*19_1111-617*19_1111-1113*19_1111-618*19_1111-1114*19_1111-619*19_1111-1115*19_970-971*32_970-972*32_970-973*32_970-974*32_1963-1965*30_1963-1966*30_1963-1967*30_738-742*25_1767-1766*24_1767-1765*24_1767-155*24_1380-1381*24_1380-1382*24_1380-1383*24_1380-728*24_1380-1384*24_810-811*22_810-812*22_810-1306*22_810-813*22_810-1307*22_810-814*22_1879-425*29_1879-1881*29_1879-426*29_1879-1882*29_1879-427*29_1879-1883*29_1726-671*29_1726-673*29_1726-670*29_1726-674*29_1726-1729*29_1726-669*29_1726-675*29_1726-1730*29_252-255*25_252-256*25_252-1952*25_728-727*25_728-729*25_728-1385*25_728-726*25_728-730*25_728-1386*25_728-725*25_728-731*25_728-1387*25_728-724*25_728-732*25_728-1388*25_623-620*19_1228-1231*29_1228-976*29_589-591*29_589-1809*29_589-1810*29_589-593*29_798-797*24_1965-432*31_1965-1968*31_1965-431*31_1965-433*31_1965-430*31_1965-434*31_1965-1969*31_1544-1548*24_1306-1308*23_1306-1309*23_1306-805*23_1306-1310*23_509-510*29_509-511*29_509-512*29_509-1888*29_509-1887*29_509-1889*29_509-1886*29_509-1890*29_509-513*29_1807-594*30_1807-595*30_1807-1811*30_348-349*30_348-350*30_348-351*30_348-2048*30_1388-1389*26_1388-1390*26_1388-1391*26_1388-816*26_1388-1392*26_1887-1885*30_1887-514*30_1887-1884*30_1887-515*30_1887-1891*30_153-156*25_153-157*25_1473-1476*26_1473-1477*26_652-656*23_652-1552*23_1967-1970*32_1967-429*32_1967-435*32_1967-1971*32_1644-1647*30_1644-752*30_1644-1648*30_350-2047*31_350-2049*31_350-2046*31_350-2050*31_350-2045*31_350-2051*31_813-815*23_813-1393*23_813-1394*23_813-817*23_593-596*31_593-597*31_1231-975*30_1231-977*30_1231-978*30_1231-979*30_817-818*24_817-819*24_817-820*24_817-1395*24_817-821*24_2046-2044*32_2046-2043*32_2046-2042*32_68-69*26_68-70*26_68-71*26_68-72*26_68-1848*26_426-428*30_71-1849*27_71-73*27_71-1850*27_71-74*27_71-1851*27_71-75*27_674-676*30_674-677*30_674-1731*30_674-678*30_1730-1732*31_1730-1733*31_1730-1734*31_513-516*31_513-517*31_74-76*28_74-77*28_74-78*28_742-743*26_742-744*26_742-1560*26_742-1559*26_742-1561*26_742-1558*26_742-1562*26_742-745*26_742-1557*26_742-1563*26_742-746*26_653-1551*24_653-1553*24_653-1550*24_653-1554*24_653-657*24_675-679*32_1970-1972*33_1970-1973*33_1970-1974*33_1552-1549*25_1552-1555*25_1552-1556*25_1477-1478*27_1477-1479*27_1477-824*27_1477-1480*27_1477-823*27_1477-825*27_1477-822*27_1477-826*27_1477-1481*27_2051-2052*32_2051-2053*32_2051-2054*32_2051-2055*32_1310-1311*24_1310-896*24_1310-1312*24_1310-895*24_1310-897*24_1310-898*24_1310-1313*24_1310-899*24_1310-1314*24_253-1951*26_253-1953*26_253-1950*26_253-1954*26_253-257*26_77-79*29_77-80*29_77-1936*29_77-1937*29_77-1938*29_77-81*29_1953-1955*27_1953-258*27_1953-259*27_1953-1949*27_823-1482*26_823-1483*26_823-827*26_1971-1975*34_1647-751*31_1647-753*31_1647-1649*31_1647-750*31_1647-754*31_1647-1650*31_1647-749*31_1647-755*31_1647-1651*31_1649-1652*32_1649-1653*32_1891-1892*32_1891-1893*32_1891-1894*32_1891-1895*32_157-158*26_157-159*26_157-160*26_157-1856*26_157-1855*26_157-1857*26_157-1854*26_157-1858*26_157-161*26_517-518*32_517-519*32_517-520*32_517-1976*32_517-1977*32_517-1978*32_517-521*32_1392-1396*29_1653-1654*33_1653-1655*33_1653-840*33_1653-1656*33_1653-839*33_1653-841*33_1653-838*33_1653-842*33_1653-1657*33_1313-1315*25_1313-1316*25_1313-1317*25_1977-1979*33_1977-522*33_1977-1980*33_1977-523*33_1977-1981*33_594-598*32_2052-2056*34_838-837*34_838-836*34_838-1658*34_838-835*34_838-1659*34_838-834*34_1314-1318*26_826-828*29_826-829*29_826-830*29_597-599*33_597-600*33_597-1896*33_597-1897*33_597-1898*33_597-601*33_2054-439*35_2054-438*35_2054-2057*35_2054-437*35_2054-2058*35_434-436*35_1936-82*30_1936-83*30_1936-1939*30_1936-84*30_1936-1940*30_451-452*15_1734-1735*32_1734-760*32_1734-1736*32_1734-759*32_1734-761*32_1734-758*32_1734-762*32_1734-1737*32_1734-757*32_1734-763*32_1734-1738*32_841-843*35_841-844*35_841-845*35_1808-1812*31_599-602*34_599-1899*34_599-603*34_1480-1484*32_678-680*33_678-1816*33_678-1815*33_678-1817*33_678-1814*33_678-1818*33_678-681*33_678-1813*33_678-1819*33_678-682*33_1857-1859*27_1857-162*27_1857-1860*27_1857-163*27_1857-1853*27_600-604*35_600-1900*35_1562-1564*27_1562-1565*27_1562-747*27_1562-1566*27_755-756*33_1566-1567*28_1566-832*28_1566-1568*28_1566-831*28_1566-833*28_1566-1569*28_1566-1570*28_1395-1397*30_1395-1398*30_1395-1399*30_523-524*35_523-525*35_523-526*35_523-527*35_604-605*36_604-606*36_604-607*36_604-608*36_604-1984*36_763-764*33_763-765*33_763-766*33_763-767*33_1659-1660*36_1659-1661*36_1659-1662*36_1659-1663*36_979-980*31_979-981*31_979-982*31_979-983*31_607-1983*37_607-1985*37_607-609*37_607-1982*37_607-1986*37_607-610*37_607-1987*37_607-611*37_1397-904*32_1397-1400*32_1397-903*32_1397-905*32_1397-902*32_1397-906*32_1397-1401*32_904-1402*33_904-901*33_904-907*33_904-1403*33_904-900*33_904-908*33_904-1404*33_162-164*28_162-165*28_162-166*28_1483-1485*33_1483-1486*33_1483-1487*33_1736-1739*35_1736-1740*35_679-683*34_1663-928*37_1663-1664*37_1663-927*37_1663-929*37_1663-1665*37_1663-926*37_1663-930*37_1663-1666*37_1663-925*37_1663-931*37_1663-1667*37_832-1571*34_832-1572*34_81-85*31_1317-1319*27_1317-984*27_1317-985*27_1317-986*27_843-846*36_843-847*36_844-848*37_844-1744*37_258-260*30_258-261*30_258-262*30_907-909*34_907-910*34_907-911*34_767-768*34_767-1824*34_767-1823*34_767-1825*34_767-769*34_767-1822*34_767-1826*34_767-770*34_767-1821*34_767-1827*34_767-771*34_1404-1405*34_1404-1406*34_1404-1407*34_1404-992*34_2056-2059*37_2056-2060*37_1560-748*29_261-263*31_261-2040*31_261-2039*31_261-2041*31_261-2038*31_930-932*38_930-933*38_930-934*38_83-86*32_83-87*32_1899-1901*36_1899-1902*36_1899-1903*36_1318-987*28_164-167*29_164-168*29_164-1944*29_1487-912*34_1487-1488*34_1487-913*34_1487-1489*34_1487-914*34_1487-1490*34_1487-915*34_1487-1491*34_263-2037*32_914-916*36_914-917*36_914-918*36_87-2024*33_87-2025*33_87-2026*33_87-2027*33_1666-1668*39_1666-1669*39_1666-1670*39_2026-2028*34_2026-2029*34_2026-2030*34_933-935*39_933-936*39_933-1752*39_933-1751*39_933-1753*39_933-1750*39_933-1754*39_933-937*39_525-2064*37_525-2063*37_525-2065*37_525-2062*37_525-2066*37_2065-2067*38_2065-2068*38_2065-2061*38_2065-2069*38_1572-1573*35_1572-1574*35_1572-1575*35_1572-920*35_1572-1576*35_845-1743*38_845-1745*38_845-1742*38_845-1746*38_845-849*38_1739-1741*37_771-772*35_771-773*35_771-774*35_771-775*35_1900-688*37_1900-1904*37_1816-684*35_1816-1820*35_1574-919*36_1574-921*36_1574-922*36_1574-1577*36_1574-923*36_1574-1578*36_987-988*29_987-989*29_987-990*29_987-991*29_1744-850*39_1744-851*39_1744-1747*39_1744-852*39_1744-1748*39_1987-1988*39_1987-1989*39_1987-1990*39_1987-1991*39_2069-2070*39_2069-2071*39_2069-2072*39_2069-615*39_2069-614*39_2069-2073*39_1575-1579*37_1406-993*35_1406-994*35_1406-995*35_1825-1828*38_1825-1829*38_165-1943*30_165-1945*30_165-1942*30_165-1946*30_165-169*30_1670-1671*40_1670-1016*40_1670-1015*40_1670-1017*40_1670-1014*40_1670-1018*40_1670-1013*40_1670-1019*40_923-924*38_1751-1749*40_1751-938*40_1751-939*40_1751-1755*40_994-996*36_994-997*36_994-998*36_2037-2036*33_2037-2035*33_2037-2034*33_2037-2033*33_1491-1492*37_1491-1493*37_1491-1494*37_1491-1495*37_611-612*41_611-613*41_1990-696*41_1990-1992*41_1990-695*41_1990-697*41_1990-694*41_1990-698*41_1990-1993*41_1990-693*41_1990-699*41_1990-1994*41_682-685*37_682-686*37_1945-1947*31_1945-170*31_1945-1948*31_1945-171*31_1945-1941*31_1991-1995*42_1017-1020*41_1017-1021*41_1020-1022*42_1020-1023*42_1020-1024*42_1903-687*38_1903-689*38_1903-1905*38_1903-690*38_1903-1906*38_1903-691*38_1903-1907*38_169-172*32_169-173*32_996-999*37_996-1000*37_689-692*39_773-776*36_773-1912*36_773-1911*36_773-1913*36_773-1910*36_773-1914*36_773-777*36_1494-1001*38_1494-1002*38_1494-1003*38_173-174*33_173-175*33_173-2032*33_173-2031*33_615-2074*43_615-2075*43_775-778*37_775-1909*37_775-1915*37_775-779*37_1994-1996*43_1994-1997*43_1994-1998*43_939-940*42_939-941*42_939-942*42_939-943*42_1826-1830*39_1001-1004*40_1001-1005*40_2072-2076*45_851-853*40_851-854*40_851-855*40_1827-1831*40_1577-1580*40_1577-1581*40_1023-1759*43_1023-1025*43_1023-1758*43_1023-1026*43_1023-1757*43_1023-1027*43_1829-856*41_1829-1832*41_1829-857*41_1829-858*41_1829-1833*41_2075-2077*46_2075-2078*46_2075-2079*46_1907-1908*40_943-944*43_943-1840*43_943-1839*43_943-1841*43_943-945*43_943-1838*43_943-1842*43_943-946*43_943-1837*43_943-1843*43_943-947*43_1914-1916*38_1914-1917*38_1914-1918*38_1997-1999*44_1997-784*44_1997-2000*44_1997-783*44_1997-785*44_1997-782*44_1997-786*44_1997-2001*44_1580-1582*41_1580-1583*41_1580-1008*41_1027-1028*44_1027-1029*44_1027-1030*44_1027-1031*44_944-948*44_944-1836*44_944-1844*44_784-2002*45_784-781*45_784-787*45_784-2003*45_784-780*45_784-788*45_784-2004*45_699-700*44_699-701*44_699-702*44_699-703*44_1028-1032*45_858-859*42_858-860*42_858-1834*42_858-861*42_858-1835*42_858-862*42_701-2080*45_701-2081*45_701-2082*45_936-1756*44_1844-1845*45_1844-1846*45_1844-1847*45_1005-1006*41_1005-1007*41_1005-1009*41_1917-1919*39_1917-864*39_1917-1920*39_1917-863*39_1917-865*39_1917-866*39_1917-1921*39_1006-1010*42_2001-2005*46_2082-2083*46_2082-2084*46_2082-2085*46_2082-2086*46_2083-2087*47_861-1922*43_948-949*45_948-950*45_948-951*45_948-952*45_948-1928*45_1920-867*44_1920-1923*44_1920-868*44_1920-1924*44_2086-2088*48_2086-791*48_2086-790*48_2086-2089*48_2086-789*48_2086-2090*48_866-869*45_866-870*45_2002-2006*47_1009-1011*43_1009-1012*43_868-871*46_868-872*46_868-2008*46_952-953*46_952-1927*46_952-1929*46_952-954*46_952-1926*46_952-1930*46_952-955*46_952-1925*46_952-1931*46_952-956*46_952-1932*46_1032-1033*46_1032-1034*46_1032-1035*46_1032-1036*46_953-957*47_2004-2007*48_800-804*26_2088-2091*49_2088-2092*49_2008-873*49_2008-2009*49_2008-874*49_2008-2010*49_2008-875*49_2008-2011*49_2008-876*49_2008-2012*49_1033-1037*47_1036-1038*48_1036-1039*48_1036-1040*48_2011-2013*50_2011-2014*50_2011-2015*50_875-877*50_875-878*50_875-879*50_954-958*48_879-2096*51_879-2095*51_879-2097*51_879-2094*51_879-2098*51_879-2093*51_879-2099*51_2015-960*51_2015-2016*51_2015-959*51_2015-961*51_2015-2017*51_2015-962*51_2015-2018*51_2015-963*51_2015-2019*51_1039-1935*49_1039-1041*49_1039-1934*49_1039-1042*49_1039-1933*49_1039-1043*49_2017-2020*52_2017-2021*52_2099-2100*53_2099-2101*53_2099-2102*53_2099-2103*53_2102-2104*54_2102-967*54_2102-966*54_2102-2105*54_2102-965*54_2102-2106*54_1043-1044*50_1043-1045*50_1043-1046*50_1043-1047*50_2105-2107*55_2105-2108*55_2105-2109*55_1850-1852*28_1044-1048*51_1048-1049*52_1048-2023*52_1048-1050*52_1048-2022*52_1048-1051*52_1048-1052*52_2109-2110*56_2109-2111*56_2109-1055*56_2109-1054*56_1054-1053*57_963-964*53_
