"id","Scenario","Actual Range","Protocol","Buildings","Total nodes","Nodes on circ","Total coverage","Coverage on circ","Alert received mean time","Hops","Slots","Messages sent","Messages received", "Starting x", "Starting y","Starting node", "Vehicle distance", "Received node ids", "Node ids", "Transmission map", "Received on circ nodes", "Transmission vector"
0,1,500,0,0,1344,41,1344,41,3476.68,3.46341,3.4878,266,1344,950,2200,1294,25,1293_1295_1292_1296_335_334_1291_1297_333_1290_1298_332_1289_1299_331_1288_1300_330_1287_1301_329_1286_1302_328_1285_1303_327_1284_1304_251_250_326_249_248_1283_1305_247_325_246_1210_1282_1306_1209_1211_324_1208_1212_245_1207_1213_1206_1214_244_1205_1215_1281_1307_323_1204_1216_243_1203_1217_1280_1308_419_242_322_418_417_1202_1218_416_241_415_1201_1219_1279_1309_321_414_240_1200_1220_413_1278_1310_320_412_1199_1221_239_411_1198_1222_1277_1311_319_238_410_1197_1223_409_1276_1312_237_318_408_1196_1224_236_1275_1313_317_407_1195_1225_235_406_1194_1226_1274_1314_316_315_314_313_312_1128_1127_1129_1126_1130_1125_1131_1124_1132_311_1123_1133_1122_1134_310_1121_1135_309_405_404_1120_1136_403_234_402_233_401_1119_1137_232_308_400_231_399_1118_1138_230_398_307_1117_1139_229_397_228_306_396_1116_1140_1294_1227_227_395_1115_1141_305_226_394_1228_1114_1142_225_393_304_1229_1113_1143_224_392_303_1230_1112_1144_223_391_302_222_390_1111_1145_1193_1231_221_301_389_1315_1316_1317_1318_1319_1320_503_502_501_1321_500_499_1322_498_1323_497_496_1324_495_1325_494_1326_1232_1233_493_1234_1235_1327_492_1236_1237_1328_491_1238_1239_1329_490_1240_1330_489_1241_1242_1331_488_1243_1332_487_587_586_585_584_1244_583_486_582_1333_1245_581_580_485_1246_1334_1146_1147_1148_1149_1150_1151_388_484_483_482_481_480_1152_387_479_478_1153_477_386_476_1154_385_475_1155_474_384_1056_1055_1057_1054_1058_473_1053_1059_1052_1060_1156_1051_1061_472_383_1050_1062_1049_1063_1157_471_1048_1064_382_1047_1065_470_1158_1046_1066_381_469_1045_1067_1159_300_380_468_1044_1068_1192_1191_1190_1189_156_1188_155_157_154_158_153_159_1187_152_160_1186_151_161_150_162_1185_149_163_1184_148_164_1183_147_165_1182_146_166_1109_1181_1108_1110_145_167_1107_1106_1105_1273_144_1104_1180_1272_1103_1271_1102_1270_143_1179_1101_1269_142_1100_1178_1268_1099_1267_141_1177_1098_1266_140_1097_1265_72_1176_71_73_70_74_69_75_68_76_1096_1264_67_77_139_66_78_65_79_1095_1263_138_64_80_1094_1262_63_81_137_62_82_1093_1261_568_567_566_654_465_464_463_462_461_460_459_379_458_378_61_377_457_60_1092_981_376_980_982_979_983_456_978_984_977_985_375_59_976_986_455_975_987_374_974_988_58_373_454_973_989_1166_569_57_372_972_990_1167_453_971_991_570_371_56_1168_452_970_992_545_571_370_55_969_993_544_1169_451_369_543_572_968_994_54_1170_542_450_368_967_995_541_573_1171_53_540_966_996_367_449_574_539_1172_52_965_997_575_1173_51_576_1248_1247_1249_1174_1250_50_1251_1252_577_1175_1253_49_83_1254_578_650_649_651_648_652_1255_48_1008_1260_1009_647_653_1010_1011_646_136_1012_1256_1013_579_645_655_1014_47_644_656_1257_135_1015_643_657_1016_1258_46_134_642_658_1259_641_659_1086_640_660_1087_1088_639_661_1089_638_662_1090_637_663_1091_636_664_635_665_634_666_208_129_207_128_1017_127_206_126_294_205_125_293_204_948_947_949_946_950_124_292_945_951_944_952_943_953_942_954_123_203_291_633_632_631_630_629_628_627_1085_626_1084_625_1083_624_1007_1006_1082_1005_1004_623_1003_1081_1002_550_622_549_551_548_552_1080_1001_547_553_546_554_1000_555_621_1079_556_999_557_620_998_1078_558_559_619_1077_560_618_1076_561_538_562_617_1075_537_563_1165_616_1074_536_564_1164_615_1073_1163_535_565_1162_534_614_45_44_928_43_42_41_927_40_39_926_38_925_37_36_924_35_34_33_32_31_30_853_29_881_108_852_882_107_851_883_106_850_884_105_849_270_366_184_885_104_365_848_364_269_886_103_183_220_219_218_217_216_1032_1031_1033_1030_1034_1029_1035_215_1028_1036_1027_1037_214_1026_1038_213_1025_1039_212_1024_1040_1023_1041_211_1022_1042_210_1021_1043_133_209_132_1020_131_299_1019_130_298_297_1018_296_295_941_955_940_956_122_202_290_201_200_199_198_197_939_957_196_938_958_195_937_959_194_121_289_120_288_936_960_119_287_118_286_117_193_285_935_961_116_284_115_283_192_864_863_865_862_866_934_962_861_867_114_282_860_868_859_869_113_191_281_933_963_858_870_112_280_857_871_190_856_872_932_964_111_279_855_873_110_278_189_931_854_874_109_277_875_188_930_276_876_187_877_929_275_878_186_274_1335_1336_1337_1338_1339_533_532_531_530_529_528_912_911_913_910_914_909_915_527_908_916_907_917_526_906_918_525_905_919_524_904_920_903_921_523_902_922_522_448_447_901_923_446_445_521_613_444_612_900_443_611_520_899_442_610_441_519_609_898_440_608_518_897_439_607_438_606_517_896_437_605_516_828_827_829_895_826_830_825_831_436_604_824_832_823_833_822_834_894_515_435_603_821_835_820_836_1072_893_434_466_514_602_185_182_181_273_180_272_780_779_781_778_782_777_783_271_776_784_102_775_785_179_774_786_101_773_787_100_178_268_879_772_788_99_267_771_789_177_880_98_266_770_790_97_265_176_769_791_847_96_264_768_792_175_846_767_793_95_263_174_845_766_794_94_262_765_795_93_173_261_667_668_669_670_671_1343_1342_1341_1340_359_360_888_361_362_887_363_507_737_736_738_735_739_506_734_740_733_741_742_505_731_743_504_730_744_800_729_745_728_746_799_727_747_798_837_726_748_725_749_838_724_750_839_723_751_600_599_601_598_722_752_339_597_596_595_338_594_721_753_1161_1160_467_1069_1070_796_797_260_259_801_258_802_257_803_256_348_804_347_349_346_350_255_345_351_344_352_805_343_353_254_342_354_806_253_341_355_711_807_340_356_710_712_709_713_252_708_714_707_715_357_706_716_808_705_717_358_704_718_809_337_703_719_336_702_720_810_701_889_811_700_890_699_891_172_812_171_698_892_813_170_697_169_814_168_696_695_815_1071_92_91_90_89_88_692_764_87_691_693_690_694_689_688_86_687_763_686_85_685_762_84_684_683_761_682_760_681_680_759_679_758_678_757_677_12_676_756_844_28_27_26_25_24_840_841_842_843_23_22_21_20_19_18_17_16_15_14_13_11_432_816_431_433_430_429_428_427_817_426_425_424_818_423_422_819_10_9_8_7_6_5_4_3_675_2_674_1_673_0_672_593_592_591_590_589_588_755_754_510_509_508_421_420_732_511_512_513_,0_1_2_3_4_5_6_7_8_9_10_11_12_13_14_15_16_17_18_19_20_21_22_23_24_25_26_27_28_29_30_31_32_33_34_35_36_37_38_39_40_41_42_43_44_45_46_47_48_49_50_51_52_53_54_55_56_57_58_59_60_61_62_63_64_65_66_67_68_69_70_71_72_73_74_75_76_77_78_79_80_81_82_83_84_85_86_87_88_89_90_91_92_93_94_95_96_97_98_99_100_101_102_103_104_105_106_107_108_109_110_111_112_113_114_115_116_117_118_119_120_121_122_123_124_125_126_127_128_129_130_131_132_133_134_135_136_137_138_139_140_141_142_143_144_145_146_147_148_149_150_151_152_153_154_155_156_157_158_159_160_161_162_163_164_165_166_167_168_169_170_171_172_173_174_175_176_177_178_179_180_181_182_183_184_185_186_187_188_189_190_191_192_193_194_195_196_197_198_199_200_201_202_203_204_205_206_207_208_209_210_211_212_213_214_215_216_217_218_219_220_221_222_223_224_225_226_227_228_229_230_231_232_233_234_235_236_237_238_239_240_241_242_243_244_245_246_247_248_249_250_251_252_253_254_255_256_257_258_259_260_261_262_263_264_265_266_267_268_269_270_271_272_273_274_275_276_277_278_279_280_281_282_283_284_285_286_287_288_289_290_291_292_293_294_295_296_297_298_299_300_301_302_303_304_305_306_307_308_309_310_311_312_313_314_315_316_317_318_319_320_321_322_323_324_325_326_327_328_329_330_331_332_333_334_335_336_337_338_339_340_341_342_343_344_345_346_347_348_349_350_351_352_353_354_355_356_357_358_359_360_361_362_363_364_365_366_367_368_369_370_371_372_373_374_375_376_377_378_379_380_381_382_383_384_385_386_387_388_389_390_391_392_393_394_395_396_397_398_399_400_401_402_403_404_405_406_407_408_409_410_411_412_413_414_415_416_417_418_419_420_421_422_423_424_425_426_427_428_429_430_431_432_433_434_435_436_437_438_439_440_441_442_443_444_445_446_447_448_449_450_451_452_453_454_455_456_457_458_459_460_461_462_463_464_465_466_467_468_469_470_471_472_473_474_475_476_477_478_479_480_481_482_483_484_485_486_487_488_489_490_491_492_493_494_495_496_497_498_499_500_501_502_503_504_505_506_507_508_509_510_511_512_513_514_515_516_517_518_519_520_521_522_523_524_525_526_527_528_529_530_531_532_533_534_535_536_537_538_539_540_541_542_543_544_545_546_547_548_549_550_551_552_553_554_555_556_557_558_559_560_561_562_563_564_565_566_567_568_569_570_571_572_573_574_575_576_577_578_579_580_581_582_583_584_585_586_587_588_589_590_591_592_593_594_595_596_597_598_599_600_601_602_603_604_605_606_607_608_609_610_611_612_613_614_615_616_617_618_619_620_621_622_623_624_625_626_627_628_629_630_631_632_633_634_635_636_637_638_639_640_641_642_643_644_645_646_647_648_649_650_651_652_653_654_655_656_657_658_659_660_661_662_663_664_665_666_667_668_669_670_671_672_673_674_675_676_677_678_679_680_681_682_683_684_685_686_687_688_689_690_691_692_693_694_695_696_697_698_699_700_701_702_703_704_705_706_707_708_709_710_711_712_713_714_715_716_717_718_719_720_721_722_723_724_725_726_727_728_729_730_731_732_733_734_735_736_737_738_739_740_741_742_743_744_745_746_747_748_749_750_751_752_753_754_755_756_757_758_759_760_761_762_763_764_765_766_767_768_769_770_771_772_773_774_775_776_777_778_779_780_781_782_783_784_785_786_787_788_789_790_791_792_793_794_795_796_797_798_799_800_801_802_803_804_805_806_807_808_809_810_811_812_813_814_815_816_817_818_819_820_821_822_823_824_825_826_827_828_829_830_831_832_833_834_835_836_837_838_839_840_841_842_843_844_845_846_847_848_849_850_851_852_853_854_855_856_857_858_859_860_861_862_863_864_865_866_867_868_869_870_871_872_873_874_875_876_877_878_879_880_881_882_883_884_885_886_887_888_889_890_891_892_893_894_895_896_897_898_899_900_901_902_903_904_905_906_907_908_909_910_911_912_913_914_915_916_917_918_919_920_921_922_923_924_925_926_927_928_929_930_931_932_933_934_935_936_937_938_939_940_941_942_943_944_945_946_947_948_949_950_951_952_953_954_955_956_957_958_959_960_961_962_963_964_965_966_967_968_969_970_971_972_973_974_975_976_977_978_979_980_981_982_983_984_985_986_987_988_989_990_991_992_993_994_995_996_997_998_999_1000_1001_1002_1003_1004_1005_1006_1007_1008_1009_1010_1011_1012_1013_1014_1015_1016_1017_1018_1019_1020_1021_1022_1023_1024_1025_1026_1027_1028_1029_1030_1031_1032_1033_1034_1035_1036_1037_1038_1039_1040_1041_1042_1043_1044_1045_1046_1047_1048_1049_1050_1051_1052_1053_1054_1055_1056_1057_1058_1059_1060_1061_1062_1063_1064_1065_1066_1067_1068_1069_1070_1071_1072_1073_1074_1075_1076_1077_1078_1079_1080_1081_1082_1083_1084_1085_1086_1087_1088_1089_1090_1091_1092_1093_1094_1095_1096_1097_1098_1099_1100_1101_1102_1103_1104_1105_1106_1107_1108_1109_1110_1111_1112_1113_1114_1115_1116_1117_1118_1119_1120_1121_1122_1123_1124_1125_1126_1127_1128_1129_1130_1131_1132_1133_1134_1135_1136_1137_1138_1139_1140_1141_1142_1143_1144_1145_1146_1147_1148_1149_1150_1151_1152_1153_1154_1155_1156_1157_1158_1159_1160_1161_1162_1163_1164_1165_1166_1167_1168_1169_1170_1171_1172_1173_1174_1175_1176_1177_1178_1179_1180_1181_1182_1183_1184_1185_1186_1187_1188_1189_1190_1191_1192_1193_1194_1195_1196_1197_1198_1199_1200_1201_1202_1203_1204_1205_1206_1207_1208_1209_1210_1211_1212_1213_1214_1215_1216_1217_1218_1219_1220_1221_1222_1223_1224_1225_1226_1227_1228_1229_1230_1231_1232_1233_1234_1235_1236_1237_1238_1239_1240_1241_1242_1243_1244_1245_1246_1247_1248_1249_1250_1251_1252_1253_1254_1255_1256_1257_1258_1259_1260_1261_1262_1263_1264_1265_1266_1267_1268_1269_1270_1271_1272_1273_1274_1275_1276_1277_1278_1279_1280_1281_1282_1283_1284_1285_1286_1287_1288_1289_1290_1291_1292_1293_1294_1295_1296_1297_1298_1299_1300_1301_1302_1303_1304_1305_1306_1307_1308_1309_1310_1311_1312_1313_1314_1315_1316_1317_1318_1319_1320_1321_1322_1323_1324_1325_1326_1327_1328_1329_1330_1331_1332_1333_1334_1335_1336_1337_1338_1339_1340_1341_1342_1343_,31:{28;27;26;25;24;840;841;842;843;23;22;21;20;19;18;17;16;15;14;13;11;}66:{61;60;1092;59;58;57;56;55;54;53;52;51;50;49;83;48;1008;1260;1009;1010;1011;136;1012;1013;1014;47;135;1015;1016;46;134;}99:{10;9;8;7;6;5;4;3;675;2;674;1;673;0;672;}129:{45;44;928;43;42;41;927;40;39;926;38;925;37;36;924;35;34;33;32;31;30;29;}193:{185;182;181;273;180;272;780;779;781;778;782;777;783;271;776;784;102;775;785;179;774;786;101;773;787;100;178;268;879;772;788;99;267;771;789;177;880;98;266;770;790;97;265;176;769;791;847;96;264;768;792;175;846;767;793;95;263;174;845;766;794;94;262;765;795;93;173;261;}203:{853;108;852;107;851;106;850;105;849;184;104;848;103;183;}206:{201;200;199;198;197;939;957;196;938;958;195;937;959;194;121;289;120;288;936;960;119;287;118;286;117;193;285;935;961;116;284;115;283;192;864;863;865;862;866;934;962;861;867;114;282;860;868;859;869;113;191;281;933;963;858;870;112;280;857;871;190;856;872;932;964;111;279;855;873;110;278;189;931;854;874;109;277;875;188;930;276;876;187;877;929;275;878;186;274;}222:{220;219;218;217;216;1032;1031;1033;1030;1034;1029;1035;215;1028;1036;1027;1037;214;1026;1038;213;1025;1039;212;1024;1040;1023;1041;211;1022;1042;210;1021;1043;133;209;132;1020;131;299;1019;130;298;297;1018;296;295;941;955;940;956;122;202;290;}223:{208;129;207;128;1017;127;206;126;294;205;125;293;204;948;947;949;946;950;124;292;945;951;944;952;943;953;942;954;123;203;291;}321:{316;315;314;313;312;1128;1127;1129;1126;1130;1125;1131;1124;1132;311;1123;1133;1122;1134;310;1121;1135;309;405;404;1120;1136;403;234;402;233;401;1119;1137;232;308;400;231;399;1118;1138;230;398;307;1117;1139;229;397;228;306;396;1116;1140;1294;1227;227;395;1115;1141;305;226;394;1228;1114;1142;225;393;304;1229;1113;1143;224;392;303;1230;1112;1144;223;391;302;222;390;1111;1145;1193;1231;221;301;389;}351:{421;420;732;}400:{1146;1147;1148;1149;1150;1151;388;484;483;482;481;480;1152;387;479;478;1153;477;386;476;1154;385;475;1155;474;384;1056;1055;1057;1054;1058;473;1053;1059;1052;1060;1156;1051;1061;472;383;1050;1062;1049;1063;1157;471;1048;1064;382;1047;1065;470;1158;1046;1066;381;469;1045;1067;1159;300;380;468;1044;1068;}424:{511;512;513;}440:{359;360;888;361;362;887;363;800;799;798;}500:{1335;1336;1337;1338;1339;}534:{533;532;531;530;529;528;912;911;913;910;914;909;915;527;908;916;907;917;526;906;918;525;905;919;524;904;920;903;921;523;902;922;522;448;447;901;923;446;445;521;613;444;612;900;443;611;520;899;442;610;441;519;609;898;440;608;518;897;439;607;438;606;517;896;437;605;516;828;827;829;895;826;830;825;831;436;604;824;832;823;833;822;834;894;515;435;603;821;835;820;836;1072;893;434;466;514;602;}566:{1166;569;1167;570;1168;571;1169;572;1170;573;1171;574;1172;575;1173;576;1248;1247;1249;1174;1250;1251;1252;577;1175;1253;1254;578;650;649;651;648;652;1255;647;653;646;1256;579;645;655;644;656;1257;643;657;1258;642;658;1259;641;659;1086;640;660;1087;1088;639;661;1089;638;662;1090;637;663;1091;636;664;635;665;634;666;}586:{568;567;566;654;}594:{593;592;591;590;589;588;755;754;510;509;508;}634:{633;632;631;630;629;628;627;1085;626;1084;625;1083;624;1007;1006;1082;1005;1004;623;1003;1081;1002;550;622;549;551;548;552;1080;1001;547;553;546;554;1000;555;621;1079;556;999;557;620;998;1078;558;559;619;1077;560;618;1076;561;538;562;617;1075;537;563;1165;616;1074;536;564;1164;615;1073;1163;535;565;1162;534;614;}643:{1161;1160;}663:{667;668;669;670;671;1343;1342;1341;1340;}776:{92;91;90;89;88;692;764;87;691;693;690;694;689;688;86;687;763;686;85;685;762;84;684;683;761;682;760;681;680;759;679;758;678;757;677;12;676;756;844;}795:{796;797;260;259;801;258;802;257;803;256;348;804;347;349;346;350;255;345;351;344;352;805;343;353;254;342;354;806;253;341;355;711;807;340;356;710;712;709;713;252;708;714;707;715;357;706;716;808;705;717;358;704;718;809;337;703;719;336;702;720;810;701;889;811;700;890;699;891;172;812;171;698;892;813;170;697;169;814;168;696;695;815;}799:{432;816;431;433;430;429;428;427;817;426;425;424;818;423;422;819;}821:{507;737;736;738;735;739;506;734;740;733;741;742;505;731;743;504;730;744;729;745;728;746;727;747;837;726;748;725;749;838;724;750;839;723;751;600;599;601;598;722;752;339;597;596;595;338;594;721;753;}954:{881;882;883;884;270;366;885;365;364;269;886;}1002:{1071;}1050:{467;1069;1070;}1065:{465;464;463;462;461;460;459;379;458;378;377;457;981;376;980;982;979;983;456;978;984;977;985;375;976;986;455;975;987;374;974;988;373;454;973;989;372;972;990;453;971;991;371;452;970;992;545;370;969;993;544;451;369;543;968;994;542;450;368;967;995;541;540;966;996;367;449;539;965;997;}1193:{1192;1191;1190;1189;156;1188;155;157;154;158;153;159;1187;152;160;1186;151;161;150;162;1185;149;163;1184;148;164;1183;147;165;1182;146;166;1109;1181;1108;1110;145;167;1107;1106;1105;1273;144;1104;1180;1272;1103;1271;1102;1270;143;1179;1101;1269;142;1100;1178;1268;1099;1267;141;1177;1098;1266;140;1097;1265;72;1176;71;73;70;74;69;75;68;76;1096;1264;67;77;139;66;78;65;79;1095;1263;138;64;80;1094;1262;63;81;137;62;82;1093;1261;}1294:{1293;1295;1292;1296;335;334;1291;1297;333;1290;1298;332;1289;1299;331;1288;1300;330;1287;1301;329;1286;1302;328;1285;1303;327;1284;1304;251;250;326;249;248;1283;1305;247;325;246;1210;1282;1306;1209;1211;324;1208;1212;245;1207;1213;1206;1214;244;1205;1215;1281;1307;323;1204;1216;243;1203;1217;1280;1308;419;242;322;418;417;1202;1218;416;241;415;1201;1219;1279;1309;321;414;240;1200;1220;413;1278;1310;320;412;1199;1221;239;411;1198;1222;1277;1311;319;238;410;1197;1223;409;1276;1312;237;318;408;1196;1224;236;1275;1313;317;407;1195;1225;235;406;1194;1226;1274;1314;}1314:{1315;1316;1317;1318;1319;1320;503;502;501;1321;500;499;1322;498;1323;497;496;1324;495;1325;494;1326;1232;1233;493;1234;1235;1327;492;1236;1237;1328;491;1238;1239;1329;490;1240;1330;489;1241;1242;1331;488;1243;1332;487;587;586;585;584;1244;583;486;582;1333;1245;581;580;485;1246;1334;},62_63_64_134_135_213_214_296_297_382_383_473_474_573_574_575_576_577_578_579_1023_1024_1025_1026_1027_1057_1058_1059_1060_1061_1093_1094_1095_1157_1158_1159_1248_1249_1333_1334_1335_,1294-1293*0_1294-1295*0_1294-1292*0_1294-1296*0_1294-335*0_1294-334*0_1294-1291*0_1294-1297*0_1294-333*0_1294-1290*0_1294-1298*0_1294-332*0_1294-1289*0_1294-1299*0_1294-331*0_1294-1288*0_1294-1300*0_1294-330*0_1294-1287*0_1294-1301*0_1294-329*0_1294-1286*0_1294-1302*0_1294-328*0_1294-1285*0_1294-1303*0_1294-327*0_1294-1284*0_1294-1304*0_1294-251*0_1294-250*0_1294-326*0_1294-249*0_1294-248*0_1294-1283*0_1294-1305*0_1294-247*0_1294-325*0_1294-246*0_1294-1210*0_1294-1282*0_1294-1306*0_1294-1209*0_1294-1211*0_1294-324*0_1294-1208*0_1294-1212*0_1294-245*0_1294-1207*0_1294-1213*0_1294-1206*0_1294-1214*0_1294-244*0_1294-1205*0_1294-1215*0_1294-1281*0_1294-1307*0_1294-323*0_1294-1204*0_1294-1216*0_1294-243*0_1294-1203*0_1294-1217*0_1294-1280*0_1294-1308*0_1294-419*0_1294-242*0_1294-322*0_1294-418*0_1294-417*0_1294-1202*0_1294-1218*0_1294-416*0_1294-241*0_1294-415*0_1294-1201*0_1294-1219*0_1294-1279*0_1294-1309*0_1294-321*0_1294-414*0_1294-240*0_1294-1200*0_1294-1220*0_1294-413*0_1294-1278*0_1294-1310*0_1294-320*0_1294-412*0_1294-1199*0_1294-1221*0_1294-239*0_1294-411*0_1294-1198*0_1294-1222*0_1294-1277*0_1294-1311*0_1294-319*0_1294-238*0_1294-410*0_1294-1197*0_1294-1223*0_1294-409*0_1294-1276*0_1294-1312*0_1294-237*0_1294-318*0_1294-408*0_1294-1196*0_1294-1224*0_1294-236*0_1294-1275*0_1294-1313*0_1294-317*0_1294-407*0_1294-1195*0_1294-1225*0_1294-235*0_1294-406*0_1294-1194*0_1294-1226*0_1294-1274*0_1294-1314*0_321-316*1_321-315*1_321-314*1_321-313*1_321-312*1_321-1128*1_321-1127*1_321-1129*1_321-1126*1_321-1130*1_321-1125*1_321-1131*1_321-1124*1_321-1132*1_321-311*1_321-1123*1_321-1133*1_321-1122*1_321-1134*1_321-310*1_321-1121*1_321-1135*1_321-309*1_321-405*1_321-404*1_321-1120*1_321-1136*1_321-403*1_321-234*1_321-402*1_321-233*1_321-401*1_321-1119*1_321-1137*1_321-232*1_321-308*1_321-400*1_321-231*1_321-399*1_321-1118*1_321-1138*1_321-230*1_321-398*1_321-307*1_321-1117*1_321-1139*1_321-229*1_321-397*1_321-228*1_321-306*1_321-396*1_321-1116*1_321-1140*1_321-1294*1_321-1227*1_321-227*1_321-395*1_321-1115*1_321-1141*1_321-305*1_321-226*1_321-394*1_321-1228*1_321-1114*1_321-1142*1_321-225*1_321-393*1_321-304*1_321-1229*1_321-1113*1_321-1143*1_321-224*1_321-392*1_321-303*1_321-1230*1_321-1112*1_321-1144*1_321-223*1_321-391*1_321-302*1_321-222*1_321-390*1_321-1111*1_321-1145*1_321-1193*1_321-1231*1_321-221*1_321-301*1_321-389*1_1314-1315*1_1314-1316*1_1314-1317*1_1314-1318*1_1314-1319*1_1314-1320*1_1314-503*1_1314-502*1_1314-501*1_1314-1321*1_1314-500*1_1314-499*1_1314-1322*1_1314-498*1_1314-1323*1_1314-497*1_1314-496*1_1314-1324*1_1314-495*1_1314-1325*1_1314-494*1_1314-1326*1_1314-1232*1_1314-1233*1_1314-493*1_1314-1234*1_1314-1235*1_1314-1327*1_1314-492*1_1314-1236*1_1314-1237*1_1314-1328*1_1314-491*1_1314-1238*1_1314-1239*1_1314-1329*1_1314-490*1_1314-1240*1_1314-1330*1_1314-489*1_1314-1241*1_1314-1242*1_1314-1331*1_1314-488*1_1314-1243*1_1314-1332*1_1314-487*1_1314-587*1_1314-586*1_1314-585*1_1314-584*1_1314-1244*1_1314-583*1_1314-486*1_1314-582*1_1314-1333*1_1314-1245*1_1314-581*1_1314-580*1_1314-485*1_1314-1246*1_1314-1334*1_400-1146*2_400-1147*2_400-1148*2_400-1149*2_400-1150*2_400-1151*2_400-388*2_400-484*2_400-483*2_400-482*2_400-481*2_400-480*2_400-1152*2_400-387*2_400-479*2_400-478*2_400-1153*2_400-477*2_400-386*2_400-476*2_400-1154*2_400-385*2_400-475*2_400-1155*2_400-474*2_400-384*2_400-1056*2_400-1055*2_400-1057*2_400-1054*2_400-1058*2_400-473*2_400-1053*2_400-1059*2_400-1052*2_400-1060*2_400-1156*2_400-1051*2_400-1061*2_400-472*2_400-383*2_400-1050*2_400-1062*2_400-1049*2_400-1063*2_400-1157*2_400-471*2_400-1048*2_400-1064*2_400-382*2_400-1047*2_400-1065*2_400-470*2_400-1158*2_400-1046*2_400-1066*2_400-381*2_400-469*2_400-1045*2_400-1067*2_400-1159*2_400-300*2_400-380*2_400-468*2_400-1044*2_400-1068*2_1193-1192*2_1193-1191*2_1193-1190*2_1193-1189*2_1193-156*2_1193-1188*2_1193-155*2_1193-157*2_1193-154*2_1193-158*2_1193-153*2_1193-159*2_1193-1187*2_1193-152*2_1193-160*2_1193-1186*2_1193-151*2_1193-161*2_1193-150*2_1193-162*2_1193-1185*2_1193-149*2_1193-163*2_1193-1184*2_1193-148*2_1193-164*2_1193-1183*2_1193-147*2_1193-165*2_1193-1182*2_1193-146*2_1193-166*2_1193-1109*2_1193-1181*2_1193-1108*2_1193-1110*2_1193-145*2_1193-167*2_1193-1107*2_1193-1106*2_1193-1105*2_1193-1273*2_1193-144*2_1193-1104*2_1193-1180*2_1193-1272*2_1193-1103*2_1193-1271*2_1193-1102*2_1193-1270*2_1193-143*2_1193-1179*2_1193-1101*2_1193-1269*2_1193-142*2_1193-1100*2_1193-1178*2_1193-1268*2_1193-1099*2_1193-1267*2_1193-141*2_1193-1177*2_1193-1098*2_1193-1266*2_1193-140*2_1193-1097*2_1193-1265*2_1193-72*2_1193-1176*2_1193-71*2_1193-73*2_1193-70*2_1193-74*2_1193-69*2_1193-75*2_1193-68*2_1193-76*2_1193-1096*2_1193-1264*2_1193-67*2_1193-77*2_1193-139*2_1193-66*2_1193-78*2_1193-65*2_1193-79*2_1193-1095*2_1193-1263*2_1193-138*2_1193-64*2_1193-80*2_1193-1094*2_1193-1262*2_1193-63*2_1193-81*2_1193-137*2_1193-62*2_1193-82*2_1193-1093*2_1193-1261*2_586-568*2_586-567*2_586-566*2_586-654*2_1065-465*3_1065-464*3_1065-463*3_1065-462*3_1065-461*3_1065-460*3_1065-459*3_1065-379*3_1065-458*3_1065-378*3_66-61*3_1065-377*3_1065-457*3_66-60*3_66-1092*3_1065-981*3_1065-376*3_1065-980*3_1065-982*3_1065-979*3_1065-983*3_1065-456*3_1065-978*3_1065-984*3_1065-977*3_1065-985*3_1065-375*3_66-59*3_1065-976*3_1065-986*3_1065-455*3_1065-975*3_1065-987*3_1065-374*3_1065-974*3_1065-988*3_66-58*3_1065-373*3_1065-454*3_1065-973*3_1065-989*3_566-1166*3_566-569*3_66-57*3_1065-372*3_1065-972*3_1065-990*3_566-1167*3_1065-453*3_1065-971*3_1065-991*3_566-570*3_1065-371*3_66-56*3_566-1168*3_1065-452*3_1065-970*3_1065-992*3_1065-545*3_566-571*3_1065-370*3_66-55*3_1065-969*3_1065-993*3_1065-544*3_566-1169*3_1065-451*3_1065-369*3_1065-543*3_566-572*3_1065-968*3_1065-994*3_66-54*3_566-1170*3_1065-542*3_1065-450*3_1065-368*3_1065-967*3_1065-995*3_1065-541*3_566-573*3_566-1171*3_66-53*3_1065-540*3_1065-966*3_1065-996*3_1065-367*3_1065-449*3_566-574*3_1065-539*3_566-1172*3_66-52*3_1065-965*3_1065-997*3_566-575*3_566-1173*3_66-51*3_566-576*3_566-1248*3_566-1247*3_566-1249*3_566-1174*3_566-1250*3_66-50*3_566-1251*3_566-1252*3_566-577*3_566-1175*3_566-1253*3_66-49*3_66-83*3_566-1254*3_566-578*3_566-650*3_566-649*3_566-651*3_566-648*3_566-652*3_566-1255*3_66-48*3_66-1008*3_66-1260*3_66-1009*3_566-647*3_566-653*3_66-1010*3_66-1011*3_566-646*3_66-136*3_66-1012*3_566-1256*3_66-1013*3_566-579*3_566-645*3_566-655*3_66-1014*3_66-47*3_566-644*3_566-656*3_566-1257*3_66-135*3_66-1015*3_566-643*3_566-657*3_66-1016*3_566-1258*3_66-46*3_66-134*3_566-642*3_566-658*3_566-1259*3_566-641*3_566-659*3_566-1086*3_566-640*3_566-660*3_566-1087*3_566-1088*3_566-639*3_566-661*3_566-1089*3_566-638*3_566-662*3_566-1090*3_566-637*3_566-663*3_566-1091*3_566-636*3_566-664*3_566-635*3_566-665*3_566-634*3_566-666*3_223-208*3_223-129*3_223-207*3_223-128*3_223-1017*3_223-127*3_223-206*3_223-126*3_223-294*3_223-205*3_223-125*3_223-293*3_223-204*3_223-948*3_223-947*3_223-949*3_223-946*3_223-950*3_223-124*3_223-292*3_223-945*3_223-951*3_223-944*3_223-952*3_223-943*3_223-953*3_223-942*3_223-954*3_223-123*3_223-203*3_223-291*3_634-633*4_634-632*4_634-631*4_634-630*4_634-629*4_634-628*4_634-627*4_634-1085*4_634-626*4_634-1084*4_634-625*4_634-1083*4_634-624*4_634-1007*4_634-1006*4_634-1082*4_634-1005*4_634-1004*4_634-623*4_634-1003*4_634-1081*4_634-1002*4_634-550*4_634-622*4_634-549*4_634-551*4_634-548*4_634-552*4_634-1080*4_634-1001*4_634-547*4_634-553*4_634-546*4_634-554*4_634-1000*4_634-555*4_634-621*4_634-1079*4_634-556*4_634-999*4_634-557*4_634-620*4_634-998*4_634-1078*4_634-558*4_634-559*4_634-619*4_634-1077*4_634-560*4_634-618*4_634-1076*4_634-561*4_634-538*4_634-562*4_634-617*4_634-1075*4_634-537*4_634-563*4_634-1165*4_634-616*4_634-1074*4_634-536*4_634-564*4_634-1164*4_634-615*4_634-1073*4_634-1163*4_634-535*4_634-565*4_634-1162*4_634-534*4_634-614*4_129-45*4_129-44*4_129-928*4_129-43*4_129-42*4_129-41*4_129-927*4_129-40*4_129-39*4_129-926*4_129-38*4_129-925*4_129-37*4_129-36*4_129-924*4_129-35*4_129-34*4_129-33*4_129-32*4_129-31*4_129-30*4_203-853*4_129-29*4_954-881*4_203-108*4_203-852*4_954-882*4_203-107*4_203-851*4_954-883*4_203-106*4_203-850*4_954-884*4_203-105*4_203-849*4_954-270*4_954-366*4_203-184*4_954-885*4_203-104*4_954-365*4_203-848*4_954-364*4_954-269*4_954-886*4_203-103*4_203-183*4_222-220*3_222-219*3_222-218*3_222-217*3_222-216*3_222-1032*3_222-1031*3_222-1033*3_222-1030*3_222-1034*3_222-1029*3_222-1035*3_222-215*3_222-1028*3_222-1036*3_222-1027*3_222-1037*3_222-214*3_222-1026*3_222-1038*3_222-213*3_222-1025*3_222-1039*3_222-212*3_222-1024*3_222-1040*3_222-1023*3_222-1041*3_222-211*3_222-1022*3_222-1042*3_222-210*3_222-1021*3_222-1043*3_222-133*3_222-209*3_222-132*3_222-1020*3_222-131*3_222-299*3_222-1019*3_222-130*3_222-298*3_222-297*3_222-1018*3_222-296*3_222-295*3_222-941*3_222-955*3_222-940*3_222-956*3_222-122*3_222-202*3_222-290*3_206-201*4_206-200*4_206-199*4_206-198*4_206-197*4_206-939*4_206-957*4_206-196*4_206-938*4_206-958*4_206-195*4_206-937*4_206-959*4_206-194*4_206-121*4_206-289*4_206-120*4_206-288*4_206-936*4_206-960*4_206-119*4_206-287*4_206-118*4_206-286*4_206-117*4_206-193*4_206-285*4_206-935*4_206-961*4_206-116*4_206-284*4_206-115*4_206-283*4_206-192*4_206-864*4_206-863*4_206-865*4_206-862*4_206-866*4_206-934*4_206-962*4_206-861*4_206-867*4_206-114*4_206-282*4_206-860*4_206-868*4_206-859*4_206-869*4_206-113*4_206-191*4_206-281*4_206-933*4_206-963*4_206-858*4_206-870*4_206-112*4_206-280*4_206-857*4_206-871*4_206-190*4_206-856*4_206-872*4_206-932*4_206-964*4_206-111*4_206-279*4_206-855*4_206-873*4_206-110*4_206-278*4_206-189*4_206-931*4_206-854*4_206-874*4_206-109*4_206-277*4_206-875*4_206-188*4_206-930*4_206-276*4_206-876*4_206-187*4_206-877*4_206-929*4_206-275*4_206-878*4_206-186*4_206-274*4_500-1335*3_500-1336*3_500-1337*3_500-1338*3_500-1339*3_534-533*5_534-532*5_534-531*5_534-530*5_534-529*5_534-528*5_534-912*5_534-911*5_534-913*5_534-910*5_534-914*5_534-909*5_534-915*5_534-527*5_534-908*5_534-916*5_534-907*5_534-917*5_534-526*5_534-906*5_534-918*5_534-525*5_534-905*5_534-919*5_534-524*5_534-904*5_534-920*5_534-903*5_534-921*5_534-523*5_534-902*5_534-922*5_534-522*5_534-448*5_534-447*5_534-901*5_534-923*5_534-446*5_534-445*5_534-521*5_534-613*5_534-444*5_534-612*5_534-900*5_534-443*5_534-611*5_534-520*5_534-899*5_534-442*5_534-610*5_534-441*5_534-519*5_534-609*5_534-898*5_534-440*5_534-608*5_534-518*5_534-897*5_534-439*5_534-607*5_534-438*5_534-606*5_534-517*5_534-896*5_534-437*5_534-605*5_534-516*5_534-828*5_534-827*5_534-829*5_534-895*5_534-826*5_534-830*5_534-825*5_534-831*5_534-436*5_534-604*5_534-824*5_534-832*5_534-823*5_534-833*5_534-822*5_534-834*5_534-894*5_534-515*5_534-435*5_534-603*5_534-821*5_534-835*5_534-820*5_534-836*5_534-1072*5_534-893*5_534-434*5_534-466*5_534-514*5_534-602*5_193-185*5_193-182*5_193-181*5_193-273*5_193-180*5_193-272*5_193-780*5_193-779*5_193-781*5_193-778*5_193-782*5_193-777*5_193-783*5_193-271*5_193-776*5_193-784*5_193-102*5_193-775*5_193-785*5_193-179*5_193-774*5_193-786*5_193-101*5_193-773*5_193-787*5_193-100*5_193-178*5_193-268*5_193-879*5_193-772*5_193-788*5_193-99*5_193-267*5_193-771*5_193-789*5_193-177*5_193-880*5_193-98*5_193-266*5_193-770*5_193-790*5_193-97*5_193-265*5_193-176*5_193-769*5_193-791*5_193-847*5_193-96*5_193-264*5_193-768*5_193-792*5_193-175*5_193-846*5_193-767*5_193-793*5_193-95*5_193-263*5_193-174*5_193-845*5_193-766*5_193-794*5_193-94*5_193-262*5_193-765*5_193-795*5_193-93*5_193-173*5_193-261*5_663-667*4_663-668*4_663-669*4_663-670*4_663-671*4_663-1343*4_663-1342*4_663-1341*4_663-1340*4_440-359*6_440-360*6_440-888*6_440-361*6_440-362*6_440-887*6_440-363*6_821-507*6_821-737*6_821-736*6_821-738*6_821-735*6_821-739*6_821-506*6_821-734*6_821-740*6_821-733*6_821-741*6_821-742*6_821-505*6_821-731*6_821-743*6_821-504*6_821-730*6_821-744*6_440-800*6_821-729*6_821-745*6_821-728*6_821-746*6_440-799*6_821-727*6_821-747*6_440-798*6_821-837*6_821-726*6_821-748*6_821-725*6_821-749*6_821-838*6_821-724*6_821-750*6_821-839*6_821-723*6_821-751*6_821-600*6_821-599*6_821-601*6_821-598*6_821-722*6_821-752*6_821-339*6_821-597*6_821-596*6_821-595*6_821-338*6_821-594*6_821-721*6_821-753*6_643-1161*5_643-1160*5_1050-467*4_1050-1069*4_1050-1070*4_795-796*6_795-797*6_795-260*6_795-259*6_795-801*6_795-258*6_795-802*6_795-257*6_795-803*6_795-256*6_795-348*6_795-804*6_795-347*6_795-349*6_795-346*6_795-350*6_795-255*6_795-345*6_795-351*6_795-344*6_795-352*6_795-805*6_795-343*6_795-353*6_795-254*6_795-342*6_795-354*6_795-806*6_795-253*6_795-341*6_795-355*6_795-711*6_795-807*6_795-340*6_795-356*6_795-710*6_795-712*6_795-709*6_795-713*6_795-252*6_795-708*6_795-714*6_795-707*6_795-715*6_795-357*6_795-706*6_795-716*6_795-808*6_795-705*6_795-717*6_795-358*6_795-704*6_795-718*6_795-809*6_795-337*6_795-703*6_795-719*6_795-336*6_795-702*6_795-720*6_795-810*6_795-701*6_795-889*6_795-811*6_795-700*6_795-890*6_795-699*6_795-891*6_795-172*6_795-812*6_795-171*6_795-698*6_795-892*6_795-813*6_795-170*6_795-697*6_795-169*6_795-814*6_795-168*6_795-696*6_795-695*6_795-815*6_1002-1071*6_776-92*7_776-91*7_776-90*7_776-89*7_776-88*7_776-692*7_776-764*7_776-87*7_776-691*7_776-693*7_776-690*7_776-694*7_776-689*7_776-688*7_776-86*7_776-687*7_776-763*7_776-686*7_776-85*7_776-685*7_776-762*7_776-84*7_776-684*7_776-683*7_776-761*7_776-682*7_776-760*7_776-681*7_776-680*7_776-759*7_776-679*7_776-758*7_776-678*7_776-757*7_776-677*7_776-12*7_776-676*7_776-756*7_776-844*7_31-28*5_31-27*5_31-26*5_31-25*5_31-24*5_31-840*5_31-841*5_31-842*5_31-843*5_31-23*5_31-22*5_31-21*5_31-20*5_31-19*5_31-18*5_31-17*5_31-16*5_31-15*5_31-14*5_31-13*5_31-11*5_799-432*7_799-816*7_799-431*7_799-433*7_799-430*7_799-429*7_799-428*7_799-427*7_799-817*7_799-426*7_799-425*7_799-424*7_799-818*7_799-423*7_799-422*7_799-819*7_99-10*6_99-9*6_99-8*6_99-7*6_99-6*6_99-5*6_99-4*6_99-3*6_99-675*6_99-2*6_99-674*6_99-1*6_99-673*6_99-0*6_99-672*6_594-593*7_594-592*7_594-591*7_594-590*7_594-589*7_594-588*7_594-755*7_594-754*7_594-510*7_594-509*7_594-508*7_351-421*8_351-420*8_351-732*8_424-511*9_424-512*9_424-513*9_
