"id","Scenario","Actual Range","Protocol","Buildings","Total nodes","Nodes on circ","Total coverage","Coverage on circ","Alert received mean time","Hops","Slots","Messages sent","Messages received", "Starting x", "Starting y","Starting node", "Vehicle distance", "Received node ids", "Node ids", "Transmission map", "Received on circ nodes", "Transmission vector"
0,1,300,500,0,600,3,600,3,4.33986e+06,69,4415,76,600,0,100,0,25,1_2_3_4_5_6_7_8_9_10_11_12_0_13_14_15_16_17_18_19_20_21_22_23_24_25_26_27_28_29_30_31_32_33_34_35_36_37_38_39_40_41_42_43_44_45_46_47_48_49_50_51_52_53_54_55_56_57_58_59_60_61_62_63_64_65_66_67_68_69_70_71_72_73_74_75_76_77_78_79_80_81_82_83_84_85_86_87_88_89_90_91_92_93_94_95_96_97_98_99_100_101_102_103_104_105_106_107_108_109_110_111_112_113_114_115_116_117_118_119_120_121_122_123_124_125_126_127_128_129_130_131_133_132_134_135_136_137_138_139_140_141_142_143_144_145_146_147_148_149_150_151_152_153_154_155_156_157_158_159_160_161_162_163_164_165_166_167_168_169_170_171_172_173_174_175_176_177_178_179_180_181_182_184_183_185_186_187_188_189_190_191_192_193_194_195_196_197_198_199_200_201_202_203_204_205_206_207_208_210_209_211_212_213_214_215_216_217_218_219_220_221_222_223_224_225_226_227_228_229_230_231_232_233_234_235_236_237_238_239_240_241_242_243_244_245_246_247_248_249_250_251_252_253_254_255_256_257_258_259_260_261_262_263_264_265_266_267_268_269_270_271_272_273_274_275_276_277_278_279_280_281_282_283_284_285_286_287_288_289_290_291_292_293_294_295_296_297_298_299_300_301_302_303_304_305_306_307_308_309_310_311_312_313_314_315_316_317_318_319_320_321_322_323_324_325_326_327_328_329_330_331_332_333_334_335_336_337_338_339_340_341_342_343_344_345_346_347_348_349_350_351_352_353_354_355_356_357_358_359_360_361_362_363_364_365_366_367_368_369_370_371_372_373_374_375_376_377_378_379_380_381_382_383_384_385_386_387_388_389_390_391_392_393_394_395_396_397_398_399_400_401_402_403_404_405_406_407_408_409_410_411_412_413_414_415_416_417_418_419_420_421_422_423_424_425_426_427_428_429_430_431_432_433_434_435_436_437_438_439_440_441_442_443_444_445_446_447_448_449_450_451_452_453_454_455_456_457_458_459_460_461_462_463_464_465_466_467_468_469_470_471_472_473_474_475_476_477_478_479_480_481_482_483_484_485_486_487_488_489_490_491_492_493_494_495_496_497_498_499_500_501_502_503_504_505_506_507_508_509_510_511_512_513_514_515_516_517_518_519_520_521_522_523_524_525_526_527_528_529_530_531_532_533_534_535_536_537_538_539_540_541_542_543_544_545_546_547_548_549_550_551_552_553_554_555_556_557_558_559_560_561_562_563_564_565_566_567_568_569_570_571_572_573_574_575_576_577_578_579_580_581_582_583_584_585_586_587_588_589_590_591_592_593_594_595_596_597_598_599_,0_1_2_3_4_5_6_7_8_9_10_11_12_13_14_15_16_17_18_19_20_21_22_23_24_25_26_27_28_29_30_31_32_33_34_35_36_37_38_39_40_41_42_43_44_45_46_47_48_49_50_51_52_53_54_55_56_57_58_59_60_61_62_63_64_65_66_67_68_69_70_71_72_73_74_75_76_77_78_79_80_81_82_83_84_85_86_87_88_89_90_91_92_93_94_95_96_97_98_99_100_101_102_103_104_105_106_107_108_109_110_111_112_113_114_115_116_117_118_119_120_121_122_123_124_125_126_127_128_129_130_131_132_133_134_135_136_137_138_139_140_141_142_143_144_145_146_147_148_149_150_151_152_153_154_155_156_157_158_159_160_161_162_163_164_165_166_167_168_169_170_171_172_173_174_175_176_177_178_179_180_181_182_183_184_185_186_187_188_189_190_191_192_193_194_195_196_197_198_199_200_201_202_203_204_205_206_207_208_209_210_211_212_213_214_215_216_217_218_219_220_221_222_223_224_225_226_227_228_229_230_231_232_233_234_235_236_237_238_239_240_241_242_243_244_245_246_247_248_249_250_251_252_253_254_255_256_257_258_259_260_261_262_263_264_265_266_267_268_269_270_271_272_273_274_275_276_277_278_279_280_281_282_283_284_285_286_287_288_289_290_291_292_293_294_295_296_297_298_299_300_301_302_303_304_305_306_307_308_309_310_311_312_313_314_315_316_317_318_319_320_321_322_323_324_325_326_327_328_329_330_331_332_333_334_335_336_337_338_339_340_341_342_343_344_345_346_347_348_349_350_351_352_353_354_355_356_357_358_359_360_361_362_363_364_365_366_367_368_369_370_371_372_373_374_375_376_377_378_379_380_381_382_383_384_385_386_387_388_389_390_391_392_393_394_395_396_397_398_399_400_401_402_403_404_405_406_407_408_409_410_411_412_413_414_415_416_417_418_419_420_421_422_423_424_425_426_427_428_429_430_431_432_433_434_435_436_437_438_439_440_441_442_443_444_445_446_447_448_449_450_451_452_453_454_455_456_457_458_459_460_461_462_463_464_465_466_467_468_469_470_471_472_473_474_475_476_477_478_479_480_481_482_483_484_485_486_487_488_489_490_491_492_493_494_495_496_497_498_499_500_501_502_503_504_505_506_507_508_509_510_511_512_513_514_515_516_517_518_519_520_521_522_523_524_525_526_527_528_529_530_531_532_533_534_535_536_537_538_539_540_541_542_543_544_545_546_547_548_549_550_551_552_553_554_555_556_557_558_559_560_561_562_563_564_565_566_567_568_569_570_571_572_573_574_575_576_577_578_579_580_581_582_583_584_585_586_587_588_589_590_591_592_593_594_595_596_597_598_599_,0:{1;2;3;4;5;6;7;8;9;10;11;12;}4:{0;13;14;15;}14:{16;17;18;19;20;21;22;23;24;25;}23:{26;27;28;29;30;31;32;33;34;}27:{35;36;37;38;}38:{39;40;41;42;43;44;45;46;47;48;49;}46:{50;51;52;53;54;55;56;57;}56:{58;59;60;61;62;63;64;65;66;67;}65:{68;69;70;71;72;73;74;75;76;77;}71:{78;79;80;81;82;}81:{83;84;85;86;87;88;89;90;91;92;}90:{93;94;95;96;97;98;99;100;101;102;}96:{103;104;105;106;107;}105:{108;109;110;111;112;113;114;115;116;117;}113:{118;119;120;121;122;123;}121:{124;125;126;127;128;129;130;131;133;}129:{132;134;135;136;137;138;139;140;}139:{141;142;143;144;145;146;147;148;149;}144:{150;151;152;153;154;}152:{155;156;157;158;159;160;161;162;163;164;}162:{165;166;167;168;169;170;171;172;173;}172:{174;175;176;177;178;179;180;181;182;184;}174:{183;185;186;}186:{187;188;189;190;191;192;193;194;195;196;197;198;}198:{199;200;201;202;203;204;205;206;207;208;210;}210:{209;211;212;213;214;215;216;217;218;219;220;221;}215:{222;223;224;225;226;227;}223:{228;229;230;231;232;233;234;}232:{235;236;237;238;239;240;241;242;243;}236:{244;245;246;}246:{247;248;249;250;251;252;253;254;255;256;257;258;}254:{259;260;261;262;263;264;265;}265:{266;267;268;269;270;271;272;273;274;275;276;}271:{277;278;279;280;281;282;283;}279:{284;285;286;287;288;289;290;}290:{291;292;293;294;295;296;297;298;299;300;301;}299:{302;303;304;305;306;307;308;309;}305:{310;311;312;313;314;315;316;}316:{317;318;319;320;321;322;323;324;325;326;327;}318:{328;329;330;}329:{331;332;333;334;335;336;337;338;339;340;}331:{341;342;343;}343:{344;345;346;347;348;349;350;351;352;353;354;}349:{355;356;357;358;359;360;361;}358:{362;363;364;365;366;367;368;369;370;}362:{371;372;373;374;}372:{375;376;377;378;379;380;381;382;383;}382:{384;385;386;387;388;389;390;391;392;393;}389:{394;395;396;397;398;399;400;}400:{401;402;403;404;405;406;407;408;409;410;411;}410:{412;413;414;415;416;417;418;419;420;421;422;}416:{423;424;425;426;427;}425:{428;429;430;431;432;433;434;435;436;}430:{437;438;439;440;441;}438:{442;443;444;445;446;447;448;449;}446:{450;451;452;453;454;455;456;457;}452:{458;459;460;461;462;463;}460:{464;465;466;467;468;469;470;471;}466:{472;473;474;475;476;477;}476:{478;479;480;481;482;483;484;485;486;487;}484:{488;489;490;491;492;493;494;495;}489:{496;497;498;499;500;501;}497:{502;503;504;505;506;507;508;}506:{509;510;511;512;513;514;515;516;517;518;}518:{519;520;521;522;523;524;525;526;527;528;529;}523:{530;531;532;533;534;535;}532:{536;537;538;539;540;541;542;543;}542:{544;545;546;547;548;549;550;551;552;553;554;}547:{555;556;557;}554:{558;559;560;561;562;563;564;565;566;}565:{567;568;569;570;571;572;573;574;575;576;577;}569:{578;579;580;581;}580:{582;583;584;585;586;587;588;589;590;}582:{591;592;593;}593:{594;595;596;597;598;599;},559_560_561_,0-1*0_0-2*0_0-3*0_0-4*0_0-5*0_0-6*0_0-7*0_0-8*0_0-9*0_0-10*0_0-11*0_0-12*0_4-0*1_4-13*1_4-14*1_4-15*1_14-16*2_14-17*2_14-18*2_14-19*2_14-20*2_14-21*2_14-22*2_14-23*2_14-24*2_14-25*2_23-26*3_23-27*3_23-28*3_23-29*3_23-30*3_23-31*3_23-32*3_23-33*3_23-34*3_27-35*4_27-36*4_27-37*4_27-38*4_38-39*5_38-40*5_38-41*5_38-42*5_38-43*5_38-44*5_38-45*5_38-46*5_38-47*5_38-48*5_38-49*5_46-50*6_46-51*6_46-52*6_46-53*6_46-54*6_46-55*6_46-56*6_46-57*6_56-58*7_56-59*7_56-60*7_56-61*7_56-62*7_56-63*7_56-64*7_56-65*7_56-66*7_56-67*7_65-68*8_65-69*8_65-70*8_65-71*8_65-72*8_65-73*8_65-74*8_65-75*8_65-76*8_65-77*8_71-78*9_71-79*9_71-80*9_71-81*9_71-82*9_81-83*10_81-84*10_81-85*10_81-86*10_81-87*10_81-88*10_81-89*10_81-90*10_81-91*10_81-92*10_90-93*11_90-94*11_90-95*11_90-96*11_90-97*11_90-98*11_90-99*11_90-100*11_90-101*11_90-102*11_96-103*12_96-104*12_96-105*12_96-106*12_96-107*12_105-108*13_105-109*13_105-110*13_105-111*13_105-112*13_105-113*13_105-114*13_105-115*13_105-116*13_105-117*13_113-118*14_113-119*14_113-120*14_113-121*14_113-122*14_113-123*14_121-124*15_121-125*15_121-126*15_121-127*15_121-128*15_121-129*15_121-130*15_121-131*15_121-133*15_129-132*16_129-134*16_129-135*16_129-136*16_129-137*16_129-138*16_129-139*16_129-140*16_139-141*17_139-142*17_139-143*17_139-144*17_139-145*17_139-146*17_139-147*17_139-148*17_139-149*17_144-150*18_144-151*18_144-152*18_144-153*18_144-154*18_152-155*19_152-156*19_152-157*19_152-158*19_152-159*19_152-160*19_152-161*19_152-162*19_152-163*19_152-164*19_162-165*20_162-166*20_162-167*20_162-168*20_162-169*20_162-170*20_162-171*20_162-172*20_162-173*20_172-174*21_172-175*21_172-176*21_172-177*21_172-178*21_172-179*21_172-180*21_172-181*21_172-182*21_172-184*21_174-183*22_174-185*22_174-186*22_186-187*23_186-188*23_186-189*23_186-190*23_186-191*23_186-192*23_186-193*23_186-194*23_186-195*23_186-196*23_186-197*23_186-198*23_198-199*24_198-200*24_198-201*24_198-202*24_198-203*24_198-204*24_198-205*24_198-206*24_198-207*24_198-208*24_198-210*24_210-209*25_210-211*25_210-212*25_210-213*25_210-214*25_210-215*25_210-216*25_210-217*25_210-218*25_210-219*25_210-220*25_210-221*25_215-222*26_215-223*26_215-224*26_215-225*26_215-226*26_215-227*26_223-228*27_223-229*27_223-230*27_223-231*27_223-232*27_223-233*27_223-234*27_232-235*28_232-236*28_232-237*28_232-238*28_232-239*28_232-240*28_232-241*28_232-242*28_232-243*28_236-244*29_236-245*29_236-246*29_246-247*30_246-248*30_246-249*30_246-250*30_246-251*30_246-252*30_246-253*30_246-254*30_246-255*30_246-256*30_246-257*30_246-258*30_254-259*31_254-260*31_254-261*31_254-262*31_254-263*31_254-264*31_254-265*31_265-266*32_265-267*32_265-268*32_265-269*32_265-270*32_265-271*32_265-272*32_265-273*32_265-274*32_265-275*32_265-276*32_271-277*33_271-278*33_271-279*33_271-280*33_271-281*33_271-282*33_271-283*33_279-284*34_279-285*34_279-286*34_279-287*34_279-288*34_279-289*34_279-290*34_290-291*35_290-292*35_290-293*35_290-294*35_290-295*35_290-296*35_290-297*35_290-298*35_290-299*35_290-300*35_290-301*35_299-302*36_299-303*36_299-304*36_299-305*36_299-306*36_299-307*36_299-308*36_299-309*36_305-310*37_305-311*37_305-312*37_305-313*37_305-314*37_305-315*37_305-316*37_316-317*38_316-318*38_316-319*38_316-320*38_316-321*38_316-322*38_316-323*38_316-324*38_316-325*38_316-326*38_316-327*38_318-328*39_318-329*39_318-330*39_329-331*40_329-332*40_329-333*40_329-334*40_329-335*40_329-336*40_329-337*40_329-338*40_329-339*40_329-340*40_331-341*41_331-342*41_331-343*41_343-344*42_343-345*42_343-346*42_343-347*42_343-348*42_343-349*42_343-350*42_343-351*42_343-352*42_343-353*42_343-354*42_349-355*43_349-356*43_349-357*43_349-358*43_349-359*43_349-360*43_349-361*43_358-362*44_358-363*44_358-364*44_358-365*44_358-366*44_358-367*44_358-368*44_358-369*44_358-370*44_362-371*45_362-372*45_362-373*45_362-374*45_372-375*46_372-376*46_372-377*46_372-378*46_372-379*46_372-380*46_372-381*46_372-382*46_372-383*46_382-384*47_382-385*47_382-386*47_382-387*47_382-388*47_382-389*47_382-390*47_382-391*47_382-392*47_382-393*47_389-394*48_389-395*48_389-396*48_389-397*48_389-398*48_389-399*48_389-400*48_400-401*49_400-402*49_400-403*49_400-404*49_400-405*49_400-406*49_400-407*49_400-408*49_400-409*49_400-410*49_400-411*49_410-412*50_410-413*50_410-414*50_410-415*50_410-416*50_410-417*50_410-418*50_410-419*50_410-420*50_410-421*50_410-422*50_416-423*51_416-424*51_416-425*51_416-426*51_416-427*51_425-428*52_425-429*52_425-430*52_425-431*52_425-432*52_425-433*52_425-434*52_425-435*52_425-436*52_430-437*53_430-438*53_430-439*53_430-440*53_430-441*53_438-442*54_438-443*54_438-444*54_438-445*54_438-446*54_438-447*54_438-448*54_438-449*54_446-450*55_446-451*55_446-452*55_446-453*55_446-454*55_446-455*55_446-456*55_446-457*55_452-458*56_452-459*56_452-460*56_452-461*56_452-462*56_452-463*56_460-464*57_460-465*57_460-466*57_460-467*57_460-468*57_460-469*57_460-470*57_460-471*57_466-472*58_466-473*58_466-474*58_466-475*58_466-476*58_466-477*58_476-478*59_476-479*59_476-480*59_476-481*59_476-482*59_476-483*59_476-484*59_476-485*59_476-486*59_476-487*59_484-488*60_484-489*60_484-490*60_484-491*60_484-492*60_484-493*60_484-494*60_484-495*60_489-496*61_489-497*61_489-498*61_489-499*61_489-500*61_489-501*61_497-502*62_497-503*62_497-504*62_497-505*62_497-506*62_497-507*62_497-508*62_506-509*63_506-510*63_506-511*63_506-512*63_506-513*63_506-514*63_506-515*63_506-516*63_506-517*63_506-518*63_518-519*64_518-520*64_518-521*64_518-522*64_518-523*64_518-524*64_518-525*64_518-526*64_518-527*64_518-528*64_518-529*64_523-530*65_523-531*65_523-532*65_523-533*65_523-534*65_523-535*65_532-536*66_532-537*66_532-538*66_532-539*66_532-540*66_532-541*66_532-542*66_532-543*66_542-544*67_542-545*67_542-546*67_542-547*67_542-548*67_542-549*67_542-550*67_542-551*67_542-552*67_542-553*67_542-554*67_547-555*68_547-556*68_547-557*68_554-558*68_554-559*68_554-560*68_554-561*68_554-562*68_554-563*68_554-564*68_554-565*68_554-566*68_565-567*69_565-568*69_565-569*69_565-570*69_565-571*69_565-572*69_565-573*69_565-574*69_565-575*69_565-576*69_565-577*69_569-578*70_569-579*70_569-580*70_569-581*70_580-582*71_580-583*71_580-584*71_580-585*71_580-586*71_580-587*71_580-588*71_580-589*71_580-590*71_582-591*72_582-592*72_582-593*72_593-594*73_593-595*73_593-596*73_593-597*73_593-598*73_593-599*73_
