"id","Scenario","Actual Range","Protocol","Buildings","Total nodes","Nodes on circ","Total coverage","Coverage on circ","Alert received mean time","Hops","Slots","Messages sent","Messages received", "Starting x", "Starting y","Starting node", "Vehicle distance", "Received node ids", "Node ids", "Transmission map", "Received on circ nodes", "Transmission vector"
0,1,300,0,1,1776,80,883,41,216343,10.122,198.488,572,883,1153.84,1884.7,310,25,309_311_308_312_314_274_315_273_316_310_317_318_319_320_321_1195_1460_1461_1191_1462_1463_1464_1459_1458_1473_1474_1471_1494_1472_1495_1563_1465_300_272_279_299_301_1470_1496_1497_1469_1498_1500_1468_1501_1502_1503_1528_303_304_305_1504_1527_1526_1531_1530_1467_1190_1189_1187_1186_1174_278_850_271_849_848_270_260_259_261_262_1525_1529_1524_1505_1518_263_257_264_229_256_228_268_331_332_333_281_282_277_276_288_275_289_294_290_292_216_217_1178_1179_1176_1180_735_1475_1399_827_1388_828_1014_1013_1012_1002_1001_998_997_220_218_221_219_222_175_173_176_338_223_174_177_339_178_215_226_340_203_179_181_227_343_204_205_140_139_847_206_138_141_207_137_142_208_851_143_209_145_605_134_144_606_135_607_133_950_945_342_334_337_341_214_852_344_212_345_211_184_1739_210_1175_612_649_751_750_749_748_346_351_348_747_593_594_996_182_183_185_124_126_186_189_123_122_99_1738_283_284_285_943_946_942_948_949_941_947_940_962_1026_961_1027_951_960_1028_952_810_1029_963_981_265_267_230_255_994_976_172_171_201_170_168_266_656_611_190_979_6_5_4_959_964_980_970_971_939_1019_352_350_353_372_381_187_8_1737_1774_9_1736_10_74_1735_1740_11_12_1741_1734_1742_13_15_1775_965_967_972_968_978_969_1133_360_361_98_1030_1031_953_379_567_383_592_571_572_16_17_18_83_19_975_974_568_359_378_371_163_373_162_161_588_160_589_159_864_590_865_157_857_867_154_869_868_151_813_152_802_683_73_72_684_71_685_86_70_1711_1709_93_87_92_88_20_21_90_89_22_1708_679_167_166_165_655_121_120_610_119_658_609_118_659_115_660_116_661_112_103_104_608_614_105_616_615_617_117_106_642_641_618_640_619_349_604_153_155_596_575_156_439_441_587_382_1185_97_192_96_193_95_194_94_195_68_75_67_76_66_77_65_85_78_64_84_639_620_638_621_637_622_623_101_625_671_626_632_627_82_81_79_1712_1707_1706_681_62_1705_61_1704_63_38_1703_1702_107_631_628_630_643_629_633_188_7_384_354_357_356_355_846_741_1713_1701_60_59_1520_1519_37_35_54_53_52_127_128_129_130_146_148_682_23_24_26_1714_27_28_1165_1164_1163_1130_958_636_634_644_645_647_1695_1694_57_648_1664_1667_34_1668_33_32_31_30_29_973_983_984_985_986_987_196_197_198_199_200_650_603_663_584_149_585_150_586_39_385_440_131_1689_724_742_743_835_100_108_109_110_667_111_672_56_55_362_368_370_363_364_957_956_954_164_576_577_582_581_595_570_1167_1168_670_1517_431_430_429_573_574_1690_1691_989_991_990_992_1144_993_982_988_1155_977_1166_966_955_944_432_442_995_579_578_51_50_662_664_1018_40_41_42_43_45_44_678_443_428_566_444_394_433_427_434_426_436_425_409_423_437_438_414_415_416_46_48_49_676_677_393_395_396_410_397_403_1516_1181_231_232_233_245_386_387_600_1182_293_583_597_1625_599_412_411_417_418_419_1562_1561_1560_392_390_389_675_674_673_1020_1021_1023_1024_1025_1183_374_375_376_445_448_366_420_421_422_367_365_408_407_406_505_519_518_517_504_503_501_530_1551_1000_377_601_870_752_824_744_745_871_872_873_874_875_938_811_516_515_531_532_533_561_562_563_564_1377_1344_654_528_529_1122_388_1541_1111_1099_1088_1077_1515_1542_1440_1439_1533_1534_1188_1177_1010_933_1355_1009_1366_1008_1007_1006_560_405_1221_1332_1443_1110_1554_1_0_888_999_1540_1539_653_652_651_1005_922_900_911_1011_1022_1033_1044_132_1061_1060_1059_1058_1057_1087_1017_1120_1089_1090_1091_1055_1199_1210_1092_1093_666_404_559_556_555_554_534_1066_446_335_224_113_2_1665_1056_889_1310_877_866_779_668_557_1121_1139_1054_1138_1053_1052_1051_1050_1049_1048_1047_1034_1032_926_820_819_1038_818_921_1039_817_1040_816_1666_815_1677_814_1688_772_1699_773_398_1543_931_930_932_929_934_821_822_812_1035_924_923_706_1094_1117_928_935_936_937_1499_1488_1588_1599_1477_1466_823_825_1577_1566_1610_1555_1621_1532_925_927_809_1116_1118_1119_826_807_808_1521_1510_795_500_494_499_493_492_490_506_507_459_460_1106_,0_1_2_3_4_5_6_7_8_9_10_11_12_13_14_15_16_17_18_19_20_21_22_23_24_25_26_27_28_29_30_31_32_33_34_35_36_37_38_39_40_41_42_43_44_45_46_47_48_49_50_51_52_53_54_55_56_57_58_59_60_61_62_63_64_65_66_67_68_69_70_71_72_73_74_75_76_77_78_79_80_81_82_83_84_85_86_87_88_89_90_91_92_93_94_95_96_97_98_99_100_101_102_103_104_105_106_107_108_109_110_111_112_113_114_115_116_117_118_119_120_121_122_123_124_125_126_127_128_129_130_131_132_133_134_135_136_137_138_139_140_141_142_143_144_145_146_147_148_149_150_151_152_153_154_155_156_157_158_159_160_161_162_163_164_165_166_167_168_169_170_171_172_173_174_175_176_177_178_179_180_181_182_183_184_185_186_187_188_189_190_191_192_193_194_195_196_197_198_199_200_201_202_203_204_205_206_207_208_209_210_211_212_213_214_215_216_217_218_219_220_221_222_223_224_225_226_227_228_229_230_231_232_233_234_235_236_237_238_239_240_241_242_243_244_245_246_247_248_249_250_251_252_253_254_255_256_257_258_259_260_261_262_263_264_265_266_267_268_269_270_271_272_273_274_275_276_277_278_279_280_281_282_283_284_285_286_287_288_289_290_291_292_293_294_295_296_297_298_299_300_301_302_303_304_305_306_307_308_309_310_311_312_313_314_315_316_317_318_319_320_321_322_323_324_325_326_327_328_329_330_331_332_333_334_335_336_337_338_339_340_341_342_343_344_345_346_347_348_349_350_351_352_353_354_355_356_357_358_359_360_361_362_363_364_365_366_367_368_369_370_371_372_373_374_375_376_377_378_379_380_381_382_383_384_385_386_387_388_389_390_391_392_393_394_395_396_397_398_399_400_401_402_403_404_405_406_407_408_409_410_411_412_413_414_415_416_417_418_419_420_421_422_423_424_425_426_427_428_429_430_431_432_433_434_435_436_437_438_439_440_441_442_443_444_445_446_447_448_449_450_451_452_453_454_455_456_457_458_459_460_461_462_463_464_465_466_467_468_469_470_471_472_473_474_475_476_477_478_479_480_481_482_483_484_485_486_487_488_489_490_491_492_493_494_495_496_497_498_499_500_501_502_503_504_505_506_507_508_509_510_511_512_513_514_515_516_517_518_519_520_521_522_523_524_525_526_527_528_529_530_531_532_533_534_535_536_537_538_539_540_541_542_543_544_545_546_547_548_549_550_551_552_553_554_555_556_557_558_559_560_561_562_563_564_565_566_567_568_569_570_571_572_573_574_575_576_577_578_579_580_581_582_583_584_585_586_587_588_589_590_591_592_593_594_595_596_597_598_599_600_601_602_603_604_605_606_607_608_609_610_611_612_613_614_615_616_617_618_619_620_621_622_623_624_625_626_627_628_629_630_631_632_633_634_635_636_637_638_639_640_641_642_643_644_645_646_647_648_649_650_651_652_653_654_655_656_657_658_659_660_661_662_663_664_665_666_667_668_669_670_671_672_673_674_675_676_677_678_679_680_681_682_683_684_685_686_687_688_689_690_691_692_693_694_695_696_697_698_699_700_701_702_703_704_705_706_707_708_709_710_711_712_713_714_715_716_717_718_719_720_721_722_723_724_725_726_727_728_729_730_731_732_733_734_735_736_737_738_739_740_741_742_743_744_745_746_747_748_749_750_751_752_753_754_755_756_757_758_759_760_761_762_763_764_765_766_767_768_769_770_771_772_773_774_775_776_777_778_779_780_781_782_783_784_785_786_787_788_789_790_791_792_793_794_795_796_797_798_799_800_801_802_803_804_805_806_807_808_809_810_811_812_813_814_815_816_817_818_819_820_821_822_823_824_825_826_827_828_829_830_831_832_833_834_835_836_837_838_839_840_841_842_843_844_845_846_847_848_849_850_851_852_853_854_855_856_857_858_859_860_861_862_863_864_865_866_867_868_869_870_871_872_873_874_875_876_877_878_879_880_881_882_883_884_885_886_887_888_889_890_891_892_893_894_895_896_897_898_899_900_901_902_903_904_905_906_907_908_909_910_911_912_913_914_915_916_917_918_919_920_921_922_923_924_925_926_927_928_929_930_931_932_933_934_935_936_937_938_939_940_941_942_943_944_945_946_947_948_949_950_951_952_953_954_955_956_957_958_959_960_961_962_963_964_965_966_967_968_969_970_971_972_973_974_975_976_977_978_979_980_981_982_983_984_985_986_987_988_989_990_991_992_993_994_995_996_997_998_999_1000_1001_1002_1003_1004_1005_1006_1007_1008_1009_1010_1011_1012_1013_1014_1015_1016_1017_1018_1019_1020_1021_1022_1023_1024_1025_1026_1027_1028_1029_1030_1031_1032_1033_1034_1035_1036_1037_1038_1039_1040_1041_1042_1043_1044_1045_1046_1047_1048_1049_1050_1051_1052_1053_1054_1055_1056_1057_1058_1059_1060_1061_1062_1063_1064_1065_1066_1067_1068_1069_1070_1071_1072_1073_1074_1075_1076_1077_1078_1079_1080_1081_1082_1083_1084_1085_1086_1087_1088_1089_1090_1091_1092_1093_1094_1095_1096_1097_1098_1099_1100_1101_1102_1103_1104_1105_1106_1107_1108_1109_1110_1111_1112_1113_1114_1115_1116_1117_1118_1119_1120_1121_1122_1123_1124_1125_1126_1127_1128_1129_1130_1131_1132_1133_1134_1135_1136_1137_1138_1139_1140_1141_1142_1143_1144_1145_1146_1147_1148_1149_1150_1151_1152_1153_1154_1155_1156_1157_1158_1159_1160_1161_1162_1163_1164_1165_1166_1167_1168_1169_1170_1171_1172_1173_1174_1175_1176_1177_1178_1179_1180_1181_1182_1183_1184_1185_1186_1187_1188_1189_1190_1191_1192_1193_1194_1195_1196_1197_1198_1199_1200_1201_1202_1203_1204_1205_1206_1207_1208_1209_1210_1211_1212_1213_1214_1215_1216_1217_1218_1219_1220_1221_1222_1223_1224_1225_1226_1227_1228_1229_1230_1231_1232_1233_1234_1235_1236_1237_1238_1239_1240_1241_1242_1243_1244_1245_1246_1247_1248_1249_1250_1251_1252_1253_1254_1255_1256_1257_1258_1259_1260_1261_1262_1263_1264_1265_1266_1267_1268_1269_1270_1271_1272_1273_1274_1275_1276_1277_1278_1279_1280_1281_1282_1283_1284_1285_1286_1287_1288_1289_1290_1291_1292_1293_1294_1295_1296_1297_1298_1299_1300_1301_1302_1303_1304_1305_1306_1307_1308_1309_1310_1311_1312_1313_1314_1315_1316_1317_1318_1319_1320_1321_1322_1323_1324_1325_1326_1327_1328_1329_1330_1331_1332_1333_1334_1335_1336_1337_1338_1339_1340_1341_1342_1343_1344_1345_1346_1347_1348_1349_1350_1351_1352_1353_1354_1355_1356_1357_1358_1359_1360_1361_1362_1363_1364_1365_1366_1367_1368_1369_1370_1371_1372_1373_1374_1375_1376_1377_1378_1379_1380_1381_1382_1383_1384_1385_1386_1387_1388_1389_1390_1391_1392_1393_1394_1395_1396_1397_1398_1399_1400_1401_1402_1403_1404_1405_1406_1407_1408_1409_1410_1411_1412_1413_1414_1415_1416_1417_1418_1419_1420_1421_1422_1423_1424_1425_1426_1427_1428_1429_1430_1431_1432_1433_1434_1435_1436_1437_1438_1439_1440_1441_1442_1443_1444_1445_1446_1447_1448_1449_1450_1451_1452_1453_1454_1455_1456_1457_1458_1459_1460_1461_1462_1463_1464_1465_1466_1467_1468_1469_1470_1471_1472_1473_1474_1475_1476_1477_1478_1479_1480_1481_1482_1483_1484_1485_1486_1487_1488_1489_1490_1491_1492_1493_1494_1495_1496_1497_1498_1499_1500_1501_1502_1503_1504_1505_1506_1507_1508_1509_1510_1511_1512_1513_1514_1515_1516_1517_1518_1519_1520_1521_1522_1523_1524_1525_1526_1527_1528_1529_1530_1531_1532_1533_1534_1535_1536_1537_1538_1539_1540_1541_1542_1543_1544_1545_1546_1547_1548_1549_1550_1551_1552_1553_1554_1555_1556_1557_1558_1559_1560_1561_1562_1563_1564_1565_1566_1567_1568_1569_1570_1571_1572_1573_1574_1575_1576_1577_1578_1579_1580_1581_1582_1583_1584_1585_1586_1587_1588_1589_1590_1591_1592_1593_1594_1595_1596_1597_1598_1599_1600_1601_1602_1603_1604_1605_1606_1607_1608_1609_1610_1611_1612_1613_1614_1615_1616_1617_1618_1619_1620_1621_1622_1623_1624_1625_1626_1627_1628_1629_1630_1631_1632_1633_1634_1635_1636_1637_1638_1639_1640_1641_1642_1643_1644_1645_1646_1647_1648_1649_1650_1651_1652_1653_1654_1655_1656_1657_1658_1659_1660_1661_1662_1663_1664_1665_1666_1667_1668_1669_1670_1671_1672_1673_1674_1675_1676_1677_1678_1679_1680_1681_1682_1683_1684_1685_1686_1687_1688_1689_1690_1691_1692_1693_1694_1695_1696_1697_1698_1699_1700_1701_1702_1703_1704_1705_1706_1707_1708_1709_1710_1711_1712_1713_1714_1715_1716_1717_1718_1719_1720_1721_1722_1723_1724_1725_1726_1727_1728_1729_1730_1731_1732_1733_1734_1735_1736_1737_1738_1739_1740_1741_1742_1743_1744_1745_1746_1747_1748_1749_1750_1751_1752_1753_1754_1755_1756_1757_1758_1759_1760_1761_1762_1763_1764_1765_1766_1767_1768_1769_1770_1771_1772_1773_1774_1775_,8:{16;17;18;83;19;}12:{683;73;72;684;71;685;86;70;1711;1709;93;87;92;88;20;21;90;89;22;1708;679;}18:{82;81;79;1712;1707;1706;681;62;1705;61;1704;63;38;1703;1702;}19:{1713;1701;60;59;}24:{39;}30:{46;48;49;}52:{41;42;43;45;44;678;}57:{40;}59:{57;648;34;33;32;31;30;29;}63:{51;50;}85:{37;35;54;53;52;}90:{663;}98:{97;192;96;193;95;194;94;195;68;75;67;76;66;77;65;85;78;64;84;}105:{666;}106:{108;109;110;667;111;672;56;55;}112:{670;}126:{196;197;198;199;200;}131:{132;}133:{131;}138:{143;209;145;605;134;144;606;135;607;}145:{133;}146:{584;149;585;150;586;}148:{600;}152:{604;153;155;596;575;156;439;441;587;382;}155:{431;430;429;}167:{573;574;}168:{167;166;165;}173:{172;171;201;170;168;266;}176:{6;5;4;}179:{1775;}184:{187;8;1737;1774;9;1736;10;74;1735;1740;11;12;1741;1734;1742;13;15;}186:{100;}189:{188;7;}198:{654;}204:{579;578;}210:{656;611;190;}212:{98;}215:{182;183;185;124;126;186;189;123;122;99;1738;}216:{220;218;221;219;222;175;173;176;338;223;174;177;339;178;215;226;340;203;179;181;227;343;204;205;140;139;847;206;138;141;207;137;142;208;851;}217:{751;}228:{265;267;230;255;}230:{231;232;233;245;}262:{263;257;264;229;256;228;268;331;332;333;}272:{278;850;271;849;848;270;260;259;261;262;}273:{272;279;}278:{293;}279:{281;282;277;276;288;275;289;294;290;292;216;217;}289:{283;284;285;}292:{342;334;337;341;214;852;344;212;345;211;184;1739;210;}300:{299;301;}301:{303;304;305;}304:{1178;1179;1176;1180;}309:{310;}310:{309;311;308;312;314;274;315;273;316;}315:{317;318;319;320;321;1195;1460;1461;}318:{300;}321:{1191;1462;1463;1464;1459;1458;}332:{735;}339:{750;749;748;346;351;348;747;593;594;}345:{352;350;353;372;381;}350:{568;359;378;371;373;}351:{360;361;}352:{349;}361:{362;368;370;363;364;}363:{366;}364:{377;}370:{367;365;408;407;406;}372:{384;354;357;356;355;846;741;}373:{374;375;376;}381:{385;440;}385:{386;387;}405:{404;559;556;555;554;534;}406:{560;405;}409:{398;}414:{412;411;417;418;419;}416:{445;448;}418:{420;421;422;}421:{505;519;518;517;}422:{504;503;501;530;}423:{392;390;389;}430:{443;428;566;444;394;433;427;434;426;436;425;409;423;437;438;414;415;416;}442:{393;395;396;410;397;403;}444:{388;}501:{500;494;499;493;492;490;506;507;459;460;}517:{516;515;}533:{528;529;}575:{432;442;}579:{599;}584:{583;597;}589:{164;576;577;582;581;595;570;}593:{163;162;161;588;160;589;159;864;590;865;157;857;867;154;869;868;151;813;152;802;}594:{379;567;383;592;571;572;}600:{601;}606:{649;}607:{612;}608:{639;620;638;621;637;622;623;101;625;671;626;632;627;}611:{117;106;642;641;618;640;619;}612:{107;}627:{636;634;644;645;647;}642:{631;628;630;643;629;633;}649:{650;603;}654:{653;652;651;}655:{127;128;129;130;146;148;}656:{655;121;120;610;119;658;609;118;659;115;660;116;661;112;103;104;608;614;105;616;615;617;}663:{662;664;}672:{675;674;673;}678:{676;677;}679:{1689;}681:{1690;1691;}735:{724;742;743;835;}741:{870;752;}743:{824;744;745;871;872;873;874;875;}810:{826;807;808;}812:{1499;1488;}818:{1543;931;930;932;929;934;821;822;812;1035;924;923;}875:{531;532;533;561;562;563;564;}900:{889;1310;877;866;779;668;557;}926:{925;927;}931:{928;935;936;937;}933:{922;900;911;1011;1022;1033;1044;}937:{1477;1466;823;825;}945:{943;946;942;948;949;941;947;940;962;1026;961;1027;951;960;1028;952;810;1029;963;981;}946:{1030;1031;953;}948:{938;811;}953:{989;991;990;992;1144;993;988;1155;977;1166;966;955;944;}954:{1000;}959:{957;956;954;}960:{959;964;980;970;971;939;}962:{995;}969:{1111;1099;1088;1077;}972:{973;983;984;985;986;987;}978:{975;974;}980:{982;}981:{965;967;972;968;978;969;1133;}997:{996;}998:{950;945;}1006:{1005;}1007:{1017;}1013:{1019;}1014:{1018;}1018:{1020;1021;1023;1024;1025;}1026:{994;976;}1027:{979;}1028:{958;}1032:{926;820;819;1038;818;921;1039;817;1040;816;1666;815;1677;814;1688;772;1699;773;}1044:{1055;}1047:{1588;1599;}1053:{1051;1050;1049;1048;1047;1034;1032;}1054:{706;}1055:{1066;446;335;224;113;2;1665;}1057:{1056;}1087:{1120;1089;1090;1091;}1091:{1092;1093;}1093:{1094;1117;}1117:{809;1116;1118;1119;}1120:{1121;1139;1054;1138;1053;1052;}1144:{1122;}1165:{1167;1168;}1178:{1175;}1180:{1181;}1181:{1182;}1182:{1183;}1183:{1061;1060;1059;1058;1057;1087;}1185:{1165;1164;1163;1130;}1187:{1185;}1188:{1199;1210;}1191:{1190;1189;1187;1186;1174;}1221:{1110;1554;1;0;888;999;1540;1539;}1344:{1188;1177;1010;933;1355;1009;1366;1008;1007;1006;}1388:{1377;1344;}1399:{827;1388;828;1014;1013;1012;1002;1001;998;997;}1458:{1465;}1461:{1473;1474;1471;}1465:{1467;}1469:{1562;1561;1560;}1471:{1472;1563;}1472:{1475;1399;}1474:{1494;1495;}1494:{1470;}1495:{1496;1497;1469;1498;1500;1468;}1498:{1501;1502;1503;1528;}1502:{1504;1527;1526;1531;1530;}1503:{1505;}1516:{1515;1542;1440;1439;1533;1534;}1517:{1541;}1518:{1516;}1519:{1517;}1524:{1520;1519;}1525:{1518;}1528:{1551;}1530:{1525;1529;1524;}1532:{795;}1534:{1221;1332;1443;}1543:{1521;1510;}1555:{1106;}1588:{1577;1566;1610;1555;1621;1532;}1702:{1695;1694;1664;1667;1668;}1706:{1625;}1708:{682;23;24;26;1714;27;28;},1_29_30_39_51_52_53_54_392_397_398_403_404_405_432_433_434_562_563_566_608_615_616_617_642_645_810_811_935_936_937_1002_1021_1023_1199_1210_1344_1533_1534_1664_1667_,310-309*0_310-311*0_310-308*0_310-312*0_310-314*0_310-274*0_310-315*0_310-273*0_310-316*0_309-310*1_315-317*1_315-318*1_315-319*1_315-320*1_315-321*1_315-1195*1_315-1460*1_315-1461*1_321-1191*2_321-1462*2_321-1463*2_321-1464*2_321-1459*2_321-1458*2_1461-1473*2_1461-1474*2_1461-1471*2_1474-1494*3_1471-1472*3_1474-1495*3_1471-1563*3_1458-1465*3_318-300*2_273-272*2_273-279*2_300-299*3_300-301*3_1494-1470*4_1495-1496*5_1495-1497*5_1495-1469*5_1495-1498*5_1495-1500*5_1495-1468*5_1498-1501*6_1498-1502*6_1498-1503*6_1498-1528*6_301-303*4_301-304*4_301-305*4_1502-1504*7_1502-1527*7_1502-1526*7_1502-1531*7_1502-1530*7_1465-1467*4_1191-1190*3_1191-1189*3_1191-1187*3_1191-1186*3_1191-1174*3_272-278*3_272-850*3_272-271*3_272-849*3_272-848*3_272-270*3_272-260*3_272-259*3_272-261*3_272-262*3_1530-1525*8_1530-1529*8_1530-1524*8_1503-1505*8_1525-1518*9_262-263*4_262-257*4_262-264*4_262-229*4_262-256*4_262-228*4_262-268*4_262-331*4_262-332*4_262-333*4_279-281*3_279-282*3_279-277*3_279-276*3_279-288*3_279-275*3_279-289*3_279-294*3_279-290*3_279-292*3_279-216*3_279-217*3_304-1178*5_304-1179*5_304-1176*5_304-1180*5_332-735*5_1472-1475*4_1472-1399*4_1399-827*5_1399-1388*5_1399-828*5_1399-1014*5_1399-1013*5_1399-1012*5_1399-1002*5_1399-1001*5_1399-998*5_1399-997*5_216-220*4_216-218*4_216-221*4_216-219*4_216-222*4_216-175*4_216-173*4_216-176*4_216-338*4_216-223*4_216-174*4_216-177*4_216-339*4_216-178*4_216-215*4_216-226*4_216-340*4_216-203*4_216-179*4_216-181*4_216-227*4_216-343*4_216-204*4_216-205*4_216-140*4_216-139*4_216-847*4_216-206*4_216-138*4_216-141*4_216-207*4_216-137*4_216-142*4_216-208*4_216-851*4_138-143*5_138-209*5_138-145*5_138-605*5_138-134*5_138-144*5_138-606*5_138-135*5_138-607*5_145-133*7_998-950*6_998-945*6_292-342*4_292-334*4_292-337*4_292-341*4_292-214*4_292-852*4_292-344*4_292-212*4_292-345*4_292-211*4_292-184*4_292-1739*4_292-210*4_1178-1175*6_607-612*6_606-649*6_217-751*5_339-750*5_339-749*5_339-748*5_339-346*5_339-351*5_339-348*5_339-747*5_339-593*5_339-594*5_997-996*6_215-182*5_215-183*5_215-185*5_215-124*5_215-126*5_215-186*5_215-189*5_215-123*5_215-122*5_215-99*5_215-1738*5_289-283*4_289-284*4_289-285*4_945-943*7_945-946*7_945-942*7_945-948*7_945-949*7_945-941*7_945-947*7_945-940*7_945-962*7_945-1026*7_945-961*7_945-1027*7_945-951*7_945-960*7_945-1028*7_945-952*7_945-810*7_945-1029*7_945-963*7_945-981*7_228-265*5_228-267*5_228-230*5_228-255*5_1026-994*8_1026-976*8_173-172*6_173-171*6_173-201*6_173-170*6_173-168*6_173-266*6_210-656*5_210-611*5_210-190*5_1027-979*9_176-6*6_176-5*6_176-4*6_960-959*8_960-964*8_960-980*8_960-970*8_960-971*8_960-939*8_1013-1019*6_345-352*5_345-350*5_345-353*5_345-372*5_345-381*5_184-187*5_184-8*5_184-1737*5_184-1774*5_184-9*5_184-1736*5_184-10*5_184-74*5_184-1735*5_184-1740*5_184-11*5_184-12*5_184-1741*5_184-1734*5_184-1742*5_184-13*5_184-15*5_179-1775*6_981-965*8_981-967*8_981-972*8_981-968*8_981-978*8_981-969*8_981-1133*8_351-360*6_351-361*6_212-98*6_946-1030*8_946-1031*8_946-953*8_594-379*6_594-567*6_594-383*6_594-592*6_594-571*6_594-572*6_8-16*6_8-17*6_8-18*6_8-83*6_8-19*6_978-975*9_978-974*9_350-568*6_350-359*6_350-378*6_350-371*6_593-163*6_350-373*6_593-162*6_593-161*6_593-588*6_593-160*6_593-589*6_593-159*6_593-864*6_593-590*6_593-865*6_593-157*6_593-857*6_593-867*6_593-154*6_593-869*6_593-868*6_593-151*6_593-813*6_593-152*6_593-802*6_12-683*6_12-73*6_12-72*6_12-684*6_12-71*6_12-685*6_12-86*6_12-70*6_12-1711*6_12-1709*6_12-93*6_12-87*6_12-92*6_12-88*6_12-20*6_12-21*6_12-90*6_12-89*6_12-22*6_12-1708*6_12-679*6_168-167*7_168-166*7_168-165*7_656-655*6_656-121*6_656-120*6_656-610*6_656-119*6_656-658*6_656-609*6_656-118*6_656-659*6_656-115*6_656-660*6_656-116*6_656-661*6_656-112*6_656-103*6_656-104*6_656-608*6_656-614*6_656-105*6_656-616*6_656-615*6_656-617*6_611-117*7_611-106*7_611-642*7_611-641*7_611-618*7_611-640*7_611-619*7_352-349*6_152-604*7_152-153*7_152-155*7_152-596*7_152-575*7_152-156*7_152-439*7_152-441*7_152-587*7_152-382*7_1187-1185*4_98-97*7_98-192*7_98-96*7_98-193*7_98-95*7_98-194*7_98-94*7_98-195*7_98-68*7_98-75*7_98-67*7_98-76*7_98-66*7_98-77*7_98-65*7_98-85*7_98-78*7_98-64*7_98-84*7_608-639*8_608-620*8_608-638*8_608-621*8_608-637*8_608-622*8_608-623*8_608-101*8_608-625*8_608-671*8_608-626*8_608-632*8_608-627*8_18-82*7_18-81*7_18-79*7_18-1712*7_18-1707*7_18-1706*7_18-681*7_18-62*7_18-1705*7_18-61*7_18-1704*7_18-63*7_18-38*7_18-1703*7_18-1702*7_612-107*7_642-631*8_642-628*8_642-630*8_642-643*8_642-629*8_642-633*8_189-188*6_189-7*6_372-384*7_372-354*7_372-357*7_372-356*7_372-355*7_372-846*7_372-741*7_19-1713*7_19-1701*7_19-60*7_19-59*7_1524-1520*10_1524-1519*10_85-37*8_85-35*8_85-54*8_85-53*8_85-52*8_655-127*7_655-128*7_655-129*7_655-130*7_655-146*7_655-148*7_1708-682*7_1708-23*7_1708-24*7_1708-26*7_1708-1714*7_1708-27*7_1708-28*7_1185-1165*5_1185-1164*5_1185-1163*5_1185-1130*5_1028-958*8_627-636*9_627-634*9_627-644*9_627-645*9_627-647*9_1702-1695*8_1702-1694*8_59-57*8_59-648*8_1702-1664*8_1702-1667*8_59-34*8_1702-1668*8_59-33*8_59-32*8_59-31*8_59-30*8_59-29*8_972-973*9_972-983*9_972-984*9_972-985*9_972-986*9_972-987*9_126-196*7_126-197*7_126-198*7_126-199*7_126-200*7_649-650*7_649-603*7_90-663*8_146-584*8_146-149*8_146-585*8_146-150*8_146-586*8_24-39*8_381-385*7_381-440*7_133-131*8_679-1689*8_735-724*6_735-742*6_735-743*6_735-835*6_186-100*7_106-108*8_106-109*8_106-110*8_106-667*8_106-111*8_106-672*8_106-56*8_106-55*8_361-362*7_361-368*7_361-370*7_361-363*7_361-364*7_959-957*9_959-956*9_959-954*9_589-164*7_589-576*7_589-577*7_589-582*7_589-581*7_589-595*7_589-570*7_1165-1167*6_1165-1168*6_112-670*9_1519-1517*11_155-431*8_155-430*8_155-429*8_167-573*8_167-574*8_681-1690*8_681-1691*8_953-989*9_953-991*9_953-990*9_953-992*9_953-1144*9_953-993*9_980-982*9_953-988*9_953-1155*9_953-977*9_953-1166*9_953-966*9_953-955*9_953-944*9_575-432*8_575-442*8_962-995*9_204-579*5_204-578*5_63-51*8_63-50*8_663-662*9_663-664*9_1014-1018*6_57-40*9_52-41*10_52-42*10_52-43*10_52-45*10_52-44*10_52-678*10_430-443*11_430-428*11_430-566*11_430-444*11_430-394*11_430-433*11_430-427*11_430-434*11_430-426*11_430-436*11_430-425*11_430-409*11_430-423*11_430-437*11_430-438*11_430-414*11_430-415*11_430-416*11_30-46*9_30-48*9_30-49*9_678-676*11_678-677*11_442-393*11_442-395*11_442-396*11_442-410*11_442-397*11_442-403*11_1518-1516*10_1180-1181*6_230-231*6_230-232*6_230-233*6_230-245*6_385-386*9_385-387*9_148-600*8_1181-1182*7_278-293*4_584-583*9_584-597*9_1706-1625*8_579-599*6_414-412*12_414-411*12_414-417*12_414-418*12_414-419*12_1469-1562*7_1469-1561*7_1469-1560*7_423-392*12_423-390*12_423-389*12_672-675*10_672-674*10_672-673*10_1018-1020*7_1018-1021*7_1018-1023*7_1018-1024*7_1018-1025*7_1182-1183*8_373-374*7_373-375*7_373-376*7_416-445*12_416-448*12_363-366*10_418-420*13_418-421*13_418-422*13_370-367*8_370-365*8_370-408*8_370-407*8_370-406*8_421-505*14_421-519*14_421-518*14_421-517*14_422-504*14_422-503*14_422-501*14_422-530*14_1528-1551*9_954-1000*10_364-377*10_600-601*9_741-870*8_741-752*8_743-824*7_743-744*7_743-745*7_743-871*7_743-872*7_743-873*7_743-874*7_743-875*7_948-938*8_948-811*8_517-516*15_517-515*15_875-531*8_875-532*8_875-533*8_875-561*8_875-562*8_875-563*8_875-564*8_1388-1377*6_1388-1344*6_198-654*10_533-528*10_533-529*10_1144-1122*10_444-388*12_1517-1541*12_969-1111*11_969-1099*11_969-1088*11_969-1077*11_1516-1515*11_1516-1542*11_1516-1440*11_1516-1439*11_1516-1533*11_1516-1534*11_1344-1188*7_1344-1177*7_1344-1010*7_1344-933*7_1344-1355*7_1344-1009*7_1344-1366*7_1344-1008*7_1344-1007*7_1344-1006*7_406-560*9_406-405*9_1534-1221*12_1534-1332*12_1534-1443*12_1221-1110*13_1221-1554*13_1221-1*13_1221-0*13_1221-888*13_1221-999*13_1221-1540*13_1221-1539*13_654-653*11_654-652*11_654-651*11_1006-1005*9_933-922*8_933-900*8_933-911*8_933-1011*8_933-1022*8_933-1033*8_933-1044*8_131-132*9_1183-1061*9_1183-1060*9_1183-1059*9_1183-1058*9_1183-1057*9_1183-1087*9_1007-1017*9_1087-1120*10_1087-1089*10_1087-1090*10_1087-1091*10_1044-1055*9_1188-1199*8_1188-1210*8_1091-1092*11_1091-1093*11_105-666*13_405-404*10_405-559*10_405-556*10_405-555*10_405-554*10_405-534*10_1055-1066*10_1055-446*10_1055-335*10_1055-224*10_1055-113*10_1055-2*10_1055-1665*10_1057-1056*11_900-889*9_900-1310*9_900-877*9_900-866*9_900-779*9_900-668*9_900-557*9_1120-1121*12_1120-1139*12_1120-1054*12_1120-1138*12_1120-1053*12_1120-1052*12_1053-1051*13_1053-1050*13_1053-1049*13_1053-1048*13_1053-1047*13_1053-1034*13_1053-1032*13_1032-926*14_1032-820*14_1032-819*14_1032-1038*14_1032-818*14_1032-921*14_1032-1039*14_1032-817*14_1032-1040*14_1032-816*14_1032-1666*14_1032-815*14_1032-1677*14_1032-814*14_1032-1688*14_1032-772*14_1032-1699*14_1032-773*14_409-398*13_818-1543*15_818-931*15_818-930*15_818-932*15_818-929*15_818-934*15_818-821*15_818-822*15_818-812*15_818-1035*15_818-924*15_818-923*15_1054-706*13_1093-1094*12_1093-1117*12_931-928*16_931-935*16_931-936*16_931-937*16_812-1499*16_812-1488*16_1047-1588*16_1047-1599*16_937-1477*17_937-1466*17_937-823*17_937-825*17_1588-1577*17_1588-1566*17_1588-1610*17_1588-1555*17_1588-1621*17_1588-1532*17_926-925*15_926-927*15_1117-809*13_1117-1116*13_1117-1118*13_1117-1119*13_810-826*17_810-807*17_810-808*17_1543-1521*18_1543-1510*18_1532-795*18_501-500*16_501-494*16_501-499*16_501-493*16_501-492*16_501-490*16_501-506*16_501-507*16_501-459*16_501-460*16_1555-1106*19_
