"id","Scenario","Actual Range","Protocol","Buildings","Total nodes","Nodes on circ","Total coverage","Coverage on circ","Alert received mean time","Hops","Slots","Messages sent","Messages received", "Starting x", "Starting y","Starting node", "Vehicle distance", "Received node ids", "Node ids", "Transmission map", "Received on circ nodes", "Transmission vector"
0,1,100,500,1,2496,65,2103,52,364613,18.6538,360.596,468,2103,500,1825,261,25,260_262_259_263_258_264_2128_2127_2129_2126_2130_257_265_2125_266_2124_261_267_2123_2131_2132_2133_2134_2135_360_2136_359_361_358_362_2137_357_356_2138_355_2139_354_2140_2141_2142_2143_256_2032_2031_2033_2030_2034_255_2029_2035_254_353_352_2040_2039_2041_2038_2042_351_2122_2121_168_2120_350_2037_2043_349_456_2144_455_457_454_458_2145_453_459_2146_452_451_450_449_2044_2045_2046_2047_253_252_2028_2036_268_269_270_271_448_2048_447_446_2049_445_2050_2027_2026_2025_160_2024_167_169_2119_166_170_2118_165_171_2117_2051_444_2052_164_172_163_173_162_174_161_175_176_2216_2215_2217_2214_2218_177_2023_2022_159_2021_158_2219_2220_178_2221_179_2222_272_2224_2223_2225_2226_273_2053_2054_2055_180_181_182_183_460_461_462_463_251_250_249_348_347_346_184_2312_2311_2313_2310_2314_185_2309_2315_186_2020_2019_2018_2017_2308_2307_187_2306_544_2056_543_545_542_546_2057_2305_88_2304_87_89_86_90_85_91_274_275_2227_276_2228_345_344_1944_1943_1945_1942_1946_343_2058_541_547_2059_540_548_2060_64_2016_63_65_62_66_342_341_340_1941_1947_339_61_67_60_68_248_1936_1935_1937_1934_1938_247_539_538_537_536_1960_1933_1939_246_245_244_243_464_2240_2239_2241_465_2238_2242_466_2237_2243_467_92_93_94_95_242_241_2229_2230_2231_368_2232_468_2236_2244_2400_2401_2402_2403_2061_2062_2063_640_2064_367_369_366_370_2233_365_371_2234_443_442_441_440_1952_277_278_338_337_336_1848_372_2235_373_469_470_471_472_2336_1959_1961_1958_1962_535_374_375_376_2328_2327_2329_2326_2330_377_534_533_532_1957_1963_531_473_2335_2337_474_2334_2338_475_2333_2339_476_2332_2340_188_189_190_191_2325_2324_378_2323_379_2322_438_437_1949_1955_436_1948_1956_2341_279_280_2320_2319_2321_2318_281_2317_282_477_478_479_2432_380_381_2331_382_2342_2343_568_2344_567_569_566_570_2345_283_284_285_335_1847_1849_1951_1953_334_1846_1850_1950_1954_439_333_1845_1851_332_1844_1852_639_641_2065_638_642_2066_637_643_2067_435_434_433_432_1856_383_2424_2423_2425_2422_2426_2068_2069_2070_2071_736_2072_735_737_2073_734_738_2074_733_739_2075_565_2346_564_2347_563_571_2316_732_731_1855_1857_1854_1858_431_644_645_646_647_1853_2408_59_58_57_331_330_56_1920_1921_55_1922_54_1923_53_286_287_2431_2433_2430_2434_530_529_528_1864_1859_430_1860_429_1861_2421_2427_2420_2428_240_1840_1839_1841_1838_1842_239_1837_1843_238_1836_1835_1834_1833_730_729_728_1976_2429_2404_2405_1964_1965_1966_1967_632_1968_631_633_630_634_1969_629_635_1970_144_1832_2435_2245_2246_2247_560_2248_628_627_626_625_624_1872_428_427_426_727_1975_1977_726_1974_1978_725_1973_1979_724_1972_1980_559_561_2249_558_562_2250_557_2251_556_2252_636_52_51_50_49_1863_1865_527_1862_1866_526_1867_525_572_573_574_575_623_1871_1873_622_1870_1874_621_1869_1875_620_1868_1876_2253_2254_2255_2416_2415_2417_2414_2418_2413_2419_2440_2412_2411_2410_2409_1877_1878_1879_720_1880_329_328_1752_1751_1753_1750_1754_327_1749_1755_326_719_721_718_722_1881_717_723_1882_656_2256_655_657_654_658_2257_1971_425_424_1760_1759_1761_1758_1762_423_1757_1763_422_1748_325_1747_2348_2349_2350_2351_619_618_617_616_1776_1756_421_2439_2441_2438_2442_2437_2443_2436_2444_2407_2406_1775_1777_1774_1778_615_1773_1779_614_2445_420_419_418_417_1780_1781_1782_1783_324_323_322_321_2258_653_659_2259_652_660_2260_712_1784_711_713_710_714_1785_664_2352_524_416_1664_1663_1665_1662_1666_415_1661_1667_414_1883_1884_1885_1886_413_412_1660_1668_661_662_663_143_145_1831_142_146_1830_141_147_1829_140_148_1828_2261_2262_2263_752_2264_2446_2447_2448_671_670_2449_709_1786_708_1787_707_715_665_2353_666_2354_667_2355_668_2356_1887_669_320_1656_1655_1657_1654_1658_319_1981_1982_1983_824_1984_48_1824_1825_47_1826_46_1827_45_751_753_2265_750_754_2266_749_755_2267_748_756_2268_318_317_316_1653_1659_315_757_758_759_760_2360_2450_2451_2452_2453_2454_2455_523_522_521_520_1768_2359_2361_2358_2362_761_823_825_822_826_1985_816_1888_815_817_1889_814_818_1890_813_819_1891_812_811_44_411_410_409_408_1568_407_1567_1569_406_1566_1570_405_1565_1571_404_1564_1572_1573_1574_1575_314_313_312_1560_1559_1561_1558_1562_311_139_138_137_706_705_504_1576_503_505_1577_502_506_1578_501_507_1579_1563_310_309_1580_1581_1582_827_828_1986_829_1987_830_2269_2270_2271_2357_1669_1670_1671_512_1672_2363_2364_762_2365_763_2366_1583_600_1584_599_601_598_602_1585_597_603_1586_403_402_401_400_1472_511_513_1673_510_514_1674_509_515_1675_508_516_1676_1587_519_1767_1769_518_1766_1770_517_1765_1771_1764_1772_810_809_808_1792_1791_1793_1790_1794_807_1788_1789_1988_1989_1990_1991_1795_806_1796_805_1797_136_1736_1735_1737_1734_1738_135_920_1992_399_1471_1473_398_1470_1474_397_1469_1475_396_1468_1476_1733_1732_134_1731_133_1730_2367_856_2368_855_857_854_858_2369_1477_395_1478_394_393_1729_40_1728_39_41_38_42_2370_853_859_2371_852_860_2372_2456_767_766_2457_765_2458_132_131_130_129_704_1688_1687_1689_1686_1690_703_1685_1691_702_804_803_802_801_43_1479_496_1480_495_497_494_498_1481_764_2459_37_36_35_800_1696_34_33_308_307_306_305_701_700_699_698_848_2272_847_849_846_850_2273_845_851_2274_1482_493_499_1483_492_500_1484_32_1632_1633_31_1634_30_1635_29_2373_2374_2375_919_921_1993_918_922_1994_917_923_1995_916_924_1996_915_914_913_491_490_489_1636_1637_1997_1998_1999_488_1384_1383_1385_1382_1386_487_1381_1387_486_952_2376_951_953_950_954_2377_949_955_2378_1016_2000_1015_1017_1014_1018_2001_1380_1379_485_1378_1013_2002_1012_2003_1011_1019_392_1376_1375_1377_1374_391_1373_390_2275_844_2276_1677_1678_1679_608_1680_1798_1799_1588_1589_1590_1591_128_1640_1639_1641_1638_1642_127_799_1695_1697_798_1694_1698_797_1693_1699_796_1692_1700_861_862_863_2464_304_1464_1463_1465_303_1462_1466_302_1461_1467_301_1388_1389_1390_1391_2463_2465_2462_2466_2461_2467_2460_2468_697_696_1592_1593_1594_695_1595_694_126_125_1643_124_1644_389_388_1372_1460_1459_1458_2469_2470_2471_2472_956_957_2379_958_2277_2278_2279_1010_1009_1008_1904_1903_1905_1902_1906_1007_1701_1702_1596_1597_1598_1599_959_2473_2474_2475_123_122_1703_896_1704_895_897_894_898_1705_584_1392_583_585_582_586_1393_1006_1005_1901_1907_1004_1900_1908_2380_2381_2382_2383_587_1394_588_1395_581_589_1706_1707_1708_893_899_1709_2476_2477_2478_2479_912_1896_1895_1897_1894_1898_911_1710_1711_992_1712_991_993_990_994_1713_989_995_1714_1909_1910_1911_1715_1716_1717_1718_607_609_1681_606_610_1682_605_611_1683_604_612_1684_792_1600_791_793_790_794_1601_1719_1088_1720_1087_1089_1086_1090_1721_1085_1091_1722_1485_1486_1487_592_1488_2480_1055_1054_2481_1053_2482_580_579_578_577_795_1602_1603_1048_2384_1047_1049_1046_1050_2385_121_120_1544_1543_1545_1542_1546_119_1541_1547_118_1604_1605_789_1606_117_116_1540_1548_1607_888_1608_887_889_886_890_1609_944_2280_943_945_942_946_2281_1092_1093_1094_1095_2004_2005_2006_2007_2483_2484_2485_2282_941_947_2283_940_948_2284_910_909_1893_1899_908_1892_115_114_113_112_1448_2285_2286_1610_1611_1612_885_891_1613_1396_1397_1398_1399_111_1447_1449_110_1446_1450_109_1445_1451_108_1444_1452_2486_2487_2488_1151_1150_2489_1104_1912_1103_1105_1913_1102_1106_1914_1101_1107_1915_1045_2386_1044_2387_1043_1051_1112_2008_1111_1113_2009_1110_1114_2010_1109_1115_2011_2388_2389_2390_1116_1117_2391_1144_2392_1143_1145_1142_1146_2393_1916_1917_1918_1919_884_883_882_881_387_386_385_576_1296_2490_2491_2492_1149_2493_484_483_482_481_907_906_905_384_1280_1279_1281_1278_1282_904_1800_903_902_1801_901_1802_2394_1141_1147_2395_1140_1148_2396_2494_2495_1200_693_692_900_1803_1084_1083_1082_1081_1277_1276_1275_1274_1443_1442_1441_880_1512_1511_1513_1510_1514_879_1509_1515_878_1003_1002_1001_1000_1808_788_787_786_785_1247_1246_1245_680_1400_679_681_678_682_1401_591_593_1489_590_594_1490_595_1491_1614_1615_984_1616_691_690_689_1295_1297_1294_1298_1293_1299_1292_1300_2397_2398_1080_1624_1623_1625_1622_1626_1079_1621_1627_1078_1630_1199_1201_1198_1202_1197_1203_1196_1204_877_876_1508_1516_784_1504_1503_1505_1502_1506_783_1501_1507_782_1244_1243_1242_1807_1809_999_1806_1810_998_1805_1811_997_1077_1076_1075_1074_1108_1301_1302_1303_480_1288_781_672_1304_673_674_1305_675_1306_1812_1813_1814_1815_983_985_1617_982_986_1618_981_987_1619_996_1629_1631_1176_1628_1175_1177_1174_1178_1173_1179_1100_1099_1098_1097_780_779_778_777_2399_1240_1239_1241_1238_1237_1096_1816_1817_1818_16_1440_15_17_14_18_1307_1308_1309_980_979_978_1195_1194_688_1496_1495_1497_1494_1498_687_1493_1499_686_1073_1072_1528_1539_1538_1537_24_1536_1180_1181_13_12_11_19_1193_1192_1823_1822_1191_1821_1190_685_684_683_1287_1289_1286_1290_1285_1291_1284_1819_1820_1236_677_676_1402_1403_776_1408_1407_1409_1406_1410_775_2287_1040_2288_1039_1041_1038_1042_2289_1037_2290_107_106_105_104_1352_1500_1517_1518_1519_976_1520_1351_1353_1350_1354_103_1411_1412_774_1413_773_1414_1310_1311_768_1312_769_1313_770_1314_771_1315_1404_23_25_22_26_1355_102_1356_101_1349_1357_1405_772_1316_977_1521_1522_975_2291_1804_1415_872_1416_1189_1188_875_874_873_974_973_1523_972_1524_1525_1526_1527_1071_1529_1070_1530_1069_1531_1068_1067_1066_1417_1418_871_971_970_969_968_1424_1423_1425_1422_1426_967_870_869_868_1419_867_10_9_8_1344_1345_1346_7_1421_966_1420_965_1427_2292_2293_2294_2295_6_5_4_1347_3_1065_1064_1432_1431_1433_1430_1434_1063_1136_2296_1135_1137_1134_1138_2297_1435_1062_1436_1061_1429_1437_100_99_98_866_2_964_963_962_1133_2298_1132_2299_1131_1139_1317_1318_1319_864_1320_21_20_865_1321_1322_1323_1060_1059_1058_1438_1439_1160_1159_1161_1158_1162_1187_1186_1185_1184_97_96_1256_1255_1257_1254_1258_1157_1163_2300_2301_2302_2303_961_960_1328_1327_1329_1326_1330_1057_1056_1336_1335_1337_1334_1338_1333_1339_1259_1260_1261_1262_1232_1231_1233_1230_1234_1331_1332_1_0_1248_1249_1250_1251_1229_1228_1227_1226_1252_1727_1726_1183_1324_1325_1156_1155_1154_1153_1152_1343_1342_1341_1182_1725_1340_,0_1_2_3_4_5_6_7_8_9_10_11_12_13_14_15_16_17_18_19_20_21_22_23_24_25_26_27_28_29_30_31_32_33_34_35_36_37_38_39_40_41_42_43_44_45_46_47_48_49_50_51_52_53_54_55_56_57_58_59_60_61_62_63_64_65_66_67_68_69_70_71_72_73_74_75_76_77_78_79_80_81_82_83_84_85_86_87_88_89_90_91_92_93_94_95_96_97_98_99_100_101_102_103_104_105_106_107_108_109_110_111_112_113_114_115_116_117_118_119_120_121_122_123_124_125_126_127_128_129_130_131_132_133_134_135_136_137_138_139_140_141_142_143_144_145_146_147_148_149_150_151_152_153_154_155_156_157_158_159_160_161_162_163_164_165_166_167_168_169_170_171_172_173_174_175_176_177_178_179_180_181_182_183_184_185_186_187_188_189_190_191_192_193_194_195_196_197_198_199_200_201_202_203_204_205_206_207_208_209_210_211_212_213_214_215_216_217_218_219_220_221_222_223_224_225_226_227_228_229_230_231_232_233_234_235_236_237_238_239_240_241_242_243_244_245_246_247_248_249_250_251_252_253_254_255_256_257_258_259_260_261_262_263_264_265_266_267_268_269_270_271_272_273_274_275_276_277_278_279_280_281_282_283_284_285_286_287_288_289_290_291_292_293_294_295_296_297_298_299_300_301_302_303_304_305_306_307_308_309_310_311_312_313_314_315_316_317_318_319_320_321_322_323_324_325_326_327_328_329_330_331_332_333_334_335_336_337_338_339_340_341_342_343_344_345_346_347_348_349_350_351_352_353_354_355_356_357_358_359_360_361_362_363_364_365_366_367_368_369_370_371_372_373_374_375_376_377_378_379_380_381_382_383_384_385_386_387_388_389_390_391_392_393_394_395_396_397_398_399_400_401_402_403_404_405_406_407_408_409_410_411_412_413_414_415_416_417_418_419_420_421_422_423_424_425_426_427_428_429_430_431_432_433_434_435_436_437_438_439_440_441_442_443_444_445_446_447_448_449_450_451_452_453_454_455_456_457_458_459_460_461_462_463_464_465_466_467_468_469_470_471_472_473_474_475_476_477_478_479_480_481_482_483_484_485_486_487_488_489_490_491_492_493_494_495_496_497_498_499_500_501_502_503_504_505_506_507_508_509_510_511_512_513_514_515_516_517_518_519_520_521_522_523_524_525_526_527_528_529_530_531_532_533_534_535_536_537_538_539_540_541_542_543_544_545_546_547_548_549_550_551_552_553_554_555_556_557_558_559_560_561_562_563_564_565_566_567_568_569_570_571_572_573_574_575_576_577_578_579_580_581_582_583_584_585_586_587_588_589_590_591_592_593_594_595_596_597_598_599_600_601_602_603_604_605_606_607_608_609_610_611_612_613_614_615_616_617_618_619_620_621_622_623_624_625_626_627_628_629_630_631_632_633_634_635_636_637_638_639_640_641_642_643_644_645_646_647_648_649_650_651_652_653_654_655_656_657_658_659_660_661_662_663_664_665_666_667_668_669_670_671_672_673_674_675_676_677_678_679_680_681_682_683_684_685_686_687_688_689_690_691_692_693_694_695_696_697_698_699_700_701_702_703_704_705_706_707_708_709_710_711_712_713_714_715_716_717_718_719_720_721_722_723_724_725_726_727_728_729_730_731_732_733_734_735_736_737_738_739_740_741_742_743_744_745_746_747_748_749_750_751_752_753_754_755_756_757_758_759_760_761_762_763_764_765_766_767_768_769_770_771_772_773_774_775_776_777_778_779_780_781_782_783_784_785_786_787_788_789_790_791_792_793_794_795_796_797_798_799_800_801_802_803_804_805_806_807_808_809_810_811_812_813_814_815_816_817_818_819_820_821_822_823_824_825_826_827_828_829_830_831_832_833_834_835_836_837_838_839_840_841_842_843_844_845_846_847_848_849_850_851_852_853_854_855_856_857_858_859_860_861_862_863_864_865_866_867_868_869_870_871_872_873_874_875_876_877_878_879_880_881_882_883_884_885_886_887_888_889_890_891_892_893_894_895_896_897_898_899_900_901_902_903_904_905_906_907_908_909_910_911_912_913_914_915_916_917_918_919_920_921_922_923_924_925_926_927_928_929_930_931_932_933_934_935_936_937_938_939_940_941_942_943_944_945_946_947_948_949_950_951_952_953_954_955_956_957_958_959_960_961_962_963_964_965_966_967_968_969_970_971_972_973_974_975_976_977_978_979_980_981_982_983_984_985_986_987_988_989_990_991_992_993_994_995_996_997_998_999_1000_1001_1002_1003_1004_1005_1006_1007_1008_1009_1010_1011_1012_1013_1014_1015_1016_1017_1018_1019_1020_1021_1022_1023_1024_1025_1026_1027_1028_1029_1030_1031_1032_1033_1034_1035_1036_1037_1038_1039_1040_1041_1042_1043_1044_1045_1046_1047_1048_1049_1050_1051_1052_1053_1054_1055_1056_1057_1058_1059_1060_1061_1062_1063_1064_1065_1066_1067_1068_1069_1070_1071_1072_1073_1074_1075_1076_1077_1078_1079_1080_1081_1082_1083_1084_1085_1086_1087_1088_1089_1090_1091_1092_1093_1094_1095_1096_1097_1098_1099_1100_1101_1102_1103_1104_1105_1106_1107_1108_1109_1110_1111_1112_1113_1114_1115_1116_1117_1118_1119_1120_1121_1122_1123_1124_1125_1126_1127_1128_1129_1130_1131_1132_1133_1134_1135_1136_1137_1138_1139_1140_1141_1142_1143_1144_1145_1146_1147_1148_1149_1150_1151_1152_1153_1154_1155_1156_1157_1158_1159_1160_1161_1162_1163_1164_1165_1166_1167_1168_1169_1170_1171_1172_1173_1174_1175_1176_1177_1178_1179_1180_1181_1182_1183_1184_1185_1186_1187_1188_1189_1190_1191_1192_1193_1194_1195_1196_1197_1198_1199_1200_1201_1202_1203_1204_1205_1206_1207_1208_1209_1210_1211_1212_1213_1214_1215_1216_1217_1218_1219_1220_1221_1222_1223_1224_1225_1226_1227_1228_1229_1230_1231_1232_1233_1234_1235_1236_1237_1238_1239_1240_1241_1242_1243_1244_1245_1246_1247_1248_1249_1250_1251_1252_1253_1254_1255_1256_1257_1258_1259_1260_1261_1262_1263_1264_1265_1266_1267_1268_1269_1270_1271_1272_1273_1274_1275_1276_1277_1278_1279_1280_1281_1282_1283_1284_1285_1286_1287_1288_1289_1290_1291_1292_1293_1294_1295_1296_1297_1298_1299_1300_1301_1302_1303_1304_1305_1306_1307_1308_1309_1310_1311_1312_1313_1314_1315_1316_1317_1318_1319_1320_1321_1322_1323_1324_1325_1326_1327_1328_1329_1330_1331_1332_1333_1334_1335_1336_1337_1338_1339_1340_1341_1342_1343_1344_1345_1346_1347_1348_1349_1350_1351_1352_1353_1354_1355_1356_1357_1358_1359_1360_1361_1362_1363_1364_1365_1366_1367_1368_1369_1370_1371_1372_1373_1374_1375_1376_1377_1378_1379_1380_1381_1382_1383_1384_1385_1386_1387_1388_1389_1390_1391_1392_1393_1394_1395_1396_1397_1398_1399_1400_1401_1402_1403_1404_1405_1406_1407_1408_1409_1410_1411_1412_1413_1414_1415_1416_1417_1418_1419_1420_1421_1422_1423_1424_1425_1426_1427_1428_1429_1430_1431_1432_1433_1434_1435_1436_1437_1438_1439_1440_1441_1442_1443_1444_1445_1446_1447_1448_1449_1450_1451_1452_1453_1454_1455_1456_1457_1458_1459_1460_1461_1462_1463_1464_1465_1466_1467_1468_1469_1470_1471_1472_1473_1474_1475_1476_1477_1478_1479_1480_1481_1482_1483_1484_1485_1486_1487_1488_1489_1490_1491_1492_1493_1494_1495_1496_1497_1498_1499_1500_1501_1502_1503_1504_1505_1506_1507_1508_1509_1510_1511_1512_1513_1514_1515_1516_1517_1518_1519_1520_1521_1522_1523_1524_1525_1526_1527_1528_1529_1530_1531_1532_1533_1534_1535_1536_1537_1538_1539_1540_1541_1542_1543_1544_1545_1546_1547_1548_1549_1550_1551_1552_1553_1554_1555_1556_1557_1558_1559_1560_1561_1562_1563_1564_1565_1566_1567_1568_1569_1570_1571_1572_1573_1574_1575_1576_1577_1578_1579_1580_1581_1582_1583_1584_1585_1586_1587_1588_1589_1590_1591_1592_1593_1594_1595_1596_1597_1598_1599_1600_1601_1602_1603_1604_1605_1606_1607_1608_1609_1610_1611_1612_1613_1614_1615_1616_1617_1618_1619_1620_1621_1622_1623_1624_1625_1626_1627_1628_1629_1630_1631_1632_1633_1634_1635_1636_1637_1638_1639_1640_1641_1642_1643_1644_1645_1646_1647_1648_1649_1650_1651_1652_1653_1654_1655_1656_1657_1658_1659_1660_1661_1662_1663_1664_1665_1666_1667_1668_1669_1670_1671_1672_1673_1674_1675_1676_1677_1678_1679_1680_1681_1682_1683_1684_1685_1686_1687_1688_1689_1690_1691_1692_1693_1694_1695_1696_1697_1698_1699_1700_1701_1702_1703_1704_1705_1706_1707_1708_1709_1710_1711_1712_1713_1714_1715_1716_1717_1718_1719_1720_1721_1722_1723_1724_1725_1726_1727_1728_1729_1730_1731_1732_1733_1734_1735_1736_1737_1738_1739_1740_1741_1742_1743_1744_1745_1746_1747_1748_1749_1750_1751_1752_1753_1754_1755_1756_1757_1758_1759_1760_1761_1762_1763_1764_1765_1766_1767_1768_1769_1770_1771_1772_1773_1774_1775_1776_1777_1778_1779_1780_1781_1782_1783_1784_1785_1786_1787_1788_1789_1790_1791_1792_1793_1794_1795_1796_1797_1798_1799_1800_1801_1802_1803_1804_1805_1806_1807_1808_1809_1810_1811_1812_1813_1814_1815_1816_1817_1818_1819_1820_1821_1822_1823_1824_1825_1826_1827_1828_1829_1830_1831_1832_1833_1834_1835_1836_1837_1838_1839_1840_1841_1842_1843_1844_1845_1846_1847_1848_1849_1850_1851_1852_1853_1854_1855_1856_1857_1858_1859_1860_1861_1862_1863_1864_1865_1866_1867_1868_1869_1870_1871_1872_1873_1874_1875_1876_1877_1878_1879_1880_1881_1882_1883_1884_1885_1886_1887_1888_1889_1890_1891_1892_1893_1894_1895_1896_1897_1898_1899_1900_1901_1902_1903_1904_1905_1906_1907_1908_1909_1910_1911_1912_1913_1914_1915_1916_1917_1918_1919_1920_1921_1922_1923_1924_1925_1926_1927_1928_1929_1930_1931_1932_1933_1934_1935_1936_1937_1938_1939_1940_1941_1942_1943_1944_1945_1946_1947_1948_1949_1950_1951_1952_1953_1954_1955_1956_1957_1958_1959_1960_1961_1962_1963_1964_1965_1966_1967_1968_1969_1970_1971_1972_1973_1974_1975_1976_1977_1978_1979_1980_1981_1982_1983_1984_1985_1986_1987_1988_1989_1990_1991_1992_1993_1994_1995_1996_1997_1998_1999_2000_2001_2002_2003_2004_2005_2006_2007_2008_2009_2010_2011_2012_2013_2014_2015_2016_2017_2018_2019_2020_2021_2022_2023_2024_2025_2026_2027_2028_2029_2030_2031_2032_2033_2034_2035_2036_2037_2038_2039_2040_2041_2042_2043_2044_2045_2046_2047_2048_2049_2050_2051_2052_2053_2054_2055_2056_2057_2058_2059_2060_2061_2062_2063_2064_2065_2066_2067_2068_2069_2070_2071_2072_2073_2074_2075_2076_2077_2078_2079_2080_2081_2082_2083_2084_2085_2086_2087_2088_2089_2090_2091_2092_2093_2094_2095_2096_2097_2098_2099_2100_2101_2102_2103_2104_2105_2106_2107_2108_2109_2110_2111_2112_2113_2114_2115_2116_2117_2118_2119_2120_2121_2122_2123_2124_2125_2126_2127_2128_2129_2130_2131_2132_2133_2134_2135_2136_2137_2138_2139_2140_2141_2142_2143_2144_2145_2146_2147_2148_2149_2150_2151_2152_2153_2154_2155_2156_2157_2158_2159_2160_2161_2162_2163_2164_2165_2166_2167_2168_2169_2170_2171_2172_2173_2174_2175_2176_2177_2178_2179_2180_2181_2182_2183_2184_2185_2186_2187_2188_2189_2190_2191_2192_2193_2194_2195_2196_2197_2198_2199_2200_2201_2202_2203_2204_2205_2206_2207_2208_2209_2210_2211_2212_2213_2214_2215_2216_2217_2218_2219_2220_2221_2222_2223_2224_2225_2226_2227_2228_2229_2230_2231_2232_2233_2234_2235_2236_2237_2238_2239_2240_2241_2242_2243_2244_2245_2246_2247_2248_2249_2250_2251_2252_2253_2254_2255_2256_2257_2258_2259_2260_2261_2262_2263_2264_2265_2266_2267_2268_2269_2270_2271_2272_2273_2274_2275_2276_2277_2278_2279_2280_2281_2282_2283_2284_2285_2286_2287_2288_2289_2290_2291_2292_2293_2294_2295_2296_2297_2298_2299_2300_2301_2302_2303_2304_2305_2306_2307_2308_2309_2310_2311_2312_2313_2314_2315_2316_2317_2318_2319_2320_2321_2322_2323_2324_2325_2326_2327_2328_2329_2330_2331_2332_2333_2334_2335_2336_2337_2338_2339_2340_2341_2342_2343_2344_2345_2346_2347_2348_2349_2350_2351_2352_2353_2354_2355_2356_2357_2358_2359_2360_2361_2362_2363_2364_2365_2366_2367_2368_2369_2370_2371_2372_2373_2374_2375_2376_2377_2378_2379_2380_2381_2382_2383_2384_2385_2386_2387_2388_2389_2390_2391_2392_2393_2394_2395_2396_2397_2398_2399_2400_2401_2402_2403_2404_2405_2406_2407_2408_2409_2410_2411_2412_2413_2414_2415_2416_2417_2418_2419_2420_2421_2422_2423_2424_2425_2426_2427_2428_2429_2430_2431_2432_2433_2434_2435_2436_2437_2438_2439_2440_2441_2442_2443_2444_2445_2446_2447_2448_2449_2450_2451_2452_2453_2454_2455_2456_2457_2458_2459_2460_2461_2462_2463_2464_2465_2466_2467_2468_2469_2470_2471_2472_2473_2474_2475_2476_2477_2478_2479_2480_2481_2482_2483_2484_2485_2486_2487_2488_2489_2490_2491_2492_2493_2494_2495_,0:{1252;}2:{1;0;1248;1249;1250;1251;}6:{2;}7:{6;5;4;1347;3;}11:{10;9;8;1344;1345;1346;7;}15:{13;12;11;19;}22:{21;20;}33:{32;1632;1633;31;1634;30;1635;29;}37:{34;33;}39:{37;36;35;}44:{43;}48:{44;}49:{48;1824;1825;47;1826;46;1827;45;}53:{52;51;50;49;}57:{56;1920;1921;55;1922;54;1923;53;}61:{59;58;57;}64:{61;67;60;68;}91:{92;93;94;95;}94:{2400;2401;2402;2403;}99:{97;96;1256;1255;1257;1254;1258;}102:{100;99;98;}107:{1351;1353;1350;1354;103;}108:{107;106;105;104;1352;}116:{115;114;113;112;1448;}120:{117;116;1540;1548;}122:{121;120;1544;1543;1545;1542;1546;119;1541;1547;118;}126:{123;122;}128:{126;125;1643;124;1644;}131:{128;1640;1639;1641;1638;1642;127;}133:{132;131;130;129;}139:{136;1736;1735;1737;1734;1738;135;}141:{139;138;137;}144:{143;145;1831;142;146;1830;141;147;1829;140;148;1828;}162:{2023;2022;159;2021;158;}165:{164;163;162;161;}171:{172;173;174;175;}173:{176;2216;2215;2217;2214;2218;177;}179:{180;181;182;183;}182:{184;2312;2311;2313;2310;2314;185;2309;2315;186;}187:{188;189;190;191;}188:{2408;}242:{240;1840;1839;1841;1838;1842;239;1837;1843;238;}245:{242;241;}247:{245;244;243;}250:{1933;1939;246;}251:{248;1936;1935;1937;1934;1938;247;}253:{251;250;249;}256:{253;252;2028;2036;}258:{256;2032;2031;2033;2030;2034;255;2029;2035;254;}261:{260;262;259;263;258;264;2128;2127;2129;2126;2130;257;265;}267:{268;269;270;271;}269:{272;2224;2223;2225;2226;273;}272:{274;275;2227;276;2228;}274:{277;278;}278:{279;280;2320;2319;2321;2318;281;2317;282;}281:{283;284;285;}283:{286;287;}286:{2416;2415;2417;2414;2418;2413;2419;}305:{304;1464;1463;1465;303;1462;1466;302;1461;1467;301;}309:{308;307;306;305;}315:{314;313;312;1560;1559;1561;1558;1562;311;}319:{318;317;316;1653;1659;315;}323:{320;1656;1655;1657;1654;1658;319;}325:{324;323;322;321;}330:{329;328;1752;1751;1753;1750;1754;327;1749;1755;326;}334:{331;330;}340:{338;337;336;1848;}343:{342;341;340;1941;1947;339;}347:{345;344;1944;1943;1945;1942;1946;343;}350:{348;347;346;}353:{350;2037;2043;349;}355:{353;352;2040;2039;2041;2038;2042;351;}358:{357;356;2138;355;2139;354;}369:{372;2235;373;}373:{374;375;376;2328;2327;2329;2326;2330;377;}378:{380;381;2331;382;}381:{383;2424;2423;2425;2422;2426;}387:{384;1280;1279;1281;1278;1282;}389:{387;386;385;}392:{389;388;1372;}394:{392;1376;1375;1377;1374;391;1373;390;}397:{395;394;393;}400:{399;1471;1473;398;1470;1474;397;1469;1475;396;1468;1476;}404:{403;402;401;400;1472;}412:{411;410;409;408;1568;}416:{413;412;1660;1668;}418:{416;1664;1663;1665;1662;1666;415;1661;1667;414;}421:{420;419;418;417;}426:{425;424;1760;1759;1761;1758;1762;423;1757;1763;422;}430:{428;427;426;}435:{1855;1857;1854;1858;431;}436:{435;434;433;432;1856;}440:{438;437;1949;1955;436;1948;1956;}442:{1951;1953;1950;1954;439;}444:{443;442;441;440;1952;}452:{448;2048;}453:{452;451;450;449;}459:{460;461;462;463;}463:{464;2240;2239;2241;465;2238;2242;466;2237;2243;467;}464:{468;2236;2244;}468:{469;470;471;472;2336;}476:{477;478;479;2432;}477:{2431;2433;2430;2434;}480:{1287;1289;1286;1290;1285;1291;1284;}484:{480;1288;}485:{484;483;482;481;}490:{488;1384;1383;1385;1382;1386;487;1381;1387;486;}493:{491;490;489;}496:{1482;493;499;1483;492;500;1484;}512:{511;513;1673;510;514;1674;509;515;1675;508;516;1676;}524:{523;522;521;520;1768;}528:{524;}529:{1863;1865;527;1862;1866;526;1867;525;}532:{530;529;528;1864;}535:{534;533;532;1957;1963;531;}539:{1959;1961;1958;1962;535;}540:{539;538;537;536;1960;}560:{559;561;2249;558;562;2250;557;2251;556;2252;}567:{565;2346;564;2347;563;571;}571:{572;573;574;575;}572:{2440;}576:{1295;1297;1294;1298;1293;1299;1292;1300;}580:{576;1296;}581:{580;579;578;577;}585:{587;1394;588;1395;581;589;}608:{607;609;1681;606;610;1682;605;611;1683;604;612;1684;}618:{1775;1777;1774;1778;615;1773;1779;614;}620:{619;618;617;616;1776;}624:{623;1871;1873;622;1870;1874;621;1869;1875;620;1868;1876;}628:{624;1872;}629:{628;627;626;625;}633:{1971;}637:{636;}643:{644;645;646;647;}660:{661;662;663;}664:{665;2353;666;2354;667;2355;668;2356;}666:{669;}678:{677;676;1402;1403;}680:{1404;}686:{685;684;683;}690:{688;1496;1495;1497;1494;1498;687;1493;1499;686;}693:{691;690;689;}698:{697;696;1592;1593;1594;695;1595;694;}702:{701;700;699;698;}706:{704;1688;1687;1689;1686;1690;703;1685;1691;702;}709:{706;705;}711:{709;1786;708;1787;707;715;}728:{727;1975;1977;726;1974;1978;725;1973;1979;724;1972;1980;}732:{730;729;728;1976;}735:{732;731;}752:{751;753;2265;750;754;2266;749;755;2267;748;756;2268;}756:{757;758;759;760;2360;}757:{2359;2361;2358;2362;761;}766:{764;2459;}768:{772;1316;}779:{776;1408;1407;1409;1406;1410;775;}781:{780;779;778;777;}786:{784;1504;1503;1505;1502;1506;783;1501;1507;782;}789:{788;787;786;785;}794:{795;1602;1603;}804:{800;1696;}805:{804;803;802;801;}811:{810;809;808;1792;1791;1793;1790;1794;807;}815:{812;811;}826:{827;828;1986;829;1987;830;}860:{861;862;863;2464;}870:{866;}871:{870;869;868;1419;867;}875:{1417;1418;871;}876:{875;874;873;}882:{880;1512;1511;1513;1510;1514;879;1509;1515;878;}885:{884;883;882;881;}903:{900;1803;}909:{907;906;905;}915:{912;1896;1895;1897;1894;1898;911;}917:{915;914;913;}920:{919;921;1993;918;922;1994;917;923;1995;916;924;1996;}954:{956;957;2379;958;}963:{961;960;1328;1327;1329;1326;1330;}966:{964;963;962;}971:{1423;1425;1422;1426;967;}972:{971;970;969;968;1424;}976:{974;973;1523;972;1524;}979:{977;1521;1522;975;}982:{980;979;978;}997:{996;}1001:{1807;1809;999;1806;1810;998;1805;1811;997;}1004:{1003;1002;1001;1000;1808;}1011:{1010;1009;1008;1904;1903;1905;1902;1906;1007;}1015:{1013;2002;1012;2003;1011;1019;}1041:{2291;}1047:{1045;2386;1044;2387;1043;1051;}1058:{1057;1056;1336;1335;1337;1334;1338;1333;1339;}1062:{1060;1059;1058;}1067:{1065;1064;1432;1431;1433;1430;1434;1063;}1070:{1068;1067;1066;}1076:{1073;1072;1528;}1078:{1077;1076;1075;1074;}1082:{1080;1624;1623;1625;1622;1626;1079;1621;1627;1078;}1085:{1084;1083;1082;1081;}1091:{1092;1093;1094;1095;}1096:{1819;1820;}1101:{1100;1099;1098;1097;}1107:{1108;}1113:{1116;1117;}1135:{1133;2298;1132;2299;1131;1139;}1144:{2394;1141;1147;2395;1140;1148;2396;}1152:{1340;}1153:{1152;1343;1342;1341;}1157:{1156;1155;1154;1153;}1177:{1180;1181;}1183:{1182;1725;}1187:{1727;1726;1183;}1188:{1187;1186;1185;1184;}1192:{1189;1188;}1194:{1193;1192;1823;1822;1191;1821;1190;}1198:{1195;1194;}1200:{1199;1201;1198;1202;1197;1203;1196;1204;}1230:{1229;1228;1227;1226;}1240:{1236;}1246:{1244;1243;1242;}1258:{1259;1260;1261;1262;}1278:{1277;1276;1275;1274;}1299:{1301;1302;1303;}1302:{672;1304;673;674;1305;675;1306;}1305:{1307;1308;1309;}1307:{1310;1311;}1311:{768;1312;769;1313;770;1314;771;1315;}1316:{1317;1318;1319;864;1320;}1319:{865;1321;1322;1323;}1321:{1324;1325;}1330:{1331;1332;}1353:{1355;102;1356;101;1349;1357;}1382:{1380;1379;485;1378;}1387:{1388;1389;1390;1391;}1389:{584;1392;583;585;582;586;1393;}1395:{1396;1397;1398;1399;}1397:{680;1400;679;681;678;682;1401;}1403:{1405;}1410:{1411;1412;774;1413;773;1414;}1412:{1415;872;1416;}1423:{1421;966;1420;965;1427;}1433:{1435;1062;1436;1061;1429;1437;}1437:{1438;1439;1160;1159;1161;1158;1162;}1439:{1157;1163;}1443:{16;1440;15;17;14;18;}1445:{1443;1442;1441;}1448:{111;1447;1449;110;1446;1450;109;1445;1451;108;1444;1452;}1462:{1460;1459;1458;}1474:{1477;1478;}1477:{1479;496;1480;495;497;494;498;1481;}1484:{1485;1486;1487;592;1488;}1487:{591;593;1489;590;594;1490;595;1491;}1504:{1500;}1505:{781;}1512:{877;876;1508;1516;}1516:{1517;1518;1519;976;1520;}1523:{1525;1526;1527;}1527:{1071;1529;1070;1530;1069;1531;}1539:{23;25;22;26;}1540:{1539;1538;1537;24;1536;}1562:{1563;310;309;}1568:{407;1567;1569;406;1566;1570;405;1565;1571;404;1564;1572;}1571:{1573;1574;1575;}1575:{504;1576;503;505;1577;502;506;1578;501;507;1579;}1578:{1580;1581;1582;}1582:{1583;600;1584;599;601;598;602;1585;597;603;1586;}1583:{1587;}1587:{1588;1589;1590;1591;}1592:{693;692;}1595:{1596;1597;1598;1599;}1597:{792;1600;791;793;790;794;1601;}1602:{1604;1605;789;1606;}1605:{1607;888;1608;887;889;886;890;1609;}1609:{1610;1611;1612;885;891;1613;}1612:{1614;1615;984;1616;}1615:{983;985;1617;982;986;1618;981;987;1619;}1626:{1630;}1630:{1629;1631;1176;1628;1175;1177;1174;1178;1173;1179;}1633:{1636;1637;}1668:{1669;1670;1671;512;1672;}1676:{1677;1678;1679;608;1680;}1696:{799;1695;1697;798;1694;1698;797;1693;1699;796;1692;1700;}1698:{1701;1702;}1701:{1703;896;1704;895;897;894;898;1705;}1705:{1706;1707;1708;893;899;1709;}1706:{1710;}1710:{1711;992;1712;991;993;990;994;1713;989;995;1714;}1714:{1715;1716;1717;1718;}1718:{1719;1088;1720;1087;1089;1086;1090;1721;1085;1091;1722;}1731:{1729;40;1728;39;41;38;42;}1734:{1733;1732;134;1731;133;1730;}1751:{1748;325;1747;}1759:{1756;421;}1768:{519;1767;1769;518;1766;1770;517;1765;1771;1764;1772;}1779:{1780;1781;1782;1783;}1781:{712;1784;711;713;710;714;1785;}1787:{1788;1789;}1793:{1795;806;1796;805;1797;}1795:{1798;1799;}1798:{904;1800;903;902;1801;901;1802;}1803:{1804;}1811:{1812;1813;1814;1815;}1814:{1096;1816;1817;1818;}1836:{144;1832;}1837:{1836;1835;1834;1833;}1848:{335;1847;1849;334;1846;1850;333;1845;1851;332;1844;1852;}1852:{1853;}1857:{1859;430;1860;429;1861;}1876:{1877;1878;1879;720;1880;}1878:{719;721;718;722;1881;717;723;1882;}1882:{1883;1884;1885;1886;}1883:{1887;}1887:{816;1888;815;817;1889;814;818;1890;813;819;1891;}1896:{910;909;1893;1899;908;1892;}1904:{1006;1005;1901;1907;1004;1900;1908;}1907:{1909;1910;1911;}1911:{1104;1912;1103;1105;1913;1102;1106;1914;1101;1107;1915;}1915:{1916;1917;1918;1919;}1916:{1200;}1963:{1964;1965;1966;1967;}1966:{632;1968;631;633;630;634;1969;629;635;1970;}1980:{1981;1982;1983;824;1984;}1981:{823;825;822;826;1985;}1987:{1988;1989;1990;1991;}1988:{920;1992;}1995:{1997;1998;1999;}1997:{1016;2000;1015;1017;1014;1018;2001;}2003:{2004;2005;2006;2007;}2007:{1112;2008;1111;1113;2009;1110;1114;2010;1109;1115;2011;}2019:{64;2016;63;65;62;66;}2021:{2020;2019;2018;2017;}2028:{2027;2026;2025;160;2024;}2043:{2044;2045;2046;2047;}2046:{447;446;2049;445;2050;}2048:{2051;444;2052;}2051:{2053;2054;2055;}2053:{544;2056;543;545;542;546;2057;}2056:{2058;541;547;2059;540;548;2060;}2060:{2061;2062;2063;640;2064;}2063:{639;641;2065;638;642;2066;637;643;2067;}2067:{2068;2069;2070;2071;}2071:{736;2072;735;737;2073;734;738;2074;733;739;2075;}2121:{167;169;2119;166;170;2118;165;171;2117;}2124:{2122;2121;168;2120;}2127:{2125;266;2124;261;267;2123;2131;}2131:{2132;2133;2134;2135;}2133:{360;2136;359;361;358;362;2137;}2139:{2140;2141;2142;2143;}2142:{456;2144;455;457;454;458;2145;453;459;2146;}2218:{2219;2220;178;2221;179;2222;}2228:{2229;2230;2231;368;2232;}2230:{367;369;366;370;2233;365;371;2234;}2244:{2245;2246;2247;560;2248;}2251:{2253;2254;2255;}2253:{656;2256;655;657;654;658;2257;}2256:{2258;653;659;2259;652;660;2260;}2260:{2261;2262;2263;752;2264;}2267:{2269;2270;2271;}2270:{848;2272;847;849;846;850;2273;845;851;2274;}2272:{2275;844;2276;}2275:{2277;2278;2279;}2277:{944;2280;943;945;942;946;2281;}2280:{2282;941;947;2283;940;948;2284;}2282:{2285;2286;}2286:{2287;1040;2288;1039;1041;1038;1042;2289;1037;2290;}2291:{2292;2293;2294;2295;}2293:{1136;2296;1135;1137;1134;1138;2297;}2299:{2300;2301;2302;2303;}2301:{1232;1231;1233;1230;1234;}2306:{2305;88;2304;87;89;86;90;85;91;}2310:{2308;2307;187;2306;}2315:{2316;}2326:{2325;2324;378;2323;379;2322;}2336:{473;2335;2337;474;2334;2338;475;2333;2339;476;2332;2340;}2337:{2341;}2341:{2342;2343;568;2344;567;569;566;570;2345;}2347:{2348;2349;2350;2351;}2348:{664;2352;}2356:{2357;}2362:{2363;2364;762;2365;763;2366;}2365:{2367;856;2368;855;857;854;858;2369;}2368:{2370;853;859;2371;852;860;2372;}2371:{2373;2374;2375;}2374:{952;2376;951;953;950;954;2377;949;955;2378;}2379:{2380;2381;2382;2383;}2381:{1048;2384;1047;1049;1046;1050;2385;}2386:{2388;2389;2390;}2389:{2391;1144;2392;1143;1145;1142;1146;2393;}2394:{2397;2398;}2398:{2399;1240;1239;1241;1238;1237;}2401:{2404;2405;}2408:{2407;2406;}2413:{2412;2411;2410;2409;}2424:{2421;2427;2420;2428;}2427:{2429;}2431:{2435;}2440:{2439;2441;2438;2442;2437;2443;2436;2444;}2441:{2445;}2445:{2446;2447;2448;671;670;2449;}2447:{2450;2451;}2449:{2452;2453;}2451:{2454;2455;}2454:{2456;767;766;2457;765;2458;}2464:{2463;2465;2462;2466;2461;2467;2460;2468;}2468:{2469;2470;2471;2472;}2471:{959;2473;2474;2475;}2475:{2476;2477;2478;2479;}2478:{2480;1055;1054;2481;1053;2482;}2481:{2483;2484;2485;}2485:{2486;2487;2488;1151;1150;2489;}2489:{2490;2491;2492;1149;2493;}2492:{2494;2495;}2494:{1247;1246;1245;},32_33_125_126_317_318_416_417_516_517_518_620_621_622_668_669_670_732_733_734_735_736_737_738_739_748_749_750_1632_1633_1634_1635_1661_1662_1663_1664_1665_1771_1772_1873_1874_1875_1973_1974_2071_2072_2262_2263_2355_2356_2445_2446_,261-260*0_261-262*0_261-259*0_261-263*0_261-258*0_261-264*0_261-2128*0_261-2127*0_261-2129*0_261-2126*0_261-2130*0_261-257*0_261-265*0_2127-2125*1_2127-266*1_2127-2124*1_2127-261*1_2127-267*1_2127-2123*1_2127-2131*1_2131-2132*2_2131-2133*2_2131-2134*2_2131-2135*2_2133-360*3_2133-2136*3_2133-359*3_2133-361*3_2133-358*3_2133-362*3_2133-2137*3_358-357*4_358-356*4_358-2138*4_358-355*4_358-2139*4_358-354*4_2139-2140*5_2139-2141*5_2139-2142*5_2139-2143*5_258-256*1_258-2032*1_258-2031*1_258-2033*1_258-2030*1_258-2034*1_258-255*1_258-2029*1_258-2035*1_258-254*1_355-353*5_355-352*5_355-2040*5_355-2039*5_355-2041*5_355-2038*5_355-2042*5_355-351*5_2124-2122*2_2124-2121*2_2124-168*2_2124-2120*2_353-350*6_353-2037*6_353-2043*6_353-349*6_2142-456*6_2142-2144*6_2142-455*6_2142-457*6_2142-454*6_2142-458*6_2142-2145*6_2142-453*6_2142-459*6_2142-2146*6_453-452*7_453-451*7_453-450*7_453-449*7_2043-2044*7_2043-2045*7_2043-2046*7_2043-2047*7_256-253*2_256-252*2_256-2028*2_256-2036*2_267-268*2_267-269*2_267-270*2_267-271*2_452-448*8_452-2048*8_2046-447*8_2046-446*8_2046-2049*8_2046-445*8_2046-2050*8_2028-2027*3_2028-2026*3_2028-2025*3_2028-160*3_2028-2024*3_2121-167*3_2121-169*3_2121-2119*3_2121-166*3_2121-170*3_2121-2118*3_2121-165*3_2121-171*3_2121-2117*3_2048-2051*9_2048-444*9_2048-2052*9_165-164*4_171-172*4_165-163*4_171-173*4_165-162*4_171-174*4_165-161*4_171-175*4_173-176*5_173-2216*5_173-2215*5_173-2217*5_173-2214*5_173-2218*5_173-177*5_162-2023*5_162-2022*5_162-159*5_162-2021*5_162-158*5_2218-2219*6_2218-2220*6_2218-178*6_2218-2221*6_2218-179*6_2218-2222*6_269-272*3_269-2224*3_269-2223*3_269-2225*3_269-2226*3_269-273*3_2051-2053*10_2051-2054*10_2051-2055*10_179-180*7_179-181*7_179-182*7_179-183*7_459-460*7_459-461*7_459-462*7_459-463*7_253-251*3_253-250*3_253-249*3_350-348*7_350-347*7_350-346*7_182-184*8_182-2312*8_182-2311*8_182-2313*8_182-2310*8_182-2314*8_182-185*8_182-2309*8_182-2315*8_182-186*8_2021-2020*6_2021-2019*6_2021-2018*6_2021-2017*6_2310-2308*9_2310-2307*9_2310-187*9_2310-2306*9_2053-544*11_2053-2056*11_2053-543*11_2053-545*11_2053-542*11_2053-546*11_2053-2057*11_2306-2305*10_2306-88*10_2306-2304*10_2306-87*10_2306-89*10_2306-86*10_2306-90*10_2306-85*10_2306-91*10_272-274*4_272-275*4_272-2227*4_272-276*4_272-2228*4_347-345*8_347-344*8_347-1944*8_347-1943*8_347-1945*8_347-1942*8_347-1946*8_347-343*8_2056-2058*12_2056-541*12_2056-547*12_2056-2059*12_2056-540*12_2056-548*12_2056-2060*12_2019-64*7_2019-2016*7_2019-63*7_2019-65*7_2019-62*7_2019-66*7_343-342*9_343-341*9_343-340*9_343-1941*9_343-1947*9_343-339*9_64-61*8_64-67*8_64-60*8_64-68*8_251-248*4_251-1936*4_251-1935*4_251-1937*4_251-1934*4_251-1938*4_251-247*4_540-539*13_540-538*13_540-537*13_540-536*13_540-1960*13_250-1933*4_250-1939*4_250-246*4_247-245*5_247-244*5_247-243*5_463-464*8_463-2240*8_463-2239*8_463-2241*8_463-465*8_463-2238*8_463-2242*8_463-466*8_463-2237*8_463-2243*8_463-467*8_91-92*11_91-93*11_91-94*11_91-95*11_245-242*6_245-241*6_2228-2229*5_2228-2230*5_2228-2231*5_2228-368*5_2228-2232*5_464-468*9_464-2236*9_464-2244*9_94-2400*12_94-2401*12_94-2402*12_94-2403*12_2060-2061*13_2060-2062*13_2060-2063*13_2060-640*13_2060-2064*13_2230-367*6_2230-369*6_2230-366*6_2230-370*6_2230-2233*6_2230-365*6_2230-371*6_2230-2234*6_444-443*10_444-442*10_444-441*10_444-440*10_444-1952*10_274-277*5_274-278*5_340-338*10_340-337*10_340-336*10_340-1848*10_369-372*7_369-2235*7_369-373*7_468-469*10_468-470*10_468-471*10_468-472*10_468-2336*10_539-1959*14_539-1961*14_539-1958*14_539-1962*14_539-535*14_373-374*8_373-375*8_373-376*8_373-2328*8_373-2327*8_373-2329*8_373-2326*8_373-2330*8_373-377*8_535-534*15_535-533*15_535-532*15_535-1957*15_535-1963*15_535-531*15_2336-473*11_2336-2335*11_2336-2337*11_2336-474*11_2336-2334*11_2336-2338*11_2336-475*11_2336-2333*11_2336-2339*11_2336-476*11_2336-2332*11_2336-2340*11_187-188*10_187-189*10_187-190*10_187-191*10_2326-2325*9_2326-2324*9_2326-378*9_2326-2323*9_2326-379*9_2326-2322*9_440-438*11_440-437*11_440-1949*11_440-1955*11_440-436*11_440-1948*11_440-1956*11_2337-2341*12_278-279*6_278-280*6_278-2320*6_278-2319*6_278-2321*6_278-2318*6_278-281*6_278-2317*6_278-282*6_476-477*12_476-478*12_476-479*12_476-2432*12_378-380*10_378-381*10_378-2331*10_378-382*10_2341-2342*13_2341-2343*13_2341-568*13_2341-2344*13_2341-567*13_2341-569*13_2341-566*13_2341-570*13_2341-2345*13_281-283*7_281-284*7_281-285*7_1848-335*11_1848-1847*11_1848-1849*11_442-1951*11_442-1953*11_1848-334*11_1848-1846*11_1848-1850*11_442-1950*11_442-1954*11_442-439*11_1848-333*11_1848-1845*11_1848-1851*11_1848-332*11_1848-1844*11_1848-1852*11_2063-639*14_2063-641*14_2063-2065*14_2063-638*14_2063-642*14_2063-2066*14_2063-637*14_2063-643*14_2063-2067*14_436-435*12_436-434*12_436-433*12_436-432*12_436-1856*12_381-383*11_381-2424*11_381-2423*11_381-2425*11_381-2422*11_381-2426*11_2067-2068*15_2067-2069*15_2067-2070*15_2067-2071*15_2071-736*16_2071-2072*16_2071-735*16_2071-737*16_2071-2073*16_2071-734*16_2071-738*16_2071-2074*16_2071-733*16_2071-739*16_2071-2075*16_567-565*14_567-2346*14_567-564*14_567-2347*14_567-563*14_567-571*14_2315-2316*9_735-732*17_735-731*17_435-1855*13_435-1857*13_435-1854*13_435-1858*13_435-431*13_643-644*15_643-645*15_643-646*15_643-647*15_1852-1853*12_188-2408*11_61-59*9_61-58*9_61-57*9_334-331*12_334-330*12_57-56*10_57-1920*10_57-1921*10_57-55*10_57-1922*10_57-54*10_57-1923*10_57-53*10_283-286*8_283-287*8_477-2431*13_477-2433*13_477-2430*13_477-2434*13_532-530*16_532-529*16_532-528*16_532-1864*16_1857-1859*14_1857-430*14_1857-1860*14_1857-429*14_1857-1861*14_2424-2421*12_2424-2427*12_2424-2420*12_2424-2428*12_242-240*7_242-1840*7_242-1839*7_242-1841*7_242-1838*7_242-1842*7_242-239*7_242-1837*7_242-1843*7_242-238*7_1837-1836*8_1837-1835*8_1837-1834*8_1837-1833*8_732-730*18_732-729*18_732-728*18_732-1976*18_2427-2429*13_2401-2404*13_2401-2405*13_1963-1964*16_1963-1965*16_1963-1966*16_1963-1967*16_1966-632*17_1966-1968*17_1966-631*17_1966-633*17_1966-630*17_1966-634*17_1966-1969*17_1966-629*17_1966-635*17_1966-1970*17_1836-144*9_1836-1832*9_2431-2435*14_2244-2245*10_2244-2246*10_2244-2247*10_2244-560*10_2244-2248*10_629-628*18_629-627*18_629-626*18_629-625*18_628-624*19_628-1872*19_430-428*15_430-427*15_430-426*15_728-727*19_728-1975*19_728-1977*19_728-726*19_728-1974*19_728-1978*19_728-725*19_728-1973*19_728-1979*19_728-724*19_728-1972*19_728-1980*19_560-559*11_560-561*11_560-2249*11_560-558*11_560-562*11_560-2250*11_560-557*11_560-2251*11_560-556*11_560-2252*11_637-636*15_53-52*11_53-51*11_53-50*11_53-49*11_529-1863*17_529-1865*17_529-527*17_529-1862*17_529-1866*17_529-526*17_529-1867*17_529-525*17_571-572*15_571-573*15_571-574*15_571-575*15_624-623*20_624-1871*20_624-1873*20_624-622*20_624-1870*20_624-1874*20_624-621*20_624-1869*20_624-1875*20_624-620*20_624-1868*20_624-1876*20_2251-2253*12_2251-2254*12_2251-2255*12_286-2416*9_286-2415*9_286-2417*9_286-2414*9_286-2418*9_286-2413*9_286-2419*9_572-2440*16_2413-2412*10_2413-2411*10_2413-2410*10_2413-2409*10_1876-1877*21_1876-1878*21_1876-1879*21_1876-720*21_1876-1880*21_330-329*13_330-328*13_330-1752*13_330-1751*13_330-1753*13_330-1750*13_330-1754*13_330-327*13_330-1749*13_330-1755*13_330-326*13_1878-719*22_1878-721*22_1878-718*22_1878-722*22_1878-1881*22_1878-717*22_1878-723*22_1878-1882*22_2253-656*13_2253-2256*13_2253-655*13_2253-657*13_2253-654*13_2253-658*13_2253-2257*13_633-1971*18_426-425*16_426-424*16_426-1760*16_426-1759*16_426-1761*16_426-1758*16_426-1762*16_426-423*16_426-1757*16_426-1763*16_426-422*16_1751-1748*14_1751-325*14_1751-1747*14_2347-2348*15_2347-2349*15_2347-2350*15_2347-2351*15_620-619*21_620-618*21_620-617*21_620-616*21_620-1776*21_1759-1756*17_1759-421*17_2440-2439*17_2440-2441*17_2440-2438*17_2440-2442*17_2440-2437*17_2440-2443*17_2440-2436*17_2440-2444*17_2408-2407*12_2408-2406*12_618-1775*22_618-1777*22_618-1774*22_618-1778*22_618-615*22_618-1773*22_618-1779*22_618-614*22_2441-2445*18_421-420*18_421-419*18_421-418*18_421-417*18_1779-1780*23_1779-1781*23_1779-1782*23_1779-1783*23_325-324*15_325-323*15_325-322*15_325-321*15_2256-2258*14_2256-653*14_2256-659*14_2256-2259*14_2256-652*14_2256-660*14_2256-2260*14_1781-712*24_1781-1784*24_1781-711*24_1781-713*24_1781-710*24_1781-714*24_1781-1785*24_2348-664*16_2348-2352*16_528-524*17_418-416*19_418-1664*19_418-1663*19_418-1665*19_418-1662*19_418-1666*19_418-415*19_418-1661*19_418-1667*19_418-414*19_1882-1883*23_1882-1884*23_1882-1885*23_1882-1886*23_416-413*20_416-412*20_416-1660*20_416-1668*20_660-661*15_660-662*15_660-663*15_144-143*10_144-145*10_144-1831*10_144-142*10_144-146*10_144-1830*10_144-141*10_144-147*10_144-1829*10_144-140*10_144-148*10_144-1828*10_2260-2261*15_2260-2262*15_2260-2263*15_2260-752*15_2260-2264*15_2445-2446*19_2445-2447*19_2445-2448*19_2445-671*19_2445-670*19_2445-2449*19_711-709*25_711-1786*25_711-708*25_711-1787*25_711-707*25_711-715*25_664-665*17_664-2353*17_664-666*17_664-2354*17_664-667*17_664-2355*17_664-668*17_664-2356*17_1883-1887*24_666-669*18_323-320*16_323-1656*16_323-1655*16_323-1657*16_323-1654*16_323-1658*16_323-319*16_1980-1981*20_1980-1982*20_1980-1983*20_1980-824*20_1980-1984*20_49-48*12_49-1824*12_49-1825*12_49-47*12_49-1826*12_49-46*12_49-1827*12_49-45*12_752-751*16_752-753*16_752-2265*16_752-750*16_752-754*16_752-2266*16_752-749*16_752-755*16_752-2267*16_752-748*16_752-756*16_752-2268*16_319-318*17_319-317*17_319-316*17_319-1653*17_319-1659*17_319-315*17_756-757*17_756-758*17_756-759*17_756-760*17_756-2360*17_2447-2450*20_2447-2451*20_2449-2452*20_2449-2453*20_2451-2454*21_2451-2455*21_524-523*18_524-522*18_524-521*18_524-520*18_524-1768*18_757-2359*18_757-2361*18_757-2358*18_757-2362*18_757-761*18_1981-823*21_1981-825*21_1981-822*21_1981-826*21_1981-1985*21_1887-816*25_1887-1888*25_1887-815*25_1887-817*25_1887-1889*25_1887-814*25_1887-818*25_1887-1890*25_1887-813*25_1887-819*25_1887-1891*25_815-812*26_815-811*26_48-44*13_412-411*21_412-410*21_412-409*21_412-408*21_412-1568*21_1568-407*22_1568-1567*22_1568-1569*22_1568-406*22_1568-1566*22_1568-1570*22_1568-405*22_1568-1565*22_1568-1571*22_1568-404*22_1568-1564*22_1568-1572*22_1571-1573*23_1571-1574*23_1571-1575*23_315-314*18_315-313*18_315-312*18_315-1560*18_315-1559*18_315-1561*18_315-1558*18_315-1562*18_315-311*18_141-139*11_141-138*11_141-137*11_709-706*26_709-705*26_1575-504*24_1575-1576*24_1575-503*24_1575-505*24_1575-1577*24_1575-502*24_1575-506*24_1575-1578*24_1575-501*24_1575-507*24_1575-1579*24_1562-1563*19_1562-310*19_1562-309*19_1578-1580*25_1578-1581*25_1578-1582*25_826-827*22_826-828*22_826-1986*22_826-829*22_826-1987*22_826-830*22_2267-2269*17_2267-2270*17_2267-2271*17_2356-2357*18_1668-1669*21_1668-1670*21_1668-1671*21_1668-512*21_1668-1672*21_2362-2363*19_2362-2364*19_2362-762*19_2362-2365*19_2362-763*19_2362-2366*19_1582-1583*26_1582-600*26_1582-1584*26_1582-599*26_1582-601*26_1582-598*26_1582-602*26_1582-1585*26_1582-597*26_1582-603*26_1582-1586*26_404-403*23_404-402*23_404-401*23_404-400*23_404-1472*23_512-511*22_512-513*22_512-1673*22_512-510*22_512-514*22_512-1674*22_512-509*22_512-515*22_512-1675*22_512-508*22_512-516*22_512-1676*22_1583-1587*27_1768-519*19_1768-1767*19_1768-1769*19_1768-518*19_1768-1766*19_1768-1770*19_1768-517*19_1768-1765*19_1768-1771*19_1768-1764*19_1768-1772*19_811-810*27_811-809*27_811-808*27_811-1792*27_811-1791*27_811-1793*27_811-1790*27_811-1794*27_811-807*27_1787-1788*26_1787-1789*26_1987-1988*23_1987-1989*23_1987-1990*23_1987-1991*23_1793-1795*28_1793-806*28_1793-1796*28_1793-805*28_1793-1797*28_139-136*12_139-1736*12_139-1735*12_139-1737*12_139-1734*12_139-1738*12_139-135*12_1988-920*24_1988-1992*24_400-399*24_400-1471*24_400-1473*24_400-398*24_400-1470*24_400-1474*24_400-397*24_400-1469*24_400-1475*24_400-396*24_400-1468*24_400-1476*24_1734-1733*13_1734-1732*13_1734-134*13_1734-1731*13_1734-133*13_1734-1730*13_2365-2367*20_2365-856*20_2365-2368*20_2365-855*20_2365-857*20_2365-854*20_2365-858*20_2365-2369*20_1474-1477*25_397-395*25_1474-1478*25_397-394*25_397-393*25_1731-1729*14_1731-40*14_1731-1728*14_1731-39*14_1731-41*14_1731-38*14_1731-42*14_2368-2370*21_2368-853*21_2368-859*21_2368-2371*21_2368-852*21_2368-860*21_2368-2372*21_2454-2456*22_2454-767*22_2454-766*22_2454-2457*22_2454-765*22_2454-2458*22_133-132*14_133-131*14_133-130*14_133-129*14_706-704*27_706-1688*27_706-1687*27_706-1689*27_706-1686*27_706-1690*27_706-703*27_706-1685*27_706-1691*27_706-702*27_805-804*29_805-803*29_805-802*29_805-801*29_44-43*14_1477-1479*26_1477-496*26_1477-1480*26_1477-495*26_1477-497*26_1477-494*26_1477-498*26_1477-1481*26_766-764*23_766-2459*23_39-37*15_39-36*15_39-35*15_804-800*30_804-1696*30_37-34*16_37-33*16_309-308*20_309-307*20_309-306*20_309-305*20_702-701*28_702-700*28_702-699*28_702-698*28_2270-848*18_2270-2272*18_2270-847*18_2270-849*18_2270-846*18_2270-850*18_2270-2273*18_2270-845*18_2270-851*18_2270-2274*18_496-1482*27_496-493*27_496-499*27_496-1483*27_496-492*27_496-500*27_496-1484*27_33-32*17_33-1632*17_33-1633*17_33-31*17_33-1634*17_33-30*17_33-1635*17_33-29*17_2371-2373*22_2371-2374*22_2371-2375*22_920-919*25_920-921*25_920-1993*25_920-918*25_920-922*25_920-1994*25_920-917*25_920-923*25_920-1995*25_920-916*25_920-924*25_920-1996*25_917-915*26_917-914*26_917-913*26_493-491*28_493-490*28_493-489*28_1633-1636*18_1633-1637*18_1995-1997*26_1995-1998*26_1995-1999*26_490-488*29_490-1384*29_490-1383*29_490-1385*29_490-1382*29_490-1386*29_490-487*29_490-1381*29_490-1387*29_490-486*29_2374-952*23_2374-2376*23_2374-951*23_2374-953*23_2374-950*23_2374-954*23_2374-2377*23_2374-949*23_2374-955*23_2374-2378*23_1997-1016*27_1997-2000*27_1997-1015*27_1997-1017*27_1997-1014*27_1997-1018*27_1997-2001*27_1382-1380*30_1382-1379*30_1382-485*30_1382-1378*30_1015-1013*28_1015-2002*28_1015-1012*28_1015-2003*28_1015-1011*28_1015-1019*28_394-392*26_394-1376*26_394-1375*26_394-1377*26_394-1374*26_394-391*26_394-1373*26_394-390*26_2272-2275*19_2272-844*19_2272-2276*19_1676-1677*23_1676-1678*23_1676-1679*23_1676-608*23_1676-1680*23_1795-1798*29_1795-1799*29_1587-1588*28_1587-1589*28_1587-1590*28_1587-1591*28_131-128*15_131-1640*15_131-1639*15_131-1641*15_131-1638*15_131-1642*15_131-127*15_1696-799*31_1696-1695*31_1696-1697*31_1696-798*31_1696-1694*31_1696-1698*31_1696-797*31_1696-1693*31_1696-1699*31_1696-796*31_1696-1692*31_1696-1700*31_860-861*22_860-862*22_860-863*22_860-2464*22_305-304*21_305-1464*21_305-1463*21_305-1465*21_305-303*21_305-1462*21_305-1466*21_305-302*21_305-1461*21_305-1467*21_305-301*21_1387-1388*30_1387-1389*30_1387-1390*30_1387-1391*30_2464-2463*23_2464-2465*23_2464-2462*23_2464-2466*23_2464-2461*23_2464-2467*23_2464-2460*23_2464-2468*23_698-697*29_698-696*29_698-1592*29_698-1593*29_698-1594*29_698-695*29_698-1595*29_698-694*29_128-126*16_128-125*16_128-1643*16_128-124*16_128-1644*16_392-389*27_392-388*27_392-1372*27_1462-1460*22_1462-1459*22_1462-1458*22_2468-2469*24_2468-2470*24_2468-2471*24_2468-2472*24_954-956*24_954-957*24_954-2379*24_954-958*24_2275-2277*20_2275-2278*20_2275-2279*20_1011-1010*29_1011-1009*29_1011-1008*29_1011-1904*29_1011-1903*29_1011-1905*29_1011-1902*29_1011-1906*29_1011-1007*29_1698-1701*32_1698-1702*32_1595-1596*30_1595-1597*30_1595-1598*30_1595-1599*30_2471-959*25_2471-2473*25_2471-2474*25_2471-2475*25_126-123*17_126-122*17_1701-1703*33_1701-896*33_1701-1704*33_1701-895*33_1701-897*33_1701-894*33_1701-898*33_1701-1705*33_1389-584*31_1389-1392*31_1389-583*31_1389-585*31_1389-582*31_1389-586*31_1389-1393*31_1904-1006*30_1904-1005*30_1904-1901*30_1904-1907*30_1904-1004*30_1904-1900*30_1904-1908*30_2379-2380*25_2379-2381*25_2379-2382*25_2379-2383*25_585-587*32_585-1394*32_585-588*32_585-1395*32_585-581*32_585-589*32_1705-1706*34_1705-1707*34_1705-1708*34_1705-893*34_1705-899*34_1705-1709*34_2475-2476*26_2475-2477*26_2475-2478*26_2475-2479*26_915-912*27_915-1896*27_915-1895*27_915-1897*27_915-1894*27_915-1898*27_915-911*27_1706-1710*35_1710-1711*36_1710-992*36_1710-1712*36_1710-991*36_1710-993*36_1710-990*36_1710-994*36_1710-1713*36_1710-989*36_1710-995*36_1710-1714*36_1907-1909*31_1907-1910*31_1907-1911*31_1714-1715*37_1714-1716*37_1714-1717*37_1714-1718*37_608-607*24_608-609*24_608-1681*24_608-606*24_608-610*24_608-1682*24_608-605*24_608-611*24_608-1683*24_608-604*24_608-612*24_608-1684*24_1597-792*31_1597-1600*31_1597-791*31_1597-793*31_1597-790*31_1597-794*31_1597-1601*31_1718-1719*38_1718-1088*38_1718-1720*38_1718-1087*38_1718-1089*38_1718-1086*38_1718-1090*38_1718-1721*38_1718-1085*38_1718-1091*38_1718-1722*38_1484-1485*28_1484-1486*28_1484-1487*28_1484-592*28_1484-1488*28_2478-2480*27_2478-1055*27_2478-1054*27_2478-2481*27_2478-1053*27_2478-2482*27_581-580*33_581-579*33_581-578*33_581-577*33_794-795*32_794-1602*32_794-1603*32_2381-1048*26_2381-2384*26_2381-1047*26_2381-1049*26_2381-1046*26_2381-1050*26_2381-2385*26_122-121*18_122-120*18_122-1544*18_122-1543*18_122-1545*18_122-1542*18_122-1546*18_122-119*18_122-1541*18_122-1547*18_122-118*18_1602-1604*33_1602-1605*33_1602-789*33_1602-1606*33_120-117*19_120-116*19_120-1540*19_120-1548*19_1605-1607*34_1605-888*34_1605-1608*34_1605-887*34_1605-889*34_1605-886*34_1605-890*34_1605-1609*34_2277-944*21_2277-2280*21_2277-943*21_2277-945*21_2277-942*21_2277-946*21_2277-2281*21_1091-1092*39_1091-1093*39_1091-1094*39_1091-1095*39_2003-2004*29_2003-2005*29_2003-2006*29_2003-2007*29_2481-2483*28_2481-2484*28_2481-2485*28_2280-2282*22_2280-941*22_2280-947*22_2280-2283*22_2280-940*22_2280-948*22_2280-2284*22_1896-910*28_1896-909*28_1896-1893*28_1896-1899*28_1896-908*28_1896-1892*28_116-115*20_116-114*20_116-113*20_116-112*20_116-1448*20_2282-2285*23_2282-2286*23_1609-1610*35_1609-1611*35_1609-1612*35_1609-885*35_1609-891*35_1609-1613*35_1395-1396*33_1395-1397*33_1395-1398*33_1395-1399*33_1448-111*21_1448-1447*21_1448-1449*21_1448-110*21_1448-1446*21_1448-1450*21_1448-109*21_1448-1445*21_1448-1451*21_1448-108*21_1448-1444*21_1448-1452*21_2485-2486*29_2485-2487*29_2485-2488*29_2485-1151*29_2485-1150*29_2485-2489*29_1911-1104*32_1911-1912*32_1911-1103*32_1911-1105*32_1911-1913*32_1911-1102*32_1911-1106*32_1911-1914*32_1911-1101*32_1911-1107*32_1911-1915*32_1047-1045*27_1047-2386*27_1047-1044*27_1047-2387*27_1047-1043*27_1047-1051*27_2007-1112*30_2007-2008*30_2007-1111*30_2007-1113*30_2007-2009*30_2007-1110*30_2007-1114*30_2007-2010*30_2007-1109*30_2007-1115*30_2007-2011*30_2386-2388*28_2386-2389*28_2386-2390*28_1113-1116*31_1113-1117*31_2389-2391*29_2389-1144*29_2389-2392*29_2389-1143*29_2389-1145*29_2389-1142*29_2389-1146*29_2389-2393*29_1915-1916*33_1915-1917*33_1915-1918*33_1915-1919*33_885-884*36_885-883*36_885-882*36_885-881*36_389-387*28_389-386*28_389-385*28_580-576*34_580-1296*34_2489-2490*30_2489-2491*30_2489-2492*30_2489-1149*30_2489-2493*30_485-484*31_485-483*31_485-482*31_485-481*31_909-907*29_909-906*29_909-905*29_387-384*29_387-1280*29_387-1279*29_387-1281*29_387-1278*29_387-1282*29_1798-904*30_1798-1800*30_1798-903*30_1798-902*30_1798-1801*30_1798-901*30_1798-1802*30_1144-2394*30_1144-1141*30_1144-1147*30_1144-2395*30_1144-1140*30_1144-1148*30_1144-2396*30_2492-2494*31_2492-2495*31_1916-1200*34_1592-693*30_1592-692*30_903-900*31_903-1803*31_1085-1084*39_1085-1083*39_1085-1082*39_1085-1081*39_1278-1277*30_1278-1276*30_1278-1275*30_1278-1274*30_1445-1443*22_1445-1442*22_1445-1441*22_882-880*37_882-1512*37_882-1511*37_882-1513*37_882-1510*37_882-1514*37_882-879*37_882-1509*37_882-1515*37_882-878*37_1004-1003*31_1004-1002*31_1004-1001*31_1004-1000*31_1004-1808*31_789-788*34_789-787*34_789-786*34_789-785*34_2494-1247*32_2494-1246*32_2494-1245*32_1397-680*34_1397-1400*34_1397-679*34_1397-681*34_1397-678*34_1397-682*34_1397-1401*34_1487-591*29_1487-593*29_1487-1489*29_1487-590*29_1487-594*29_1487-1490*29_1487-595*29_1487-1491*29_1612-1614*36_1612-1615*36_1612-984*36_1612-1616*36_693-691*31_693-690*31_693-689*31_576-1295*35_576-1297*35_576-1294*35_576-1298*35_576-1293*35_576-1299*35_576-1292*35_576-1300*35_2394-2397*31_2394-2398*31_1082-1080*40_1082-1624*40_1082-1623*40_1082-1625*40_1082-1622*40_1082-1626*40_1082-1079*40_1082-1621*40_1082-1627*40_1082-1078*40_1626-1630*41_1200-1199*35_1200-1201*35_1200-1198*35_1200-1202*35_1200-1197*35_1200-1203*35_1200-1196*35_1200-1204*35_1512-877*38_1512-876*38_1512-1508*38_1512-1516*38_786-784*35_786-1504*35_786-1503*35_786-1505*35_786-1502*35_786-1506*35_786-783*35_786-1501*35_786-1507*35_786-782*35_1246-1244*33_1246-1243*33_1246-1242*33_1001-1807*32_1001-1809*32_1001-999*32_1001-1806*32_1001-1810*32_1001-998*32_1001-1805*32_1001-1811*32_1001-997*32_1078-1077*41_1078-1076*41_1078-1075*41_1078-1074*41_1107-1108*33_1299-1301*36_1299-1302*36_1299-1303*36_484-480*32_484-1288*32_1505-781*36_1302-672*37_1302-1304*37_1302-673*37_1302-674*37_1302-1305*37_1302-675*37_1302-1306*37_1811-1812*33_1811-1813*33_1811-1814*33_1811-1815*33_1615-983*37_1615-985*37_1615-1617*37_1615-982*37_1615-986*37_1615-1618*37_1615-981*37_1615-987*37_1615-1619*37_997-996*33_1630-1629*42_1630-1631*42_1630-1176*42_1630-1628*42_1630-1175*42_1630-1177*42_1630-1174*42_1630-1178*42_1630-1173*42_1630-1179*42_1101-1100*33_1101-1099*33_1101-1098*33_1101-1097*33_781-780*37_781-779*37_781-778*37_781-777*37_2398-2399*32_2398-1240*32_2398-1239*32_2398-1241*32_2398-1238*32_2398-1237*32_1814-1096*34_1814-1816*34_1814-1817*34_1814-1818*34_1443-16*23_1443-1440*23_1443-15*23_1443-17*23_1443-14*23_1443-18*23_1305-1307*38_1305-1308*38_1305-1309*38_982-980*38_982-979*38_982-978*38_1198-1195*36_1198-1194*36_690-688*32_690-1496*32_690-1495*32_690-1497*32_690-1494*32_690-1498*32_690-687*32_690-1493*32_690-1499*32_690-686*32_1076-1073*42_1076-1072*42_1076-1528*42_1540-1539*20_1540-1538*20_1540-1537*20_1540-24*20_1540-1536*20_1177-1180*43_1177-1181*43_15-13*24_15-12*24_15-11*24_15-19*24_1194-1193*37_1194-1192*37_1194-1823*37_1194-1822*37_1194-1191*37_1194-1821*37_1194-1190*37_686-685*33_686-684*33_686-683*33_480-1287*33_480-1289*33_480-1286*33_480-1290*33_480-1285*33_480-1291*33_480-1284*33_1096-1819*35_1096-1820*35_1240-1236*33_678-677*35_678-676*35_678-1402*35_678-1403*35_779-776*38_779-1408*38_779-1407*38_779-1409*38_779-1406*38_779-1410*38_779-775*38_2286-2287*24_2286-1040*24_2286-2288*24_2286-1039*24_2286-1041*24_2286-1038*24_2286-1042*24_2286-2289*24_2286-1037*24_2286-2290*24_108-107*22_108-106*22_108-105*22_108-104*22_108-1352*22_1504-1500*36_1516-1517*39_1516-1518*39_1516-1519*39_1516-976*39_1516-1520*39_107-1351*23_107-1353*23_107-1350*23_107-1354*23_107-103*23_1410-1411*39_1410-1412*39_1410-774*39_1410-1413*39_1410-773*39_1410-1414*39_1307-1310*39_1307-1311*39_1311-768*40_1311-1312*40_1311-769*40_1311-1313*40_1311-770*40_1311-1314*40_1311-771*40_1311-1315*40_680-1404*35_1539-23*21_1539-25*21_1539-22*21_1539-26*21_1353-1355*24_1353-102*24_1353-1356*24_1353-101*24_1353-1349*24_1353-1357*24_1403-1405*36_768-772*41_768-1316*41_979-977*39_979-1521*39_979-1522*39_979-975*39_1041-2291*25_1803-1804*32_1412-1415*40_1412-872*40_1412-1416*40_1192-1189*38_1192-1188*38_876-875*39_876-874*39_876-873*39_976-974*40_976-973*40_976-1523*40_976-972*40_976-1524*40_1523-1525*41_1523-1526*41_1523-1527*41_1527-1071*42_1527-1529*42_1527-1070*42_1527-1530*42_1527-1069*42_1527-1531*42_1070-1068*43_1070-1067*43_1070-1066*43_875-1417*40_875-1418*40_875-871*40_972-971*41_972-970*41_972-969*41_972-968*41_972-1424*41_971-1423*42_971-1425*42_971-1422*42_971-1426*42_971-967*42_871-870*41_871-869*41_871-868*41_871-1419*41_871-867*41_11-10*25_11-9*25_11-8*25_11-1344*25_11-1345*25_11-1346*25_11-7*25_1423-1421*43_1423-966*43_1423-1420*43_1423-965*43_1423-1427*43_2291-2292*26_2291-2293*26_2291-2294*26_2291-2295*26_7-6*26_7-5*26_7-4*26_7-1347*26_7-3*26_1067-1065*44_1067-1064*44_1067-1432*44_1067-1431*44_1067-1433*44_1067-1430*44_1067-1434*44_1067-1063*44_2293-1136*27_2293-2296*27_2293-1135*27_2293-1137*27_2293-1134*27_2293-1138*27_2293-2297*27_1433-1435*45_1433-1062*45_1433-1436*45_1433-1061*45_1433-1429*45_1433-1437*45_102-100*25_102-99*25_102-98*25_870-866*42_6-2*27_966-964*44_966-963*44_966-962*44_1135-1133*28_1135-2298*28_1135-1132*28_1135-2299*28_1135-1131*28_1135-1139*28_1316-1317*42_1316-1318*42_1316-1319*42_1316-864*42_1316-1320*42_22-21*22_22-20*22_1319-865*43_1319-1321*43_1319-1322*43_1319-1323*43_1062-1060*46_1062-1059*46_1062-1058*46_1437-1438*46_1437-1439*46_1437-1160*46_1437-1159*46_1437-1161*46_1437-1158*46_1437-1162*46_1188-1187*39_1188-1186*39_1188-1185*39_1188-1184*39_99-97*26_99-96*26_99-1256*26_99-1255*26_99-1257*26_99-1254*26_99-1258*26_1439-1157*47_1439-1163*47_2299-2300*29_2299-2301*29_2299-2302*29_2299-2303*29_963-961*45_963-960*45_963-1328*45_963-1327*45_963-1329*45_963-1326*45_963-1330*45_1058-1057*47_1058-1056*47_1058-1336*47_1058-1335*47_1058-1337*47_1058-1334*47_1058-1338*47_1058-1333*47_1058-1339*47_1258-1259*27_1258-1260*27_1258-1261*27_1258-1262*27_2301-1232*30_2301-1231*30_2301-1233*30_2301-1230*30_2301-1234*30_1330-1331*46_1330-1332*46_2-1*28_2-0*28_2-1248*28_2-1249*28_2-1250*28_2-1251*28_1230-1229*31_1230-1228*31_1230-1227*31_1230-1226*31_0-1252*29_1187-1727*40_1187-1726*40_1187-1183*40_1321-1324*44_1321-1325*44_1157-1156*48_1157-1155*48_1157-1154*48_1157-1153*48_1153-1152*49_1153-1343*49_1153-1342*49_1153-1341*49_1183-1182*41_1183-1725*41_1152-1340*50_
