"id","Scenario","Actual Range","Protocol","Buildings","Total nodes","Nodes on circ","Total coverage","Coverage on circ","Alert received mean time","Hops","Slots","Messages sent","Messages received", "Starting x", "Starting y","Starting node", "Vehicle distance", "Received node ids", "Node ids", "Transmission map", "Received on circ nodes", "Transmission vector"
0,1,100,100,0,1344,44,1340,44,80165.7,15.0455,71.5909,887,1340,675,1600,1115,25,228_1114_1116_227_229_1113_1117_226_230_1112_1118_225_231_1111_1119_232_1115_233_234_1110_1109_1108_1107_1106_1105_144_1104_143_145_142_146_1103_1120_1121_1122_1123_235_236_237_238_1124_1125_1126_1127_224_223_222_221_140_139_1100_147_138_1099_220_219_218_217_312_1128_311_313_1129_310_314_1130_309_315_1098_1131_1097_1101_1096_1102_1095_1094_1093_60_1092_59_61_58_62_1132_1133_1134_1135_216_1032_1031_1033_1030_1034_215_148_149_150_57_56_55_63_151_152_153_239_240_1200_1199_1201_1198_1202_241_1197_1203_242_137_136_135_141_134_1196_1195_1194_1193_133_132_1020_1019_1021_1018_1022_131_1017_1023_130_1036_1037_212_1029_1038_211_1035_214_1192_1191_1190_1189_1136_1137_1138_1139_213_316_210_317_318_319_64_65_66_67_209_208_207_129_128_1016_1024_320_156_1188_321_155_157_1187_322_154_158_1186_323_159_1185_1204_1205_1206_1207_243_244_245_1208_1209_1210_1211_1015_1014_1013_1012_54_53_52_51_1039_1040_1041_68_69_70_396_1140_395_397_1141_394_398_1142_393_399_1143_50_49_48_1008_1009_1010_47_324_1212_1213_1214_325_1144_1145_1146_1147_326_1215_327_246_247_248_249_1216_1217_1218_1219_160_161_162_127_126_125_124_163_164_165_166_1220_1221_1222_1223_1042_1043_300_1044_299_301_298_302_1045_250_251_206_205_204_948_947_949_946_950_203_297_296_1046_295_1047_294_408_1224_407_409_1225_406_410_1226_405_411_1227_46_45_44_1011_43_308_307_306_944_943_200_951_293_942_199_292_291_123_290_122_1228_1229_1230_1231_400_401_402_403_941_940_945_121_392_120_936_935_937_391_934_119_933_390_118_328_71_72_1176_1177_1178_73_1179_74_389_388_387_42_41_40_39_412_413_414_415_198_197_201_196_202_289_195_288_960_959_961_958_962_287_957_963_286_75_76_1180_1284_1283_1285_1282_1286_1281_1287_404_1148_1149_1150_1151_1288_1289_1290_416_417_932_117_931_116_930_938_115_929_939_114_925_926_35_305_167_1272_1271_1273_1270_1274_1269_1275_1291_1292_1293_285_284_283_282_952_953_954_1232_113_112_111_110_304_303_329_330_331_332_928_955_956_1048_1049_1050_1051_281_77_280_279_278_480_1152_479_481_1153_478_482_1154_477_483_1155_194_193_192_864_386_385_384_1056_1055_1057_1054_1058_383_476_484_1156_78_418_419_1308_1307_1309_1306_1310_109_108_852_851_853_850_854_107_849_855_106_1294_1295_1296_335_334_1297_1184_1183_1182_1181_1157_1158_1159_1160_1233_79_80_81_105_104_103_475_277_474_276_876_875_877_473_874_878_275_472_873_879_274_191_863_865_190_862_866_189_861_867_188_860_868_34_33_37_32_38_31_471_470_469_468_1068_872_871_870_869_1311_1312_1313_1314_102_101_100_99_1052_859_858_857_1059_382_856_1060_381_1061_1234_1235_492_1236_491_493_490_494_1237_333_1315_1316_1317_1318_30_29_28_27_1298_1299_1300_1301_485_1268_1267_1062_1063_1064_1065_26_25_98_97_96_768_486_487_1266_1265_1264_1263_880_273_881_1161_1162_1163_564_1164_82_83_1260_1261_1262_24_840_841_23_842_22_843_21_95_767_769_94_766_770_93_765_771_92_764_772_467_1067_1069_466_1066_1070_465_1071_464_1072_184_20_19_18_964_187_463_462_461_460_927_965_966_91_90_89_272_271_270_269_563_565_1165_848_562_566_1166_561_567_1167_560_568_1168_495_1238_496_1239_489_497_1302_1303_1304_501_1322_488_970_1169_1073_1074_1075_1076_1280_1279_1278_1277_1170_1171_268_267_266_265_17_16_15_14_88_87_86_85_1319_1320_13_12_756_757_758_11_759_10_459_1077_1078_458_457_1079_552_1080_1321_1323_1324_503_502_1325_1326_847_846_845_882_883_884_885_380_379_378_377_1172_1173_1174_1327_1328_1329_1330_183_185_182_186_36_924_181_180_780_9_8_7_569_570_571_572_1175_648_647_649_646_650_376_375_374_373_763_762_761_760_1331_1332_587_586_1333_585_1334_886_887_360_888_1276_573_574_575_576_1248_1305_359_361_889_358_362_890_357_363_891_969_971_372_968_972_371_370_967_973_369_974_975_179_779_781_178_778_782_177_777_783_176_776_784_559_558_557_556_368_367_551_553_1081_577_1247_1249_550_554_1082_578_1246_1250_549_555_1083_579_1245_1251_548_1084_580_1244_1252_6_5_4_3_844_645_651_84_684_683_685_682_686_681_687_498_499_500_1335_1336_1337_1338_366_365_364_2_1_0_672_673_674_680_688_264_792_791_793_263_790_794_262_789_795_261_175_174_173_172_1085_581_1086_582_1087_583_1088_584_1240_1241_1242_652_653_260_1253_547_259_546_545_544_456_984_983_985_455_982_986_454_981_987_453_775_774_773_1089_1090_1091_636_892_893_894_895_258_257_675_676_677_678_1339_1340_1341_1342_1243_654_655_1254_171_170_169_168_696_785_786_787_988_452_989_451_990_450_991_1255_1256_1257_1258_449_448_543_447_542_446_541_540_996_356_355_256_255_641_254_253_896_992_897_993_898_994_899_995_445_444_900_635_637_901_634_638_902_443_903_442_252_708_707_709_706_710_1343_640_642_639_643_644_679_695_697_694_698_693_699_671_670_669_538_537_999_536_1000_976_977_978_979_1259_788_705_711_704_712_535_534_533_539_532_441_440_439_438_713_714_715_716_656_657_658_659_633_437_436_435_434_660_717_718_719_336_720_354_353_352_351_904_905_906_907_528_912_337_721_338_722_339_723_340_724_980_997_998_1001_1002_1003_1004_796_797_813_819_430_632_631_630_629_700_701_702_703_1005_1006_1007_624_527_529_911_913_526_530_910_914_525_531_909_915_524_908_916_692_691_690_689_661_662_663_798_799_800_801_429_431_428_432_816_815_817_814_818_427_433_426_1053_917_918_919_920_664_665_666_667_820_821_822_823_623_625_622_626_621_627_620_628_802_824_425_424_725_726_727_728_825_826_827_516_828_921_922_923_612_350_349_348_804_803_805_806_347_729_730_731_420_732_421_733_422_734_423_735_736_668_346_345_344_807_343_523_522_521_520_619_618_617_616_515_517_829_514_518_830_513_519_831_512_832_737_738_342_341_739_740_741_742_743_504_744_505_745_506_746_507_747_511_833_510_834_509_835_508_836_611_613_610_614_609_615_608_607_606_605_604_748_808_809_810_811_603_602_601_812_749_750_751_752_837_838_839_600_599_598_597_753_596_595_594_593_592_591_754_755_588_589_590_,0_1_2_3_4_5_6_7_8_9_10_11_12_13_14_15_16_17_18_19_20_21_22_23_24_25_26_27_28_29_30_31_32_33_34_35_36_37_38_39_40_41_42_43_44_45_46_47_48_49_50_51_52_53_54_55_56_57_58_59_60_61_62_63_64_65_66_67_68_69_70_71_72_73_74_75_76_77_78_79_80_81_82_83_84_85_86_87_88_89_90_91_92_93_94_95_96_97_98_99_100_101_102_103_104_105_106_107_108_109_110_111_112_113_114_115_116_117_118_119_120_121_122_123_124_125_126_127_128_129_130_131_132_133_134_135_136_137_138_139_140_141_142_143_144_145_146_147_148_149_150_151_152_153_154_155_156_157_158_159_160_161_162_163_164_165_166_167_168_169_170_171_172_173_174_175_176_177_178_179_180_181_182_183_184_185_186_187_188_189_190_191_192_193_194_195_196_197_198_199_200_201_202_203_204_205_206_207_208_209_210_211_212_213_214_215_216_217_218_219_220_221_222_223_224_225_226_227_228_229_230_231_232_233_234_235_236_237_238_239_240_241_242_243_244_245_246_247_248_249_250_251_252_253_254_255_256_257_258_259_260_261_262_263_264_265_266_267_268_269_270_271_272_273_274_275_276_277_278_279_280_281_282_283_284_285_286_287_288_289_290_291_292_293_294_295_296_297_298_299_300_301_302_303_304_305_306_307_308_309_310_311_312_313_314_315_316_317_318_319_320_321_322_323_324_325_326_327_328_329_330_331_332_333_334_335_336_337_338_339_340_341_342_343_344_345_346_347_348_349_350_351_352_353_354_355_356_357_358_359_360_361_362_363_364_365_366_367_368_369_370_371_372_373_374_375_376_377_378_379_380_381_382_383_384_385_386_387_388_389_390_391_392_393_394_395_396_397_398_399_400_401_402_403_404_405_406_407_408_409_410_411_412_413_414_415_416_417_418_419_420_421_422_423_424_425_426_427_428_429_430_431_432_433_434_435_436_437_438_439_440_441_442_443_444_445_446_447_448_449_450_451_452_453_454_455_456_457_458_459_460_461_462_463_464_465_466_467_468_469_470_471_472_473_474_475_476_477_478_479_480_481_482_483_484_485_486_487_488_489_490_491_492_493_494_495_496_497_498_499_500_501_502_503_504_505_506_507_508_509_510_511_512_513_514_515_516_517_518_519_520_521_522_523_524_525_526_527_528_529_530_531_532_533_534_535_536_537_538_539_540_541_542_543_544_545_546_547_548_549_550_551_552_553_554_555_556_557_558_559_560_561_562_563_564_565_566_567_568_569_570_571_572_573_574_575_576_577_578_579_580_581_582_583_584_585_586_587_588_589_590_591_592_593_594_595_596_597_598_599_600_601_602_603_604_605_606_607_608_609_610_611_612_613_614_615_616_617_618_619_620_621_622_623_624_625_626_627_628_629_630_631_632_633_634_635_636_637_638_639_640_641_642_643_644_645_646_647_648_649_650_651_652_653_654_655_656_657_658_659_660_661_662_663_664_665_666_667_668_669_670_671_672_673_674_675_676_677_678_679_680_681_682_683_684_685_686_687_688_689_690_691_692_693_694_695_696_697_698_699_700_701_702_703_704_705_706_707_708_709_710_711_712_713_714_715_716_717_718_719_720_721_722_723_724_725_726_727_728_729_730_731_732_733_734_735_736_737_738_739_740_741_742_743_744_745_746_747_748_749_750_751_752_753_754_755_756_757_758_759_760_761_762_763_764_765_766_767_768_769_770_771_772_773_774_775_776_777_778_779_780_781_782_783_784_785_786_787_788_789_790_791_792_793_794_795_796_797_798_799_800_801_802_803_804_805_806_807_808_809_810_811_812_813_814_815_816_817_818_819_820_821_822_823_824_825_826_827_828_829_830_831_832_833_834_835_836_837_838_839_840_841_842_843_844_845_846_847_848_849_850_851_852_853_854_855_856_857_858_859_860_861_862_863_864_865_866_867_868_869_870_871_872_873_874_875_876_877_878_879_880_881_882_883_884_885_886_887_888_889_890_891_892_893_894_895_896_897_898_899_900_901_902_903_904_905_906_907_908_909_910_911_912_913_914_915_916_917_918_919_920_921_922_923_924_925_926_927_928_929_930_931_932_933_934_935_936_937_938_939_940_941_942_943_944_945_946_947_948_949_950_951_952_953_954_955_956_957_958_959_960_961_962_963_964_965_966_967_968_969_970_971_972_973_974_975_976_977_978_979_980_981_982_983_984_985_986_987_988_989_990_991_992_993_994_995_996_997_998_999_1000_1001_1002_1003_1004_1005_1006_1007_1008_1009_1010_1011_1012_1013_1014_1015_1016_1017_1018_1019_1020_1021_1022_1023_1024_1025_1026_1027_1028_1029_1030_1031_1032_1033_1034_1035_1036_1037_1038_1039_1040_1041_1042_1043_1044_1045_1046_1047_1048_1049_1050_1051_1052_1053_1054_1055_1056_1057_1058_1059_1060_1061_1062_1063_1064_1065_1066_1067_1068_1069_1070_1071_1072_1073_1074_1075_1076_1077_1078_1079_1080_1081_1082_1083_1084_1085_1086_1087_1088_1089_1090_1091_1092_1093_1094_1095_1096_1097_1098_1099_1100_1101_1102_1103_1104_1105_1106_1107_1108_1109_1110_1111_1112_1113_1114_1115_1116_1117_1118_1119_1120_1121_1122_1123_1124_1125_1126_1127_1128_1129_1130_1131_1132_1133_1134_1135_1136_1137_1138_1139_1140_1141_1142_1143_1144_1145_1146_1147_1148_1149_1150_1151_1152_1153_1154_1155_1156_1157_1158_1159_1160_1161_1162_1163_1164_1165_1166_1167_1168_1169_1170_1171_1172_1173_1174_1175_1176_1177_1178_1179_1180_1181_1182_1183_1184_1185_1186_1187_1188_1189_1190_1191_1192_1193_1194_1195_1196_1197_1198_1199_1200_1201_1202_1203_1204_1205_1206_1207_1208_1209_1210_1211_1212_1213_1214_1215_1216_1217_1218_1219_1220_1221_1222_1223_1224_1225_1226_1227_1228_1229_1230_1231_1232_1233_1234_1235_1236_1237_1238_1239_1240_1241_1242_1243_1244_1245_1246_1247_1248_1249_1250_1251_1252_1253_1254_1255_1256_1257_1258_1259_1260_1261_1262_1263_1264_1265_1266_1267_1268_1269_1270_1271_1272_1273_1274_1275_1276_1277_1278_1279_1280_1281_1282_1283_1284_1285_1286_1287_1288_1289_1290_1291_1292_1293_1294_1295_1296_1297_1298_1299_1300_1301_1302_1303_1304_1305_1306_1307_1308_1309_1310_1311_1312_1313_1314_1315_1316_1317_1318_1319_1320_1321_1322_1323_1324_1325_1326_1327_1328_1329_1330_1331_1332_1333_1334_1335_1336_1337_1338_1339_1340_1341_1342_1343_,3:{2;1;0;672;673;674;}7:{6;5;4;3;}11:{9;8;7;}14:{13;12;756;757;758;11;759;10;}18:{17;16;15;14;}22:{20;19;18;}25:{24;840;841;23;842;22;843;21;}29:{26;25;}31:{30;29;28;27;}35:{34;33;37;32;38;31;}37:{36;924;}39:{925;926;35;}43:{42;41;40;39;}47:{46;45;44;1011;43;}51:{50;49;48;1008;1009;1010;47;}55:{54;53;52;51;}59:{57;56;55;63;}63:{64;65;66;67;}66:{68;69;70;}70:{71;72;1176;1177;1178;73;1179;74;}72:{75;76;1180;}73:{77;}74:{78;}77:{79;80;81;}81:{82;83;1260;1261;1262;}84:{680;688;}85:{84;684;683;685;682;686;681;687;}89:{88;87;86;85;}93:{91;90;89;}100:{98;97;96;768;}103:{102;101;100;99;}107:{105;104;103;}110:{109;108;852;851;853;850;854;107;849;855;106;}114:{113;112;111;110;}118:{117;116;938;115;939;114;}122:{121;120;936;935;937;934;119;933;118;}126:{123;122;}128:{127;126;125;124;}132:{129;128;1016;1024;}134:{133;132;1020;1019;1021;1018;1022;131;1017;1023;130;}138:{137;136;135;141;134;}142:{140;139;138;}146:{148;149;150;}149:{151;152;153;}158:{160;161;162;}162:{163;164;165;166;}166:{167;1272;1271;1273;1270;1274;1269;1275;}169:{695;697;694;698;693;699;}172:{171;170;169;168;696;}176:{175;174;173;172;}184:{183;185;182;186;181;180;780;}188:{184;}191:{187;}196:{194;193;192;864;}199:{198;197;201;196;202;195;}203:{200;951;199;}207:{206;205;204;948;947;949;946;950;203;}211:{209;208;207;}214:{213;210;}215:{212;1029;211;}218:{1035;214;}219:{216;1032;1031;1033;1030;1034;215;}221:{220;219;218;217;}225:{224;223;222;221;}230:{232;1115;233;234;}234:{235;236;237;238;}238:{239;240;1200;1199;1201;1198;1202;241;1197;1203;242;}241:{243;244;245;}245:{246;247;248;249;}247:{250;251;}251:{1284;1283;1285;1282;1286;1281;1287;}252:{705;711;704;712;}255:{252;708;707;709;706;710;}257:{254;253;}259:{256;255;}261:{258;257;}263:{260;259;}265:{264;792;791;793;263;790;794;262;789;795;261;}269:{268;267;266;265;}273:{272;271;270;269;}278:{277;276;876;875;877;874;878;275;873;879;274;}282:{281;280;279;278;}286:{285;284;283;282;}290:{289;288;960;959;961;958;962;287;957;963;286;}294:{293;292;291;290;}298:{297;296;1046;295;1047;294;}305:{304;303;}309:{305;}310:{308;307;306;}315:{316;317;318;319;}319:{320;321;322;323;}321:{324;1212;1213;1214;325;}323:{326;1215;327;}324:{328;}328:{329;330;331;332;}332:{333;}345:{342;341;}347:{346;345;344;807;343;}351:{350;349;348;804;803;805;806;347;}355:{354;353;352;351;}359:{356;355;}367:{366;365;364;}371:{368;367;}373:{975;}377:{376;375;374;373;}381:{380;379;378;377;}386:{1053;}387:{386;385;384;1056;1055;1057;1054;1058;383;}391:{389;388;387;}394:{392;391;390;}399:{400;401;402;403;}401:{404;}411:{412;413;414;415;}413:{416;417;}417:{418;419;1308;1307;1309;1306;1310;}420:{421;733;422;734;423;735;736;}428:{425;424;}430:{429;431;428;432;816;815;817;814;818;427;433;426;}434:{813;819;430;}438:{437;436;435;434;}442:{441;440;439;438;}446:{445;444;900;901;902;443;903;442;}450:{449;448;447;446;}454:{452;451;450;}457:{456;984;983;985;455;982;986;454;981;987;453;}461:{459;458;457;}464:{463;462;461;460;}472:{471;470;469;468;1068;}476:{475;474;473;472;}480:{476;484;1156;}481:{485;}483:{486;487;}485:{488;}493:{495;1238;496;1239;489;497;}497:{498;499;500;}512:{511;510;509;508;}516:{515;517;829;514;518;830;513;519;831;512;832;}524:{523;522;521;520;}532:{528;912;}536:{535;534;533;539;532;}540:{538;537;999;536;1000;}544:{543;542;541;540;996;}548:{547;546;545;544;}552:{551;553;1081;550;554;1082;549;555;1083;548;1084;}560:{559;558;557;556;}568:{569;570;571;572;}572:{573;574;575;576;1248;}576:{577;1247;1249;578;1246;1250;579;1245;1251;580;1244;1252;}580:{581;582;583;584;}595:{594;593;592;591;}599:{596;595;}605:{603;602;601;}608:{607;606;605;604;}612:{611;613;610;614;609;615;608;}620:{619;618;617;616;}624:{623;625;622;626;621;627;620;628;}633:{632;631;630;629;}637:{633;}641:{640;642;639;643;644;}645:{641;}649:{652;653;}651:{654;655;}655:{656;657;658;659;}656:{660;}659:{661;662;663;}663:{664;665;666;667;}665:{668;}674:{675;676;677;678;}680:{679;}693:{692;691;690;689;}699:{700;701;702;703;}712:{713;714;715;716;}716:{717;718;719;336;720;}720:{337;721;338;722;339;723;340;724;}724:{725;726;727;728;}728:{729;730;731;420;732;}734:{737;738;}736:{739;740;}740:{741;742;743;504;744;}743:{505;745;506;746;507;747;}744:{748;}748:{749;750;751;752;}749:{753;}753:{754;755;588;589;590;}764:{763;762;761;760;}768:{95;767;769;94;766;770;93;765;771;92;764;772;}777:{775;774;773;}780:{179;779;781;178;778;782;177;777;783;176;776;784;}783:{785;786;787;}787:{788;}793:{796;797;}797:{798;799;800;801;}798:{802;}807:{808;809;810;811;}808:{812;}819:{820;821;822;823;}820:{824;}824:{825;826;827;516;828;}832:{833;834;835;836;}836:{837;838;839;600;}839:{599;598;597;}845:{844;}849:{847;846;845;}852:{848;}860:{859;858;857;856;}864:{191;863;865;190;862;866;189;861;867;188;860;868;}873:{872;871;870;869;}877:{880;273;881;}881:{882;883;884;885;}884:{886;887;360;888;}887:{359;361;889;358;362;890;357;363;891;}891:{892;893;894;895;}895:{896;897;898;899;}903:{904;905;906;907;}912:{527;529;911;913;526;530;910;914;525;531;909;915;524;908;916;}916:{917;918;919;920;}920:{921;922;923;612;}931:{927;}932:{928;}933:{932;931;930;929;}942:{941;940;945;}946:{944;943;942;}950:{952;953;954;}952:{955;956;}960:{964;}962:{965;966;}966:{970;}970:{969;971;372;968;972;371;370;967;973;369;974;}975:{976;977;978;979;}976:{980;}987:{988;989;990;991;}991:{992;993;994;995;}995:{997;998;}1000:{1001;1002;1003;1004;}1004:{1005;1006;1007;624;}1016:{1015;1014;1013;1012;}1034:{1036;1037;1038;}1037:{1039;1040;1041;}1041:{1042;1043;300;1044;299;301;298;302;1045;}1047:{1048;1049;1050;1051;}1051:{1052;}1057:{1059;382;1060;381;1061;}1061:{1062;1063;1064;1065;}1068:{467;1067;1069;466;1066;1070;465;1071;464;1072;}1072:{1073;1074;1075;1076;}1076:{1077;1078;1079;552;1080;}1084:{1085;1086;1087;1088;}1088:{1089;1090;1091;636;}1089:{635;637;634;638;}1095:{1094;1093;60;1092;59;61;58;62;}1099:{1098;1097;1101;1096;1102;1095;}1103:{1100;147;1099;}1107:{1106;1105;144;1104;143;145;142;146;1103;}1111:{1110;1109;1108;1107;}1115:{228;1114;1116;227;229;1113;1117;226;230;1112;1118;225;231;1111;1119;}1119:{1120;1121;1122;1123;}1123:{1124;1125;1126;1127;}1127:{312;1128;311;313;1129;310;314;1130;309;315;1131;}1131:{1132;1133;1134;1135;}1135:{1136;1137;1138;1139;}1139:{396;1140;395;397;1141;394;398;1142;393;399;1143;}1143:{1144;1145;1146;1147;}1147:{1148;1149;1150;1151;}1151:{480;1152;479;481;1153;478;482;1154;477;483;1155;}1156:{1157;1158;1159;1160;}1160:{1161;1162;1163;564;1164;}1164:{563;565;1165;562;566;1166;561;567;1167;560;568;1168;}1165:{1169;}1167:{1170;1171;}1170:{1172;1173;1174;}1173:{1175;648;647;649;646;650;}1174:{645;651;}1185:{1184;1183;1182;1181;}1189:{156;1188;155;157;1187;154;158;1186;159;1185;}1193:{1192;1191;1190;1189;}1197:{1196;1195;1194;1193;}1203:{1204;1205;1206;1207;}1207:{1208;1209;1210;1211;}1215:{1216;1217;1218;1219;}1219:{1220;1221;1222;1223;}1223:{408;1224;407;409;1225;406;410;1226;405;411;1227;}1227:{1228;1229;1230;1231;}1228:{1232;}1229:{1233;}1233:{1234;1235;492;1236;491;493;490;494;1237;}1238:{1240;1241;1242;}1239:{1243;}1249:{1253;}1250:{1254;}1254:{1255;1256;1257;1258;}1255:{1259;}1267:{1266;1265;1264;1263;}1271:{1268;1267;}1279:{1276;}1281:{1280;1279;1278;1277;}1286:{1288;1289;1290;}1289:{1291;1292;1293;}1293:{1294;1295;1296;335;334;1297;}1297:{1298;1299;1300;1301;}1300:{1302;1303;1304;}1308:{1305;}1310:{1311;1312;1313;1314;}1314:{1315;1316;1317;1318;}1316:{1319;1320;}1318:{501;1322;}1322:{1321;1323;1324;503;502;1325;1326;}1326:{1327;1328;1329;1330;}1330:{1331;1332;587;586;1333;585;1334;}1334:{1335;1336;1337;1338;}1338:{1339;1340;1341;1342;}1340:{1343;}1343:{671;670;669;},27_28_105_106_188_189_274_275_364_365_366_463_464_465_466_467_493_494_495_496_497_844_845_846_847_848_878_879_880_881_882_978_979_980_1069_1070_1154_1155_1156_1237_1238_1314_1315_1316_,1115-228*0_1115-1114*0_1115-1116*0_1115-227*0_1115-229*0_1115-1113*0_1115-1117*0_1115-226*0_1115-230*0_1115-1112*0_1115-1118*0_1115-225*0_1115-231*0_1115-1111*0_1115-1119*0_230-232*1_230-1115*1_230-233*1_230-234*1_1111-1110*1_1111-1109*1_1111-1108*1_1111-1107*1_1107-1106*2_1107-1105*2_1107-144*2_1107-1104*2_1107-143*2_1107-145*2_1107-142*2_1107-146*2_1107-1103*2_1119-1120*2_1119-1121*2_1119-1122*2_1119-1123*2_234-235*2_234-236*2_234-237*2_234-238*2_1123-1124*3_1123-1125*3_1123-1126*3_1123-1127*3_225-224*1_225-223*1_225-222*1_225-221*1_142-140*3_142-139*3_1103-1100*3_1103-147*3_142-138*3_1103-1099*3_221-220*2_221-219*2_221-218*2_221-217*2_1127-312*4_1127-1128*4_1127-311*4_1127-313*4_1127-1129*4_1127-310*4_1127-314*4_1127-1130*4_1127-309*4_1127-315*4_1099-1098*4_1127-1131*4_1099-1097*4_1099-1101*4_1099-1096*4_1099-1102*4_1099-1095*4_1095-1094*5_1095-1093*5_1095-60*5_1095-1092*5_1095-59*5_1095-61*5_1095-58*5_1095-62*5_1131-1132*5_1131-1133*5_1131-1134*5_1131-1135*5_219-216*3_219-1032*3_219-1031*3_219-1033*3_219-1030*3_219-1034*3_219-215*3_146-148*3_146-149*3_146-150*3_59-57*6_59-56*6_59-55*6_59-63*6_149-151*4_149-152*4_149-153*4_238-239*3_238-240*3_238-1200*3_238-1199*3_238-1201*3_238-1198*3_238-1202*3_238-241*3_238-1197*3_238-1203*3_238-242*3_138-137*4_138-136*4_138-135*4_138-141*4_138-134*4_1197-1196*4_1197-1195*4_1197-1194*4_1197-1193*4_134-133*5_134-132*5_134-1020*5_134-1019*5_134-1021*5_134-1018*5_134-1022*5_134-131*5_134-1017*5_134-1023*5_134-130*5_1034-1036*4_1034-1037*4_215-212*4_215-1029*4_1034-1038*4_215-211*4_218-1035*4_218-214*4_1193-1192*5_1193-1191*5_1193-1190*5_1193-1189*5_1135-1136*6_1135-1137*6_1135-1138*6_1135-1139*6_214-213*5_315-316*5_214-210*5_315-317*5_315-318*5_315-319*5_63-64*7_63-65*7_63-66*7_63-67*7_211-209*6_211-208*6_211-207*6_132-129*6_132-128*6_132-1016*6_132-1024*6_319-320*6_1189-156*6_1189-1188*6_319-321*6_1189-155*6_1189-157*6_1189-1187*6_319-322*6_1189-154*6_1189-158*6_1189-1186*6_319-323*6_1189-159*6_1189-1185*6_1203-1204*4_1203-1205*4_1203-1206*4_1203-1207*4_241-243*5_241-244*5_241-245*5_1207-1208*5_1207-1209*5_1207-1210*5_1207-1211*5_1016-1015*7_1016-1014*7_1016-1013*7_1016-1012*7_55-54*7_55-53*7_55-52*7_55-51*7_1037-1039*5_1037-1040*5_1037-1041*5_66-68*8_66-69*8_66-70*8_1139-396*7_1139-1140*7_1139-395*7_1139-397*7_1139-1141*7_1139-394*7_1139-398*7_1139-1142*7_1139-393*7_1139-399*7_1139-1143*7_51-50*8_51-49*8_51-48*8_51-1008*8_51-1009*8_51-1010*8_51-47*8_321-324*7_321-1212*7_321-1213*7_321-1214*7_321-325*7_1143-1144*8_1143-1145*8_1143-1146*8_1143-1147*8_323-326*7_323-1215*7_323-327*7_245-246*6_245-247*6_245-248*6_245-249*6_1215-1216*8_1215-1217*8_1215-1218*8_1215-1219*8_158-160*7_158-161*7_158-162*7_128-127*7_128-126*7_128-125*7_128-124*7_162-163*8_162-164*8_162-165*8_162-166*8_1219-1220*9_1219-1221*9_1219-1222*9_1219-1223*9_1041-1042*6_1041-1043*6_1041-300*6_1041-1044*6_1041-299*6_1041-301*6_1041-298*6_1041-302*6_1041-1045*6_247-250*7_247-251*7_207-206*7_207-205*7_207-204*7_207-948*7_207-947*7_207-949*7_207-946*7_207-950*7_207-203*7_298-297*7_298-296*7_298-1046*7_298-295*7_298-1047*7_298-294*7_1223-408*10_1223-1224*10_1223-407*10_1223-409*10_1223-1225*10_1223-406*10_1223-410*10_1223-1226*10_1223-405*10_1223-411*10_1223-1227*10_47-46*9_47-45*9_47-44*9_47-1011*9_47-43*9_310-308*5_310-307*5_310-306*5_946-944*8_946-943*8_203-200*8_203-951*8_294-293*8_946-942*8_203-199*8_294-292*8_294-291*8_126-123*8_294-290*8_126-122*8_1227-1228*11_1227-1229*11_1227-1230*11_1227-1231*11_399-400*8_399-401*8_399-402*8_399-403*8_942-941*9_942-940*9_942-945*9_122-121*9_394-392*9_122-120*9_122-936*9_122-935*9_122-937*9_394-391*9_122-934*9_122-119*9_122-933*9_394-390*9_122-118*9_324-328*9_70-71*9_70-72*9_70-1176*9_70-1177*9_70-1178*9_70-73*9_70-1179*9_70-74*9_391-389*10_391-388*10_391-387*10_43-42*10_43-41*10_43-40*10_43-39*10_411-412*11_411-413*11_411-414*11_411-415*11_199-198*9_199-197*9_199-201*9_199-196*9_199-202*9_290-289*9_199-195*9_290-288*9_290-960*9_290-959*9_290-961*9_290-958*9_290-962*9_290-287*9_290-957*9_290-963*9_290-286*9_72-75*10_72-76*10_72-1180*10_251-1284*8_251-1283*8_251-1285*8_251-1282*8_251-1286*8_251-1281*8_251-1287*8_401-404*10_1147-1148*9_1147-1149*9_1147-1150*9_1147-1151*9_1286-1288*9_1286-1289*9_1286-1290*9_413-416*12_413-417*12_933-932*10_118-117*10_933-931*10_118-116*10_933-930*10_118-938*10_118-115*10_933-929*10_118-939*10_118-114*10_39-925*11_39-926*11_39-35*11_309-305*6_166-167*9_166-1272*9_166-1271*9_166-1273*9_166-1270*9_166-1274*9_166-1269*9_166-1275*9_1289-1291*10_1289-1292*10_1289-1293*10_286-285*10_286-284*10_286-283*10_286-282*10_950-952*8_950-953*8_950-954*8_1228-1232*12_114-113*11_114-112*11_114-111*11_114-110*11_305-304*7_305-303*7_328-329*10_328-330*10_328-331*10_328-332*10_932-928*11_952-955*9_952-956*9_1047-1048*8_1047-1049*8_1047-1050*8_1047-1051*8_282-281*11_73-77*11_282-280*11_282-279*11_282-278*11_1151-480*10_1151-1152*10_1151-479*10_1151-481*10_1151-1153*10_1151-478*10_1151-482*10_1151-1154*10_1151-477*10_1151-483*10_1151-1155*10_196-194*10_196-193*10_196-192*10_196-864*10_387-386*11_387-385*11_387-384*11_387-1056*11_387-1055*11_387-1057*11_387-1054*11_387-1058*11_387-383*11_480-476*11_480-484*11_480-1156*11_74-78*12_417-418*13_417-419*13_417-1308*13_417-1307*13_417-1309*13_417-1306*13_417-1310*13_110-109*12_110-108*12_110-852*12_110-851*12_110-853*12_110-850*12_110-854*12_110-107*12_110-849*12_110-855*12_110-106*12_1293-1294*11_1293-1295*11_1293-1296*11_1293-335*11_1293-334*11_1293-1297*11_1185-1184*8_1185-1183*8_1185-1182*8_1185-1181*8_1156-1157*12_1156-1158*12_1156-1159*12_1156-1160*12_1229-1233*13_77-79*13_77-80*13_77-81*13_107-105*13_107-104*13_107-103*13_476-475*12_278-277*12_476-474*12_278-276*12_278-876*12_278-875*12_278-877*12_476-473*12_278-874*12_278-878*12_278-275*12_476-472*12_278-873*12_278-879*12_278-274*12_864-191*11_864-863*11_864-865*11_864-190*11_864-862*11_864-866*11_864-189*11_864-861*11_864-867*11_864-188*11_864-860*11_864-868*11_35-34*12_35-33*12_35-37*12_35-32*12_35-38*12_35-31*12_472-471*13_472-470*13_472-469*13_472-468*13_472-1068*13_873-872*13_873-871*13_873-870*13_873-869*13_1310-1311*14_1310-1312*14_1310-1313*14_1310-1314*14_103-102*14_103-101*14_103-100*14_103-99*14_1051-1052*9_860-859*12_860-858*12_860-857*12_1057-1059*12_1057-382*12_860-856*12_1057-1060*12_1057-381*12_1057-1061*12_1233-1234*14_1233-1235*14_1233-492*14_1233-1236*14_1233-491*14_1233-493*14_1233-490*14_1233-494*14_1233-1237*14_332-333*11_1314-1315*15_1314-1316*15_1314-1317*15_1314-1318*15_31-30*13_31-29*13_31-28*13_31-27*13_1297-1298*12_1297-1299*12_1297-1300*12_1297-1301*12_481-485*13_1271-1268*10_1271-1267*10_1061-1062*13_1061-1063*13_1061-1064*13_1061-1065*13_29-26*14_29-25*14_100-98*15_100-97*15_100-96*15_100-768*15_483-486*14_483-487*14_1267-1266*11_1267-1265*11_1267-1264*11_1267-1263*11_877-880*14_877-273*14_877-881*14_1160-1161*13_1160-1162*13_1160-1163*13_1160-564*13_1160-1164*13_81-82*14_81-83*14_81-1260*14_81-1261*14_81-1262*14_25-24*15_25-840*15_25-841*15_25-23*15_25-842*15_25-22*15_25-843*15_25-21*15_768-95*16_768-767*16_768-769*16_768-94*16_768-766*16_768-770*16_768-93*16_768-765*16_768-771*16_768-92*16_768-764*16_768-772*16_1068-467*14_1068-1067*14_1068-1069*14_1068-466*14_1068-1066*14_1068-1070*14_1068-465*14_1068-1071*14_1068-464*14_1068-1072*14_188-184*12_22-20*16_22-19*16_22-18*16_960-964*12_191-187*12_464-463*15_464-462*15_464-461*15_464-460*15_931-927*13_962-965*13_962-966*13_93-91*17_93-90*17_93-89*17_273-272*15_273-271*15_273-270*15_273-269*15_1164-563*14_1164-565*14_1164-1165*14_852-848*14_1164-562*14_1164-566*14_1164-1166*14_1164-561*14_1164-567*14_1164-1167*14_1164-560*14_1164-568*14_1164-1168*14_493-495*15_493-1238*15_493-496*15_493-1239*15_493-489*15_493-497*15_1300-1302*13_1300-1303*13_1300-1304*13_1318-501*16_1318-1322*16_485-488*15_966-970*14_1165-1169*15_1072-1073*15_1072-1074*15_1072-1075*15_1072-1076*15_1281-1280*9_1281-1279*9_1281-1278*9_1281-1277*9_1167-1170*16_1167-1171*16_269-268*16_269-267*16_269-266*16_269-265*16_18-17*17_18-16*17_18-15*17_18-14*17_89-88*18_89-87*18_89-86*18_89-85*18_1316-1319*16_1316-1320*16_14-13*18_14-12*18_14-756*18_14-757*18_14-758*18_14-11*18_14-759*18_14-10*18_461-459*16_1076-1077*16_1076-1078*16_461-458*16_461-457*16_1076-1079*16_1076-552*16_1076-1080*16_1322-1321*17_1322-1323*17_1322-1324*17_1322-503*17_1322-502*17_1322-1325*17_1322-1326*17_849-847*15_849-846*15_849-845*15_881-882*15_881-883*15_881-884*15_881-885*15_381-380*13_381-379*13_381-378*13_381-377*13_1170-1172*17_1170-1173*17_1170-1174*17_1326-1327*18_1326-1328*18_1326-1329*18_1326-1330*18_184-183*13_184-185*13_184-182*13_184-186*13_37-36*13_37-924*13_184-181*13_184-180*13_184-780*13_11-9*19_11-8*19_11-7*19_568-569*15_568-570*15_568-571*15_568-572*15_1173-1175*18_1173-648*18_1173-647*18_1173-649*18_1173-646*18_1173-650*18_377-376*14_377-375*14_377-374*14_377-373*14_764-763*17_764-762*17_764-761*17_764-760*17_1330-1331*19_1330-1332*19_1330-587*19_1330-586*19_1330-1333*19_1330-585*19_1330-1334*19_884-886*16_884-887*16_884-360*16_884-888*16_1279-1276*10_572-573*16_572-574*16_572-575*16_572-576*16_572-1248*16_1308-1305*15_887-359*17_887-361*17_887-889*17_887-358*17_887-362*17_887-890*17_887-357*17_887-363*17_887-891*17_970-969*15_970-971*15_970-372*15_970-968*15_970-972*15_970-371*15_970-370*15_970-967*15_970-973*15_970-369*15_970-974*15_373-975*15_780-179*14_780-779*14_780-781*14_780-178*14_780-778*14_780-782*14_780-177*14_780-777*14_780-783*14_780-176*14_780-776*14_780-784*14_560-559*15_560-558*15_560-557*15_560-556*15_371-368*16_371-367*16_552-551*17_552-553*17_552-1081*17_576-577*17_576-1247*17_576-1249*17_552-550*17_552-554*17_552-1082*17_576-578*17_576-1246*17_576-1250*17_552-549*17_552-555*17_552-1083*17_576-579*17_576-1245*17_576-1251*17_552-548*17_552-1084*17_576-580*17_576-1244*17_576-1252*17_7-6*20_7-5*20_7-4*20_7-3*20_845-844*16_1174-645*19_1174-651*19_85-84*19_85-684*19_85-683*19_85-685*19_85-682*19_85-686*19_85-681*19_85-687*19_497-498*16_497-499*16_497-500*16_1334-1335*20_1334-1336*20_1334-1337*20_1334-1338*20_367-366*17_367-365*17_367-364*17_3-2*21_3-1*21_3-0*21_3-672*21_3-673*21_3-674*21_84-680*20_84-688*20_265-264*17_265-792*17_265-791*17_265-793*17_265-263*17_265-790*17_265-794*17_265-262*17_265-789*17_265-795*17_265-261*17_176-175*15_176-174*15_176-173*15_176-172*15_1084-1085*18_580-581*18_1084-1086*18_580-582*18_1084-1087*18_580-583*18_1084-1088*18_580-584*18_1238-1240*17_1238-1241*17_1238-1242*17_649-652*20_649-653*20_263-260*18_1249-1253*18_548-547*18_263-259*18_548-546*18_548-545*18_548-544*18_457-456*17_457-984*17_457-983*17_457-985*17_457-455*17_457-982*17_457-986*17_457-454*17_457-981*17_457-987*17_457-453*17_777-775*15_777-774*15_777-773*15_1088-1089*19_1088-1090*19_1088-1091*19_1088-636*19_891-892*18_891-893*18_891-894*18_891-895*18_261-258*19_261-257*19_674-675*22_674-676*22_674-677*22_674-678*22_1338-1339*21_1338-1340*21_1338-1341*21_1338-1342*21_1239-1243*18_651-654*21_651-655*21_1250-1254*19_172-171*16_172-170*16_172-169*16_172-168*16_172-696*16_783-785*15_783-786*15_783-787*15_987-988*18_454-452*18_987-989*18_454-451*18_987-990*18_454-450*18_987-991*18_1254-1255*20_1254-1256*20_1254-1257*20_1254-1258*20_450-449*19_450-448*19_544-543*19_450-447*19_544-542*19_450-446*19_544-541*19_544-540*19_544-996*19_359-356*19_359-355*19_259-256*20_259-255*20_645-641*21_257-254*20_257-253*20_895-896*19_991-992*19_895-897*19_991-993*19_895-898*19_991-994*19_895-899*19_991-995*19_446-445*20_446-444*20_446-900*20_1089-635*20_1089-637*20_446-901*20_1089-634*20_1089-638*20_446-902*20_446-443*20_446-903*20_446-442*20_255-252*21_255-708*21_255-707*21_255-709*21_255-706*21_255-710*21_1340-1343*22_641-640*22_641-642*22_641-639*22_641-643*22_641-644*22_680-679*21_169-695*17_169-697*17_169-694*17_169-698*17_169-693*17_169-699*17_1343-671*23_1343-670*23_1343-669*23_540-538*20_540-537*20_540-999*20_540-536*20_540-1000*20_975-976*17_975-977*17_975-978*17_975-979*17_1255-1259*21_787-788*16_252-705*22_252-711*22_252-704*22_252-712*22_536-535*21_536-534*21_536-533*21_536-539*21_536-532*21_442-441*21_442-440*21_442-439*21_442-438*21_712-713*23_712-714*23_712-715*23_712-716*23_655-656*22_655-657*22_655-658*22_655-659*22_637-633*23_438-437*22_438-436*22_438-435*22_438-434*22_656-660*23_716-717*24_716-718*24_716-719*24_716-336*24_716-720*24_355-354*20_355-353*20_355-352*20_355-351*20_903-904*22_903-905*22_903-906*22_903-907*22_532-528*22_532-912*22_720-337*25_720-721*25_720-338*25_720-722*25_720-339*25_720-723*25_720-340*25_720-724*25_976-980*18_995-997*20_995-998*20_1000-1001*21_1000-1002*21_1000-1003*21_1000-1004*21_793-796*21_793-797*21_434-813*23_434-819*23_434-430*23_633-632*24_633-631*24_633-630*24_633-629*24_699-700*19_699-701*19_699-702*19_699-703*19_1004-1005*22_1004-1006*22_1004-1007*22_1004-624*22_912-527*23_912-529*23_912-911*23_912-913*23_912-526*23_912-530*23_912-910*23_912-914*23_912-525*23_912-531*23_912-909*23_912-915*23_912-524*23_912-908*23_912-916*23_693-692*19_693-691*19_693-690*19_693-689*19_659-661*24_659-662*24_659-663*24_797-798*22_797-799*22_797-800*22_797-801*22_430-429*24_430-431*24_430-428*24_430-432*24_430-816*24_430-815*24_430-817*24_430-814*24_430-818*24_430-427*24_430-433*24_430-426*24_386-1053*13_916-917*24_916-918*24_916-919*24_916-920*24_663-664*25_663-665*25_663-666*25_663-667*25_819-820*25_819-821*25_819-822*25_819-823*25_624-623*23_624-625*23_624-622*23_624-626*23_624-621*23_624-627*23_624-620*23_624-628*23_798-802*23_820-824*26_428-425*25_428-424*25_724-725*26_724-726*26_724-727*26_724-728*26_824-825*27_824-826*27_824-827*27_824-516*27_824-828*27_920-921*25_920-922*25_920-923*25_920-612*25_351-350*21_351-349*21_351-348*21_351-804*21_351-803*21_351-805*21_351-806*21_351-347*21_728-729*27_728-730*27_728-731*27_728-420*27_728-732*27_420-421*28_420-733*28_420-422*28_420-734*28_420-423*28_420-735*28_420-736*28_665-668*26_347-346*22_347-345*22_347-344*22_347-807*22_347-343*22_524-523*26_524-522*26_524-521*26_524-520*26_620-619*24_620-618*24_620-617*24_620-616*24_516-515*28_516-517*28_516-829*28_516-514*28_516-518*28_516-830*28_516-513*28_516-519*28_516-831*28_516-512*28_516-832*28_734-737*29_734-738*29_345-342*25_345-341*25_736-739*29_736-740*29_740-741*30_740-742*30_740-743*30_740-504*30_740-744*30_743-505*31_743-745*31_743-506*31_743-746*31_743-507*31_743-747*31_512-511*29_832-833*29_512-510*29_832-834*29_512-509*29_832-835*29_512-508*29_832-836*29_612-611*26_612-613*26_612-610*26_612-614*26_612-609*26_612-615*26_612-608*26_608-607*27_608-606*27_608-605*27_608-604*27_744-748*32_807-808*25_807-809*25_807-810*25_807-811*25_605-603*28_605-602*28_605-601*28_808-812*26_748-749*33_748-750*33_748-751*33_748-752*33_836-837*30_836-838*30_836-839*30_836-600*30_839-599*31_839-598*31_839-597*31_749-753*34_599-596*32_599-595*32_595-594*33_595-593*33_595-592*33_595-591*33_753-754*35_753-755*35_753-588*35_753-589*35_753-590*35_
