"id","Scenario","Actual Range","Protocol","Buildings","Total nodes","Nodes on circ","Total coverage","Coverage on circ","Alert received mean time","Hops","Slots","Messages sent","Messages received", "Starting x", "Starting y","Starting node", "Vehicle distance", "Received node ids", "Node ids", "Transmission map", "Received on circ nodes", "Transmission vector"
0,1,500,0,1,1776,80,1511,78,154724,11.6282,127.231,692,1511,1153.84,1884.7,310,25,309_311_308_312_294_314_274_315_273_316_272_277_278_286_276_287_285_851_284_275_279_270_310_271_850_293_852_281_848_282_288_289_290_292_216_217_218_219_174_203_220_221_334_342_337_222_175_173_176_338_223_177_339_178_215_226_340_179_181_227_343_204_205_140_139_847_206_849_138_141_207_137_142_208_1739_143_4_1775_6_1737_209_1774_145_1735_605_134_144_606_135_686_1717_1715_260_259_261_262_182_184_5_214_212_1738_211_1736_210_1740_1741_172_1734_1742_1744_655_201_599_607_7_186_187_188_183_189_100_671_101_117_103_112_200_171_170_168_751_344_345_351_266_348_265_264_593_594_381_198_133_130_131_148_199_317_318_1196_319_320_321_1195_1460_1461_1462_1463_1464_1459_1458_1473_197_124_126_123_122_656_612_611_670_667_185_666_190_104_116_665_192_664_659_660_661_608_649_650_1191_1190_1189_1474_1471_146_597_652_583_653_132_196_654_651_121_616_610_118_115_614_105_106_658_609_600_603_604_167_346_341_352_119_120_615_642_617_641_618_640_619_639_620_638_621_637_622_623_625_626_632_627_631_630_628_643_629_633_636_634_127_1468_1469_1465_1467_1563_1562_595_592_571_570_572_353_383_587_350_357_163_349_354_356_162_166_355_161_588_160_589_159_864_590_865_157_857_867_869_868_151_813_152_802_153_283_853_574_573_165_129_128_663_90_89_662_673_674_95_675_567_382_379_384_373_385_441_374_440_156_155_596_575_1561_1560_1470_1456_644_645_386_387_439_437_154_647_648_57_59_60_149_585_601_1197_697_698_1198_1200_1201_107_108_109_110_111_672_56_55_54_53_52_51_50_40_41_150_1202_1203_703_1205_39_42_30_29_43_45_44_678_586_432_431_430_429_442_443_428_427_426_425_438_436_434_433_566_389_444_423_415_416_417_418_414_412_411_445_410_409_394_419_1494_1495_268_257_263_256_229_46_31_598_578_579_584_164_576_228_230_255_331_332_267_333_420_421_422_581_582_1223_1204_1219_375_361_362_376_372_360_378_368_370_359_568_365_676_677_49_505_519_88_96_1472_1475_1476_63_38_67_27_504_518_503_517_501_530_704_1220_1206_48_1207_1217_1759_1215_1240_1208_1758_1239_701_700_1756_1216_1218_696_1214_695_1213_1212_1209_1224_693_388_390_392_393_577_1211_1225_1226_1227_1228_1229_1241_1242_1243_1245_1246_1429_1428_1247_1231_328_329_327_242_1496_1497_1498_1500_363_377_364_367_366_516_512_1501_1502_1504_1503_1528_1552_1527_99_98_97_193_194_195_94_70_86_68_75_76_66_65_85_77_78_64_84_62_79_81_35_17_34_33_1709_1505_1755_1757_1753_1752_1526_1531_1507_1551_1525_1530_1529_61_93_71_87_685_92_72_684_73_683_12_32_28_565_1427_1426_1524_1520_1519_1508_1518_395_396_515_514_371_1760_1751_1761_1749_400_408_398_397_1762_1763_37_26_1556_1238_1237_1236_1235_1234_1232_24_23_682_681_679_1705_1706_1707_1708_1690_1691_1764_1230_1575_1574_1573_1484_1478_1485_1479_1486_1480_1481_1482_1483_1493_1410_1421_403_401_404_405_560_559_556_555_554_1576_407_694_1118_1388_1117_1150_1399_1119_809_1377_399_241_243_240_239_524_724_238_735_1014_1432_1018_1444_808_1522_1517_1523_1516_1535_1550_1572_1571_1570_1569_1568_1567_1565_1564_1578_1579_828_806_1553_1557_1582_1581_1766_1262_1261_1263_1264_1366_1355_1455_825_823_1466_750_749_748_747_1716_742_746_757_744_743_513_835_1772_1265_1260_1613_690_1627_1013_1012_1002_1542_1533_692_1558_1559_1511_1509_1442_406_768_761_780_791_758_759_535_760_733_884_885_886_734_736_737_752_824_546_754_1248_1249_1250_1292_1291_1295_1294_1600_840_839_838_837_831_1549_1548_1534_1545_1544_82_83_18_19_1702_753_755_756_836_834_833_832_558_569_1580_1430_1425_1424_1423_1422_1420_1396_1398_511_510_509_508_738_887_890_716_766_714_548_712_717_907_1116_1094_1152_1092_1477_1488_1499_1510_826_1521_797_795_810_815_807_811_937_547_891_545_715_893_728_741_870_745_871_872_1612_1611_892_729_894_739_727_711_906_896_908_909_910_830_888_1541_1515_1443_1554_882_883_771_1512_1513_1583_829_855_1614_1771_1770_1615_1773_1769_1618_1619_1617_1616_1768_1625_1724_1725_1767_1601_1723_1267_1726_1722_1727_1268_1286_1728_1269_1285_1729_1284_1720_1730_1283_1719_1731_1282_1718_1281_1733_1280_1279_1278_1287_1289_1290_726_895_725_730_723_722_731_544_898_8_1395_1397_1394_1400_1585_1401_1393_1409_1586_1404_1305_1274_1273_1275_1276_1603_1602_1256_1293_1296_1297_1303_1302_1301_1298_1300_1608_1315_1312_812_814_936_938_816_934_1304_1311_1313_1322_1316_1317_1318_1319_1019_1021_1015_1001_20_1711_1712_897_467_1270_1271_1272_856_854_1655_1320_1356_1354_1353_1352_1604_1605_1606_1607_1514_1584_935_939_940_932_931_930_929_999_1540_1536_1537_1_1110_1221_1332_719_720_466_846_1357_1358_1539_1538_873_874_875_531_532_533_561_562_563_564_528_529_817_1532_1547_465_468_464_901_721_526_0_1701_1703_1704_1696_1695_1694_1664_22_1667_21_1668_16_15_13_1713_1714_11_74_10_1624_1626_1623_1622_1628_1693_1692_1020_1663_1662_688_687_689_525_463_462_523_461_522_521_459_520_1392_1391_1386_1416_1385_1403_1402_1408_863_862_861_860_859_858_500_494_497_448_1016_1003_1017_1023_1007_1008_1376_1378_1375_1379_1374_1380_1381_1373_1382_1372_1365_1367_1368_1369_553_552_1344_827_1177_933_1669_881_452_454_451_899_470_471_551_880_550_879_1364_1363_1370_1371_1598_1346_1390_1389_1387_1349_1351_1350_1024_1025_1009_1010_966_767_718_941_942_818_819_948_947_961_960_549_543_542_732_943_946_995_962_820_3_14_1765_25_1754_794_912_1743_793_740_47_1732_913_792_69_1721_914_1710_915_1699_916_917_1688_918_1677_919_1666_920_1040_1039_1038_1037_1036_1035_496_449_805_804_801_803_800_1096_1095_798_994_996_949_950_997_922_944_1188_1000_900_1210_955_911_1011_1022_1033_1044_959_958_1026_963_1027_1028_964_1029_981_970_978_971_534_475_474_476_921_1086_1085_1032_473_477_495_498_499_493_487_1629_1630_527_902_472_541_540_1689_9_1431_1433_1034_1599_1588_1610_1047_822_925_926_1577_821_1632_539_538_537_536_1254_1348_1347_1006_980_979_945_1306_1307_1308_1334_1595_1309_1596_1597_972_984_973_983_985_965_982_967_986_974_987_975_1631_1633_1634_1635_1636_1637_1638_977_991_478_479_481_482_483_484_988_993_992_953_954_956_450_1259_1362_1593_1361_1592_1360_1591_1590_1338_976_460_457_507_456_506_455_490_492_1639_1640_1679_1641_1642_1644_1645_1646_924_923_927_772_773_790_903_904_905_36_58_413_402_1253_1252_1251_1412_1413_1414_1419_1678_488_1434_1435_1436_1437_1697_1698_1700_1670_1506_1411_1055_446_1066_1077_889_1310_877_1199_1299_866_1288_779_668_557_998_1654_788_1661_1671_1659_1660_1314_1587_1384_1609_1005_1004_928_1621_1650_1651_1652_1649_1653_1648_1658_1657_1656_1672_878_876_1323_1330_957_951_990_969_1335_1336_580_1555_1566_1543_1105_1440_1439_1546_989_1144_1133_1155_968_1122_1166_1031_1337_1341_1339_1594_1326_1325_1340_1324_1345_1030_952_1415_1417_1418_1331_796_1106_1647_1383_1258_1257_1359_799_1102_1100_1343_1329_1328_1327_1088_1099_1111_335_224_113_2_1342_1405_1406_1407_1673_1685_1674_1684_1683_1686_1687_453_1104_1222_1233_1244_1255_1266_1665_489_486_485_,0_1_2_3_4_5_6_7_8_9_10_11_12_13_14_15_16_17_18_19_20_21_22_23_24_25_26_27_28_29_30_31_32_33_34_35_36_37_38_39_40_41_42_43_44_45_46_47_48_49_50_51_52_53_54_55_56_57_58_59_60_61_62_63_64_65_66_67_68_69_70_71_72_73_74_75_76_77_78_79_80_81_82_83_84_85_86_87_88_89_90_91_92_93_94_95_96_97_98_99_100_101_102_103_104_105_106_107_108_109_110_111_112_113_114_115_116_117_118_119_120_121_122_123_124_125_126_127_128_129_130_131_132_133_134_135_136_137_138_139_140_141_142_143_144_145_146_147_148_149_150_151_152_153_154_155_156_157_158_159_160_161_162_163_164_165_166_167_168_169_170_171_172_173_174_175_176_177_178_179_180_181_182_183_184_185_186_187_188_189_190_191_192_193_194_195_196_197_198_199_200_201_202_203_204_205_206_207_208_209_210_211_212_213_214_215_216_217_218_219_220_221_222_223_224_225_226_227_228_229_230_231_232_233_234_235_236_237_238_239_240_241_242_243_244_245_246_247_248_249_250_251_252_253_254_255_256_257_258_259_260_261_262_263_264_265_266_267_268_269_270_271_272_273_274_275_276_277_278_279_280_281_282_283_284_285_286_287_288_289_290_291_292_293_294_295_296_297_298_299_300_301_302_303_304_305_306_307_308_309_310_311_312_313_314_315_316_317_318_319_320_321_322_323_324_325_326_327_328_329_330_331_332_333_334_335_336_337_338_339_340_341_342_343_344_345_346_347_348_349_350_351_352_353_354_355_356_357_358_359_360_361_362_363_364_365_366_367_368_369_370_371_372_373_374_375_376_377_378_379_380_381_382_383_384_385_386_387_388_389_390_391_392_393_394_395_396_397_398_399_400_401_402_403_404_405_406_407_408_409_410_411_412_413_414_415_416_417_418_419_420_421_422_423_424_425_426_427_428_429_430_431_432_433_434_435_436_437_438_439_440_441_442_443_444_445_446_447_448_449_450_451_452_453_454_455_456_457_458_459_460_461_462_463_464_465_466_467_468_469_470_471_472_473_474_475_476_477_478_479_480_481_482_483_484_485_486_487_488_489_490_491_492_493_494_495_496_497_498_499_500_501_502_503_504_505_506_507_508_509_510_511_512_513_514_515_516_517_518_519_520_521_522_523_524_525_526_527_528_529_530_531_532_533_534_535_536_537_538_539_540_541_542_543_544_545_546_547_548_549_550_551_552_553_554_555_556_557_558_559_560_561_562_563_564_565_566_567_568_569_570_571_572_573_574_575_576_577_578_579_580_581_582_583_584_585_586_587_588_589_590_591_592_593_594_595_596_597_598_599_600_601_602_603_604_605_606_607_608_609_610_611_612_613_614_615_616_617_618_619_620_621_622_623_624_625_626_627_628_629_630_631_632_633_634_635_636_637_638_639_640_641_642_643_644_645_646_647_648_649_650_651_652_653_654_655_656_657_658_659_660_661_662_663_664_665_666_667_668_669_670_671_672_673_674_675_676_677_678_679_680_681_682_683_684_685_686_687_688_689_690_691_692_693_694_695_696_697_698_699_700_701_702_703_704_705_706_707_708_709_710_711_712_713_714_715_716_717_718_719_720_721_722_723_724_725_726_727_728_729_730_731_732_733_734_735_736_737_738_739_740_741_742_743_744_745_746_747_748_749_750_751_752_753_754_755_756_757_758_759_760_761_762_763_764_765_766_767_768_769_770_771_772_773_774_775_776_777_778_779_780_781_782_783_784_785_786_787_788_789_790_791_792_793_794_795_796_797_798_799_800_801_802_803_804_805_806_807_808_809_810_811_812_813_814_815_816_817_818_819_820_821_822_823_824_825_826_827_828_829_830_831_832_833_834_835_836_837_838_839_840_841_842_843_844_845_846_847_848_849_850_851_852_853_854_855_856_857_858_859_860_861_862_863_864_865_866_867_868_869_870_871_872_873_874_875_876_877_878_879_880_881_882_883_884_885_886_887_888_889_890_891_892_893_894_895_896_897_898_899_900_901_902_903_904_905_906_907_908_909_910_911_912_913_914_915_916_917_918_919_920_921_922_923_924_925_926_927_928_929_930_931_932_933_934_935_936_937_938_939_940_941_942_943_944_945_946_947_948_949_950_951_952_953_954_955_956_957_958_959_960_961_962_963_964_965_966_967_968_969_970_971_972_973_974_975_976_977_978_979_980_981_982_983_984_985_986_987_988_989_990_991_992_993_994_995_996_997_998_999_1000_1001_1002_1003_1004_1005_1006_1007_1008_1009_1010_1011_1012_1013_1014_1015_1016_1017_1018_1019_1020_1021_1022_1023_1024_1025_1026_1027_1028_1029_1030_1031_1032_1033_1034_1035_1036_1037_1038_1039_1040_1041_1042_1043_1044_1045_1046_1047_1048_1049_1050_1051_1052_1053_1054_1055_1056_1057_1058_1059_1060_1061_1062_1063_1064_1065_1066_1067_1068_1069_1070_1071_1072_1073_1074_1075_1076_1077_1078_1079_1080_1081_1082_1083_1084_1085_1086_1087_1088_1089_1090_1091_1092_1093_1094_1095_1096_1097_1098_1099_1100_1101_1102_1103_1104_1105_1106_1107_1108_1109_1110_1111_1112_1113_1114_1115_1116_1117_1118_1119_1120_1121_1122_1123_1124_1125_1126_1127_1128_1129_1130_1131_1132_1133_1134_1135_1136_1137_1138_1139_1140_1141_1142_1143_1144_1145_1146_1147_1148_1149_1150_1151_1152_1153_1154_1155_1156_1157_1158_1159_1160_1161_1162_1163_1164_1165_1166_1167_1168_1169_1170_1171_1172_1173_1174_1175_1176_1177_1178_1179_1180_1181_1182_1183_1184_1185_1186_1187_1188_1189_1190_1191_1192_1193_1194_1195_1196_1197_1198_1199_1200_1201_1202_1203_1204_1205_1206_1207_1208_1209_1210_1211_1212_1213_1214_1215_1216_1217_1218_1219_1220_1221_1222_1223_1224_1225_1226_1227_1228_1229_1230_1231_1232_1233_1234_1235_1236_1237_1238_1239_1240_1241_1242_1243_1244_1245_1246_1247_1248_1249_1250_1251_1252_1253_1254_1255_1256_1257_1258_1259_1260_1261_1262_1263_1264_1265_1266_1267_1268_1269_1270_1271_1272_1273_1274_1275_1276_1277_1278_1279_1280_1281_1282_1283_1284_1285_1286_1287_1288_1289_1290_1291_1292_1293_1294_1295_1296_1297_1298_1299_1300_1301_1302_1303_1304_1305_1306_1307_1308_1309_1310_1311_1312_1313_1314_1315_1316_1317_1318_1319_1320_1321_1322_1323_1324_1325_1326_1327_1328_1329_1330_1331_1332_1333_1334_1335_1336_1337_1338_1339_1340_1341_1342_1343_1344_1345_1346_1347_1348_1349_1350_1351_1352_1353_1354_1355_1356_1357_1358_1359_1360_1361_1362_1363_1364_1365_1366_1367_1368_1369_1370_1371_1372_1373_1374_1375_1376_1377_1378_1379_1380_1381_1382_1383_1384_1385_1386_1387_1388_1389_1390_1391_1392_1393_1394_1395_1396_1397_1398_1399_1400_1401_1402_1403_1404_1405_1406_1407_1408_1409_1410_1411_1412_1413_1414_1415_1416_1417_1418_1419_1420_1421_1422_1423_1424_1425_1426_1427_1428_1429_1430_1431_1432_1433_1434_1435_1436_1437_1438_1439_1440_1441_1442_1443_1444_1445_1446_1447_1448_1449_1450_1451_1452_1453_1454_1455_1456_1457_1458_1459_1460_1461_1462_1463_1464_1465_1466_1467_1468_1469_1470_1471_1472_1473_1474_1475_1476_1477_1478_1479_1480_1481_1482_1483_1484_1485_1486_1487_1488_1489_1490_1491_1492_1493_1494_1495_1496_1497_1498_1499_1500_1501_1502_1503_1504_1505_1506_1507_1508_1509_1510_1511_1512_1513_1514_1515_1516_1517_1518_1519_1520_1521_1522_1523_1524_1525_1526_1527_1528_1529_1530_1531_1532_1533_1534_1535_1536_1537_1538_1539_1540_1541_1542_1543_1544_1545_1546_1547_1548_1549_1550_1551_1552_1553_1554_1555_1556_1557_1558_1559_1560_1561_1562_1563_1564_1565_1566_1567_1568_1569_1570_1571_1572_1573_1574_1575_1576_1577_1578_1579_1580_1581_1582_1583_1584_1585_1586_1587_1588_1589_1590_1591_1592_1593_1594_1595_1596_1597_1598_1599_1600_1601_1602_1603_1604_1605_1606_1607_1608_1609_1610_1611_1612_1613_1614_1615_1616_1617_1618_1619_1620_1621_1622_1623_1624_1625_1626_1627_1628_1629_1630_1631_1632_1633_1634_1635_1636_1637_1638_1639_1640_1641_1642_1643_1644_1645_1646_1647_1648_1649_1650_1651_1652_1653_1654_1655_1656_1657_1658_1659_1660_1661_1662_1663_1664_1665_1666_1667_1668_1669_1670_1671_1672_1673_1674_1675_1676_1677_1678_1679_1680_1681_1682_1683_1684_1685_1686_1687_1688_1689_1690_1691_1692_1693_1694_1695_1696_1697_1698_1699_1700_1701_1702_1703_1704_1705_1706_1707_1708_1709_1710_1711_1712_1713_1714_1715_1716_1717_1718_1719_1720_1721_1722_1723_1724_1725_1726_1727_1728_1729_1730_1731_1732_1733_1734_1735_1736_1737_1738_1739_1740_1741_1742_1743_1744_1745_1746_1747_1748_1749_1750_1751_1752_1753_1754_1755_1756_1757_1758_1759_1760_1761_1762_1763_1764_1765_1766_1767_1768_1769_1770_1771_1772_1773_1774_1775_,6:{7;186;187;188;183;189;100;671;101;117;103;112;}29:{24;23;682;681;679;1705;1706;1707;1708;1690;1691;}33:{37;26;}35:{32;28;}40:{39;42;30;29;43;45;44;678;}41:{46;31;}42:{48;}44:{676;677;49;}65:{85;77;78;64;84;62;79;81;35;17;34;33;1709;}70:{93;71;87;685;92;72;684;73;683;12;}79:{20;1711;1712;}84:{82;83;18;19;1702;}101:{670;667;666;104;116;665;664;659;660;661;608;}106:{107;108;109;110;111;672;56;55;54;53;52;51;50;40;41;}117:{105;106;658;609;}130:{150;}137:{198;}141:{200;}145:{146;597;652;583;653;}151:{586;432;431;430;429;442;443;428;427;426;425;}152:{149;585;601;}156:{576;}168:{574;573;165;}173:{171;170;168;266;265;264;}175:{750;749;748;747;1716;}181:{182;184;5;214;212;1738;211;1736;210;1740;1741;172;1734;1742;1744;655;}197:{196;654;651;121;616;}203:{201;599;607;}209:{133;130;131;148;199;}210:{197;124;126;123;122;656;612;611;185;190;192;}214:{99;98;97;193;194;195;94;70;86;68;75;76;66;65;}215:{8;}216:{220;221;334;342;337;222;175;173;176;338;223;177;339;178;215;226;340;179;181;227;343;204;205;140;139;847;206;849;138;141;207;137;142;208;1739;143;4;1775;6;1737;209;1774;145;1735;605;134;144;606;135;686;1717;1715;}229:{228;230;255;331;332;267;333;}242:{241;243;240;239;524;724;238;735;}270:{268;257;263;256;229;}272:{260;259;261;262;}273:{272;277;278;286;276;287;285;851;284;275;279;270;310;}277:{271;850;293;852;281;848;282;288;289;290;292;216;217;218;219;174;203;}286:{283;853;}310:{309;311;308;312;294;314;274;315;273;316;}316:{317;318;1196;319;320;321;1195;1460;1461;1462;1463;1464;1459;1458;1473;}333:{328;329;327;242;}340:{751;344;345;351;348;593;594;381;}343:{167;346;341;352;}350:{371;}364:{407;}374:{375;361;362;376;372;360;378;368;370;359;568;365;}375:{363;377;364;367;366;}376:{400;408;}377:{399;}381:{567;382;379;384;373;385;441;374;440;156;155;596;575;}382:{386;387;439;437;154;}387:{388;390;392;393;}392:{565;}397:{403;401;404;405;560;559;556;555;554;}399:{406;}404:{534;}415:{414;412;411;445;410;409;394;419;}416:{448;}417:{420;421;422;}420:{505;519;}422:{504;518;503;517;501;530;}425:{395;396;}432:{566;389;444;423;415;416;417;418;}439:{438;436;434;433;}451:{450;}452:{453;}459:{457;507;456;506;455;490;492;}467:{899;470;471;}468:{718;}470:{527;902;472;}472:{478;479;481;482;483;484;}486:{485;}492:{486;}496:{495;498;499;493;487;}499:{488;}506:{489;}516:{511;510;509;508;}517:{515;514;}518:{516;512;}521:{473;477;}522:{475;474;476;}525:{460;}526:{525;463;462;523;461;522;521;459;520;}529:{500;494;497;}530:{496;449;}540:{539;538;537;536;}545:{541;540;}550:{549;543;542;732;}553:{551;880;550;879;}564:{452;454;451;}565:{398;397;}581:{577;}593:{595;592;571;570;572;353;383;587;350;357;163;349;354;356;162;166;355;161;588;160;589;159;864;590;865;157;857;867;869;868;151;813;152;802;153;}598:{581;582;}599:{598;578;579;584;164;}605:{132;}606:{649;650;}607:{610;118;115;614;}621:{644;645;}627:{61;}632:{647;648;57;59;60;}649:{600;603;604;}651:{129;128;}654:{127;}659:{119;120;615;642;617;641;618;640;619;639;620;638;621;637;622;623;625;626;632;627;631;630;628;643;629;633;636;634;}663:{88;96;}664:{663;90;89;662;673;674;95;675;}675:{63;38;67;27;}688:{1661;1671;1659;1660;}692:{1259;}693:{692;}703:{701;700;1756;}716:{892;729;894;739;727;711;906;896;908;909;910;}718:{903;904;905;36;58;413;402;}728:{726;895;725;730;723;722;731;544;898;}735:{742;746;757;744;743;513;835;}736:{738;887;890;716;766;714;548;712;717;907;}746:{752;824;546;754;}752:{846;}754:{753;755;756;}756:{882;883;771;}757:{768;761;780;791;758;759;535;760;733;884;885;886;734;736;737;}761:{558;569;}797:{1104;}798:{799;1102;1100;}806:{805;804;801;803;800;1096;1095;798;}816:{796;1106;}824:{741;870;745;871;872;}831:{829;855;}837:{830;}839:{1612;1611;}855:{856;854;1655;}858:{1376;1378;1375;1379;1374;1380;1381;1373;1382;1372;1365;1367;1368;1369;}871:{873;874;875;531;532;533;561;562;563;564;528;529;}872:{881;}880:{878;876;}882:{553;552;}883:{580;}884:{767;}887:{547;891;545;715;893;728;}888:{999;1540;1536;1537;1;1110;1221;1332;}894:{897;467;}896:{719;720;466;}897:{465;468;464;901;721;526;}900:{889;1310;877;1199;1299;866;1288;779;668;557;}910:{3;14;1765;25;1754;794;912;1743;793;740;47;1732;913;792;69;1721;914;1710;915;1699;916;917;1688;918;1677;919;1666;920;1040;1039;1038;1037;1036;1035;}919:{1654;788;}920:{921;}925:{924;923;927;772;773;790;}926:{928;1621;}929:{1555;1566;1543;1105;}933:{922;944;1188;1000;900;1210;955;911;1011;1022;1033;1044;}936:{817;1532;}937:{935;939;940;932;931;930;929;}938:{941;942;818;819;948;947;961;960;}939:{943;946;995;962;820;}941:{978;}942:{1031;}945:{1030;952;}956:{957;951;990;969;}960:{980;979;945;}961:{959;958;1026;963;1027;1028;964;1029;981;970;971;}971:{972;984;973;983;985;965;982;967;986;974;987;975;}977:{988;993;992;953;954;956;}978:{976;}990:{989;1144;1133;1155;968;1122;1166;}993:{1005;1004;}995:{994;996;949;950;997;}999:{1539;1538;}1002:{998;}1009:{977;991;}1012:{1020;}1013:{1019;1021;1015;1001;}1015:{1016;1003;1017;1023;1007;1008;}1020:{1024;1025;1009;1010;966;}1025:{1006;}1035:{1034;1599;1588;1610;1047;822;925;926;1577;821;1632;}1040:{1086;1085;1032;}1044:{1055;446;1066;1077;}1055:{1665;}1066:{1088;1099;1111;335;224;113;2;}1118:{1116;1094;1152;1092;}1196:{1197;697;698;1198;1200;1201;}1200:{1202;1203;703;1205;}1201:{1223;1204;1219;}1202:{704;1220;1206;}1205:{1207;1217;1759;1215;1240;1208;1758;1239;}1208:{1211;1225;1226;1227;1228;1229;1241;1242;1243;1245;1246;}1210:{1222;1233;1244;1255;1266;}1211:{694;}1217:{1216;1218;696;1214;695;1213;1212;1209;1224;693;}1231:{1576;}1234:{1230;1575;1574;1573;}1239:{1238;1237;1236;1235;1234;1232;}1245:{1429;1428;1247;1231;}1247:{1248;1249;1250;1292;1291;1295;1294;1600;840;839;838;837;831;}1249:{836;834;833;832;}1259:{1258;1257;}1263:{1772;1265;1260;1613;690;1627;}1269:{1270;1271;1272;}1273:{1254;}1274:{1253;1252;1251;}1281:{1274;1273;1275;1276;1603;1602;1256;1293;1296;1297;1303;1302;1301;1298;1300;}1289:{1608;1315;1312;}1302:{1304;1311;1313;1322;1316;1317;1318;1319;}1305:{1306;1307;1308;1334;1595;1309;1596;1597;}1306:{1335;1336;}1315:{1314;}1316:{1320;1356;1354;1353;1352;}1317:{1323;1330;}1319:{1331;}1324:{1329;1328;}1325:{1327;}1336:{1337;1341;1339;1594;1326;1325;1340;1324;1345;}1349:{1348;1347;}1352:{1351;1350;}1353:{1357;1358;}1359:{1342;}1361:{1343;}1362:{1359;}1366:{1344;827;1177;933;}1367:{1364;1363;1370;1371;1598;1346;1390;1389;1387;1349;}1377:{1366;1355;}1385:{1383;}1397:{1392;1391;1386;1416;1385;1403;1402;1408;863;862;861;860;859;858;}1398:{1395;1397;1394;1400;1585;1401;1393;1409;1586;1404;1305;}1408:{1405;1406;1407;}1410:{828;806;}1416:{1415;1417;1418;}1420:{1411;}1421:{1014;1432;1018;1444;808;}1423:{1412;1413;1414;1419;}1428:{1427;1426;}1431:{1434;1435;1436;1437;}1432:{1013;1012;1002;}1444:{1455;825;823;1466;}1460:{1191;1190;1189;1474;1471;}1466:{1477;1488;1499;1510;826;1521;797;795;810;815;807;811;937;}1471:{1472;1475;1476;}1473:{1468;1469;1465;1467;1563;1562;}1474:{1494;1495;}1475:{1484;1478;1485;1479;1486;1480;1481;1482;1483;1493;1410;1421;}1482:{1118;1388;1117;1150;}1483:{1399;1119;809;1377;}1488:{812;814;936;938;816;934;}1495:{1496;1497;1498;1500;}1498:{1501;1502;1504;1503;1528;1552;1527;}1500:{1505;}1503:{1526;1531;1507;1551;1525;1530;1529;}1512:{1514;1584;}1513:{1440;1439;}1519:{1522;1517;1523;1516;1535;1550;}1525:{1524;1520;1519;1508;1518;}1529:{1542;1533;}1533:{888;1541;1515;1443;1554;}1542:{1547;}1545:{1546;}1550:{1549;1548;1534;1545;1544;}1552:{1506;}1554:{0;}1556:{1553;1557;1582;1581;}1557:{1558;1559;1511;1509;1442;}1559:{1512;1513;1583;}1560:{1556;}1562:{1561;1560;1470;1456;}1573:{1572;1571;1570;1569;1568;1567;1565;1564;}1575:{1578;1579;}1576:{1580;1430;1425;1424;1423;1422;1420;1396;1398;}1580:{1431;1433;}1586:{1587;1384;}1596:{1362;1593;1361;1592;1360;1591;1590;1338;}1602:{1604;1605;1606;1607;}1607:{1609;}1613:{1614;1771;1770;1615;1773;1769;1618;1619;1617;1616;1768;1625;1724;1725;1767;1601;1723;1267;1726;1722;1727;1268;1286;1728;1269;1285;1729;1284;1720;1730;1283;1719;1731;1282;1718;1281;1733;1280;1279;1278;1287;1289;1290;}1625:{1624;1626;1623;1622;1628;1693;1692;}1628:{1629;1630;}1630:{1631;1633;1634;1635;1636;1637;1638;}1636:{1639;1640;1679;1641;1642;1644;1645;1646;}1637:{1678;}1644:{1650;}1646:{1651;1652;1649;1653;1648;}1650:{1647;}1657:{1673;1685;1674;1684;1683;1686;1687;}1664:{1670;}1667:{1663;1662;688;687;689;}1668:{1669;}1671:{1658;1657;1656;1672;}1696:{1697;1698;1700;}1702:{1701;1703;1704;1696;1695;1694;1664;22;1667;21;1668;16;15;13;1713;1714;11;74;10;}1706:{1689;9;}1752:{1760;1751;1761;1749;}1756:{1755;1757;1753;1752;}1760:{1762;1763;}1761:{1764;}1763:{1766;1262;1261;1263;1264;},1_29_30_39_51_52_53_54_392_397_398_401_403_404_405_432_433_434_454_455_462_463_464_465_466_467_562_563_565_566_608_615_616_617_642_645_688_689_810_811_833_834_836_897_898_899_901_935_936_937_1002_1021_1023_1199_1210_1222_1233_1288_1302_1303_1344_1396_1398_1415_1533_1534_1546_1547_1548_1549_1550_1642_1644_1658_1659_1664_1667_1671_,310-309*0_310-311*0_310-308*0_310-312*0_310-294*0_310-314*0_310-274*0_310-315*0_310-273*0_310-316*0_273-272*1_273-277*1_273-278*1_273-286*1_273-276*1_273-287*1_273-285*1_273-851*1_273-284*1_273-275*1_273-279*1_273-270*1_273-310*1_277-271*2_277-850*2_277-293*2_277-852*2_277-281*2_277-848*2_277-282*2_277-288*2_277-289*2_277-290*2_277-292*2_277-216*2_277-217*2_277-218*2_277-219*2_277-174*2_277-203*2_216-220*3_216-221*3_216-334*3_216-342*3_216-337*3_216-222*3_216-175*3_216-173*3_216-176*3_216-338*3_216-223*3_216-177*3_216-339*3_216-178*3_216-215*3_216-226*3_216-340*3_216-179*3_216-181*3_216-227*3_216-343*3_216-204*3_216-205*3_216-140*3_216-139*3_216-847*3_216-206*3_216-849*3_216-138*3_216-141*3_216-207*3_216-137*3_216-142*3_216-208*3_216-1739*3_216-143*3_216-4*3_216-1775*3_216-6*3_216-1737*3_216-209*3_216-1774*3_216-145*3_216-1735*3_216-605*3_216-134*3_216-144*3_216-606*3_216-135*3_216-686*3_216-1717*3_216-1715*3_272-260*2_272-259*2_272-261*2_272-262*2_181-182*4_181-184*4_181-5*4_181-214*4_181-212*4_181-1738*4_181-211*4_181-1736*4_181-210*4_181-1740*4_181-1741*4_181-172*4_181-1734*4_181-1742*4_181-1744*4_181-655*4_203-201*4_203-599*4_203-607*4_6-7*4_6-186*4_6-187*4_6-188*4_6-183*4_6-189*4_6-100*4_6-671*4_6-101*4_6-117*4_6-103*4_6-112*4_141-200*4_173-171*5_173-170*5_173-168*5_340-751*5_340-344*5_340-345*5_340-351*5_173-266*5_340-348*5_173-265*5_173-264*5_340-593*5_340-594*5_340-381*5_137-198*4_209-133*4_209-130*4_209-131*4_209-148*4_209-199*4_316-317*2_316-318*2_316-1196*2_316-319*2_316-320*2_316-321*2_316-1195*2_316-1460*2_316-1461*2_316-1462*2_316-1463*2_316-1464*2_316-1459*2_316-1458*2_316-1473*2_210-197*5_210-124*5_210-126*5_210-123*5_210-122*5_210-656*5_210-612*5_210-611*5_101-670*5_101-667*5_210-185*5_101-666*5_210-190*5_101-104*5_101-116*5_101-665*5_210-192*5_101-664*5_101-659*5_101-660*5_101-661*5_101-608*5_606-649*4_606-650*4_1460-1191*3_1460-1190*3_1460-1189*3_1460-1474*3_1460-1471*3_145-146*6_145-597*6_145-652*6_145-583*6_145-653*6_605-132*5_197-196*6_197-654*6_197-651*6_197-121*6_197-616*6_607-610*5_607-118*5_607-115*5_607-614*5_117-105*5_117-106*5_117-658*5_117-609*5_649-600*6_649-603*6_649-604*6_343-167*4_343-346*4_343-341*4_343-352*4_659-119*6_659-120*6_659-615*6_659-642*6_659-617*6_659-641*6_659-618*6_659-640*6_659-619*6_659-639*6_659-620*6_659-638*6_659-621*6_659-637*6_659-622*6_659-623*6_659-625*6_659-626*6_659-632*6_659-627*6_659-631*6_659-630*6_659-628*6_659-643*6_659-629*6_659-633*6_659-636*6_659-634*6_654-127*7_1473-1468*3_1473-1469*3_1473-1465*3_1473-1467*3_1473-1563*3_1473-1562*3_593-595*6_593-592*6_593-571*6_593-570*6_593-572*6_593-353*6_593-383*6_593-587*6_593-350*6_593-357*6_593-163*6_593-349*6_593-354*6_593-356*6_593-162*6_593-166*6_593-355*6_593-161*6_593-588*6_593-160*6_593-589*6_593-159*6_593-864*6_593-590*6_593-865*6_593-157*6_593-857*6_593-867*6_593-869*6_593-868*6_593-151*6_593-813*6_593-152*6_593-802*6_593-153*6_286-283*2_286-853*2_168-574*6_168-573*6_168-165*6_651-129*7_651-128*7_664-663*6_664-90*6_664-89*6_664-662*6_664-673*6_664-674*6_664-95*6_664-675*6_381-567*6_381-382*6_381-379*6_381-384*6_381-373*6_381-385*6_381-441*6_381-374*6_381-440*6_381-156*6_381-155*6_381-596*6_381-575*6_1562-1561*4_1562-1560*4_1562-1470*4_1562-1456*4_621-644*7_621-645*7_382-386*7_382-387*7_382-439*7_382-437*7_382-154*7_632-647*8_632-648*8_632-57*8_632-59*8_632-60*8_152-149*7_152-585*7_152-601*7_1196-1197*3_1196-697*3_1196-698*3_1196-1198*3_1196-1200*3_1196-1201*3_106-107*6_106-108*6_106-109*6_106-110*6_106-111*6_106-672*6_106-56*6_106-55*6_106-54*6_106-53*6_106-52*6_106-51*6_106-50*6_106-40*6_106-41*6_130-150*8_1200-1202*4_1200-1203*4_1200-703*4_1200-1205*4_40-39*7_40-42*7_40-30*7_40-29*7_40-43*7_40-45*7_40-44*7_40-678*7_151-586*8_151-432*8_151-431*8_151-430*8_151-429*8_151-442*8_151-443*8_151-428*8_151-427*8_151-426*8_151-425*8_439-438*8_439-436*8_439-434*8_439-433*8_432-566*9_432-389*9_432-444*9_432-423*9_432-415*9_432-416*9_432-417*9_432-418*9_415-414*10_415-412*10_415-411*10_415-445*10_415-410*10_415-409*10_415-394*10_415-419*10_1474-1494*4_1474-1495*4_270-268*3_270-257*3_270-263*3_270-256*3_270-229*3_41-46*7_41-31*7_599-598*5_599-578*5_599-579*5_599-584*5_599-164*5_156-576*9_229-228*4_229-230*4_229-255*4_229-331*4_229-332*4_229-267*4_229-333*4_417-420*10_417-421*10_417-422*10_598-581*6_598-582*6_1201-1223*4_1201-1204*4_1201-1219*4_374-375*7_374-361*7_374-362*7_374-376*7_374-372*7_374-360*7_374-378*7_374-368*7_374-370*7_374-359*7_374-568*7_374-365*7_44-676*8_44-677*8_44-49*8_420-505*11_420-519*11_663-88*7_663-96*7_1471-1472*5_1471-1475*5_1471-1476*5_675-63*8_675-38*8_675-67*8_675-27*8_422-504*11_422-518*11_422-503*11_422-517*11_422-501*11_422-530*11_1202-704*5_1202-1220*5_1202-1206*5_42-48*9_1205-1207*6_1205-1217*6_1205-1759*6_1205-1215*6_1205-1240*6_1205-1208*6_1205-1758*6_1205-1239*6_703-701*5_703-700*5_703-1756*5_1217-1216*7_1217-1218*7_1217-696*7_1217-1214*7_1217-695*7_1217-1213*7_1217-1212*7_1217-1209*7_1217-1224*7_1217-693*7_387-388*8_387-390*8_387-392*8_387-393*8_581-577*7_1208-1211*8_1208-1225*8_1208-1226*8_1208-1227*8_1208-1228*8_1208-1229*8_1208-1241*8_1208-1242*8_1208-1243*8_1208-1245*8_1208-1246*8_1245-1429*9_1245-1428*9_1245-1247*9_1245-1231*9_333-328*5_333-329*5_333-327*5_333-242*5_1495-1496*5_1495-1497*5_1495-1498*5_1495-1500*5_375-363*8_375-377*8_375-364*8_375-367*8_375-366*8_518-516*12_518-512*12_1498-1501*6_1498-1502*6_1498-1504*6_1498-1503*6_1498-1528*6_1498-1552*6_1498-1527*6_214-99*6_214-98*6_214-97*6_214-193*6_214-194*6_214-195*6_214-94*6_214-70*6_214-86*6_214-68*6_214-75*6_214-76*6_214-66*6_214-65*6_65-85*7_65-77*7_65-78*7_65-64*7_65-84*7_65-62*7_65-79*7_65-81*7_65-35*7_65-17*7_65-34*7_65-33*7_65-1709*7_1500-1505*7_1756-1755*6_1756-1757*6_1756-1753*6_1756-1752*6_1503-1526*8_1503-1531*8_1503-1507*8_1503-1551*8_1503-1525*8_1503-1530*8_1503-1529*8_627-61*11_70-93*8_70-71*8_70-87*8_70-685*8_70-92*8_70-72*8_70-684*8_70-73*8_70-683*8_70-12*8_35-32*8_35-28*8_392-565*9_1428-1427*10_1428-1426*10_1525-1524*9_1525-1520*9_1525-1519*9_1525-1508*9_1525-1518*9_425-395*12_425-396*12_517-515*12_517-514*12_350-371*8_1752-1760*7_1752-1751*7_1752-1761*7_1752-1749*7_376-400*9_376-408*9_565-398*10_565-397*10_1760-1762*8_1760-1763*8_33-37*9_33-26*9_1560-1556*5_1239-1238*8_1239-1237*8_1239-1236*8_1239-1235*8_1239-1234*8_1239-1232*8_29-24*9_29-23*9_29-682*9_29-681*9_29-679*9_29-1705*9_29-1706*9_29-1707*9_29-1708*9_29-1690*9_29-1691*9_1761-1764*8_1234-1230*9_1234-1575*9_1234-1574*9_1234-1573*9_1475-1484*6_1475-1478*6_1475-1485*6_1475-1479*6_1475-1486*6_1475-1480*6_1475-1481*6_1475-1482*6_1475-1483*6_1475-1493*6_1475-1410*6_1475-1421*6_397-403*11_397-401*11_397-404*11_397-405*11_397-560*11_397-559*11_397-556*11_397-555*11_397-554*11_1231-1576*10_364-407*9_1211-694*9_1482-1118*7_1482-1388*7_1482-1117*7_1482-1150*7_1483-1399*7_1483-1119*7_1483-809*7_1483-1377*7_377-399*10_242-241*6_242-243*6_242-240*6_242-239*6_242-524*6_242-724*6_242-238*6_242-735*6_1421-1014*7_1421-1432*7_1421-1018*7_1421-1444*7_1421-808*7_1519-1522*10_1519-1517*10_1519-1523*10_1519-1516*10_1519-1535*10_1519-1550*10_1573-1572*10_1573-1571*10_1573-1570*10_1573-1569*10_1573-1568*10_1573-1567*10_1573-1565*10_1573-1564*10_1575-1578*10_1575-1579*10_1410-828*8_1410-806*8_1556-1553*6_1556-1557*6_1556-1582*6_1556-1581*6_1763-1766*9_1763-1262*9_1763-1261*9_1763-1263*9_1763-1264*9_1377-1366*8_1377-1355*8_1444-1455*8_1444-825*8_1444-823*8_1444-1466*8_175-750*7_175-749*7_175-748*7_175-747*7_175-1716*7_735-742*7_735-746*7_735-757*7_735-744*7_735-743*7_735-513*7_735-835*7_1263-1772*10_1263-1265*10_1263-1260*10_1263-1613*10_1263-690*10_1263-1627*10_1432-1013*9_1432-1012*9_1432-1002*9_1529-1542*10_1529-1533*10_693-692*8_1557-1558*7_1557-1559*7_1557-1511*7_1557-1509*7_1557-1442*7_399-406*11_757-768*8_757-761*8_757-780*8_757-791*8_757-758*8_757-759*8_757-535*8_757-760*8_757-733*8_757-884*8_757-885*8_757-886*8_757-734*8_757-736*8_757-737*8_746-752*8_746-824*8_746-546*8_746-754*8_1247-1248*10_1247-1249*10_1247-1250*10_1247-1292*10_1247-1291*10_1247-1295*10_1247-1294*10_1247-1600*10_1247-840*10_1247-839*10_1247-838*10_1247-837*10_1247-831*10_1550-1549*11_1550-1548*11_1550-1534*11_1550-1545*11_1550-1544*11_84-82*9_84-83*9_84-18*9_84-19*9_84-1702*9_754-753*9_754-755*9_754-756*9_1249-836*11_1249-834*11_1249-833*11_1249-832*11_761-558*9_761-569*9_1576-1580*11_1576-1430*11_1576-1425*11_1576-1424*11_1576-1423*11_1576-1422*11_1576-1420*11_1576-1396*11_1576-1398*11_516-511*14_516-510*14_516-509*14_516-508*14_736-738*9_736-887*9_736-890*9_736-716*9_736-766*9_736-714*9_736-548*9_736-712*9_736-717*9_736-907*9_1118-1116*8_1118-1094*8_1118-1152*8_1118-1092*8_1466-1477*10_1466-1488*10_1466-1499*10_1466-1510*10_1466-826*10_1466-1521*10_1466-797*10_1466-795*10_1466-810*10_1466-815*10_1466-807*10_1466-811*10_1466-937*10_887-547*10_887-891*10_887-545*10_887-715*10_887-893*10_887-728*10_824-741*9_824-870*9_824-745*9_824-871*9_824-872*9_839-1612*11_839-1611*11_716-892*11_716-729*11_716-894*11_716-739*11_716-727*11_716-711*11_716-906*11_716-896*11_716-908*11_716-909*11_716-910*11_837-830*12_1533-888*11_1533-1541*11_1533-1515*11_1533-1443*11_1533-1554*11_756-882*10_756-883*10_756-771*10_1559-1512*8_1559-1513*8_1559-1583*8_831-829*12_831-855*12_1613-1614*11_1613-1771*11_1613-1770*11_1613-1615*11_1613-1773*11_1613-1769*11_1613-1618*11_1613-1619*11_1613-1617*11_1613-1616*11_1613-1768*11_1613-1625*11_1613-1724*11_1613-1725*11_1613-1767*11_1613-1601*11_1613-1723*11_1613-1267*11_1613-1726*11_1613-1722*11_1613-1727*11_1613-1268*11_1613-1286*11_1613-1728*11_1613-1269*11_1613-1285*11_1613-1729*11_1613-1284*11_1613-1720*11_1613-1730*11_1613-1283*11_1613-1719*11_1613-1731*11_1613-1282*11_1613-1718*11_1613-1281*11_1613-1733*11_1613-1280*11_1613-1279*11_1613-1278*11_1613-1287*11_1613-1289*11_1613-1290*11_728-726*11_728-895*11_728-725*11_728-730*11_728-723*11_728-722*11_728-731*11_728-544*11_728-898*11_215-8*8_1398-1395*12_1398-1397*12_1398-1394*12_1398-1400*12_1398-1585*12_1398-1401*12_1398-1393*12_1398-1409*12_1398-1586*12_1398-1404*12_1398-1305*12_1281-1274*12_1281-1273*12_1281-1275*12_1281-1276*12_1281-1603*12_1281-1602*12_1281-1256*12_1281-1293*12_1281-1296*12_1281-1297*12_1281-1303*12_1281-1302*12_1281-1301*12_1281-1298*12_1281-1300*12_1289-1608*12_1289-1315*12_1289-1312*12_1488-812*11_1488-814*11_1488-936*11_1488-938*11_1488-816*11_1488-934*11_1302-1304*13_1302-1311*13_1302-1313*13_1302-1322*13_1302-1316*13_1302-1317*13_1302-1318*13_1302-1319*13_1013-1019*10_1013-1021*10_1013-1015*10_1013-1001*10_79-20*10_79-1711*10_79-1712*10_894-897*12_894-467*12_1269-1270*12_1269-1271*12_1269-1272*12_855-856*13_855-854*13_855-1655*13_1316-1320*14_1316-1356*14_1316-1354*14_1316-1353*14_1316-1352*14_1602-1604*13_1602-1605*13_1602-1606*13_1602-1607*13_1512-1514*9_1512-1584*9_937-935*11_937-939*11_937-940*11_937-932*11_937-931*11_937-930*11_937-929*11_888-999*12_888-1540*12_888-1536*12_888-1537*12_888-1*12_888-1110*12_888-1221*12_888-1332*12_896-719*13_896-720*13_896-466*13_752-846*11_1353-1357*15_1353-1358*15_999-1539*13_999-1538*13_871-873*10_871-874*10_871-875*10_871-531*10_871-532*10_871-533*10_871-561*10_871-562*10_871-563*10_871-564*10_871-528*10_871-529*10_936-817*12_936-1532*12_1542-1547*12_897-465*14_897-468*14_897-464*14_897-901*14_897-721*14_897-526*14_1554-0*13_1702-1701*10_1702-1703*10_1702-1704*10_1702-1696*10_1702-1695*10_1702-1694*10_1702-1664*10_1702-22*10_1702-1667*10_1702-21*10_1702-1668*10_1702-16*10_1702-15*10_1702-13*10_1702-1713*10_1702-1714*10_1702-11*10_1702-74*10_1702-10*10_1625-1624*12_1625-1626*12_1625-1623*12_1625-1622*12_1625-1628*12_1625-1693*12_1625-1692*12_1012-1020*10_1667-1663*11_1667-1662*11_1667-688*11_1667-687*11_1667-689*11_526-525*15_526-463*15_526-462*15_526-523*15_526-461*15_526-522*15_526-521*15_526-459*15_526-520*15_1397-1392*13_1397-1391*13_1397-1386*13_1397-1416*13_1397-1385*13_1397-1403*13_1397-1402*13_1397-1408*13_1397-863*13_1397-862*13_1397-861*13_1397-860*13_1397-859*13_1397-858*13_529-500*11_529-494*11_529-497*11_416-448*14_1015-1016*11_1015-1003*11_1015-1017*11_1015-1023*11_1015-1007*11_1015-1008*11_858-1376*14_858-1378*14_858-1375*14_858-1379*14_858-1374*14_858-1380*14_858-1381*14_858-1373*14_858-1382*14_858-1372*14_858-1365*14_858-1367*14_858-1368*14_858-1369*14_882-553*11_882-552*11_1366-1344*9_1366-827*9_1366-1177*9_1366-933*9_1668-1669*11_872-881*12_564-452*13_564-454*13_564-451*13_467-899*14_467-470*14_467-471*14_553-551*12_553-880*12_553-550*12_553-879*12_1367-1364*15_1367-1363*15_1367-1370*15_1367-1371*15_1367-1598*15_1367-1346*15_1367-1390*15_1367-1389*15_1367-1387*15_1367-1349*15_1352-1351*17_1352-1350*17_1020-1024*11_1020-1025*11_1020-1009*11_1020-1010*11_1020-966*11_884-767*11_468-718*16_938-941*13_938-942*13_938-818*13_938-819*13_938-948*13_938-947*13_938-961*13_938-960*13_550-549*13_550-543*13_550-542*13_550-732*13_939-943*13_939-946*13_939-995*13_939-962*13_939-820*13_910-3*12_910-14*12_910-1765*12_910-25*12_910-1754*12_910-794*12_910-912*12_910-1743*12_910-793*12_910-740*12_910-47*12_910-1732*12_910-913*12_910-792*12_910-69*12_910-1721*12_910-914*12_910-1710*12_910-915*12_910-1699*12_910-916*12_910-917*12_910-1688*12_910-918*12_910-1677*12_910-919*12_910-1666*12_910-920*12_910-1040*12_910-1039*12_910-1038*12_910-1037*12_910-1036*12_910-1035*12_530-496*14_530-449*14_806-805*10_806-804*10_806-801*10_806-803*10_806-800*10_806-1096*10_806-1095*10_806-798*10_995-994*14_995-996*14_995-949*14_995-950*14_995-997*14_933-922*10_933-944*10_933-1188*10_933-1000*10_933-900*10_933-1210*10_933-955*10_933-911*10_933-1011*10_933-1022*10_933-1033*10_933-1044*10_961-959*14_961-958*14_961-1026*14_961-963*14_961-1027*14_961-1028*14_961-964*14_961-1029*14_961-981*14_961-970*14_941-978*14_961-971*14_404-534*13_522-475*16_522-474*16_522-476*16_920-921*13_1040-1086*13_1040-1085*13_1040-1032*13_521-473*16_521-477*16_496-495*15_496-498*15_496-499*15_496-493*15_496-487*15_1628-1629*13_1628-1630*13_470-527*15_470-902*15_470-472*15_545-541*14_545-540*14_1706-1689*13_1706-9*13_1580-1431*12_1580-1433*12_1035-1034*13_1035-1599*13_1035-1588*13_1035-1610*13_1035-1047*13_1035-822*13_1035-925*13_1035-926*13_1035-1577*13_1035-821*13_1035-1632*13_540-539*15_540-538*15_540-537*15_540-536*15_1273-1254*14_1349-1348*16_1349-1347*16_1025-1006*12_960-980*14_960-979*14_960-945*14_1305-1306*13_1305-1307*13_1305-1308*13_1305-1334*13_1305-1595*13_1305-1309*13_1305-1596*13_1305-1597*13_971-972*15_971-984*15_971-973*15_971-983*15_971-985*15_971-965*15_971-982*15_971-967*15_971-986*15_971-974*15_971-987*15_971-975*15_1630-1631*14_1630-1633*14_1630-1634*14_1630-1635*14_1630-1636*14_1630-1637*14_1630-1638*14_1009-977*12_1009-991*12_472-478*16_472-479*16_472-481*16_472-482*16_472-483*16_472-484*16_977-988*13_977-993*13_977-992*13_977-953*13_977-954*13_977-956*13_451-450*14_692-1259*9_1596-1362*14_1596-1593*14_1596-1361*14_1596-1592*14_1596-1360*14_1596-1591*14_1596-1590*14_1596-1338*14_978-976*15_525-460*17_459-457*16_459-507*16_459-456*16_459-506*16_459-455*16_459-490*16_459-492*16_1636-1639*15_1636-1640*15_1636-1679*15_1636-1641*15_1636-1642*15_1636-1644*15_1636-1645*15_1636-1646*15_925-924*14_925-923*14_925-927*14_925-772*14_925-773*14_925-790*14_718-903*17_718-904*17_718-905*17_718-36*17_718-58*17_718-413*17_718-402*17_1274-1253*15_1274-1252*15_1274-1251*15_1423-1412*13_1423-1413*13_1423-1414*13_1423-1419*13_1637-1678*16_499-488*17_1431-1434*13_1431-1435*13_1431-1436*13_1431-1437*13_1696-1697*16_1696-1698*16_1696-1700*16_1664-1670*14_1552-1506*7_1420-1411*14_1044-1055*11_1044-446*11_1044-1066*11_1044-1077*11_900-889*11_900-1310*11_900-877*11_900-1199*11_900-1299*11_900-866*11_900-1288*11_900-779*11_900-668*11_900-557*11_1002-998*10_919-1654*13_919-788*13_688-1661*15_688-1671*15_688-1659*15_688-1660*15_1315-1314*16_1586-1587*13_1586-1384*13_1607-1609*15_993-1005*14_993-1004*14_926-928*15_926-1621*15_1644-1650*16_1646-1651*16_1646-1652*16_1646-1649*16_1646-1653*16_1646-1648*16_1671-1658*16_1671-1657*16_1671-1656*16_1671-1672*16_880-878*13_880-876*13_1317-1323*19_1317-1330*19_956-957*15_956-951*15_956-990*15_956-969*15_1306-1335*17_1306-1336*17_883-580*13_929-1555*16_929-1566*16_929-1543*16_929-1105*16_1513-1440*14_1513-1439*14_1545-1546*13_990-989*16_990-1144*16_990-1133*16_990-1155*16_990-968*16_990-1122*16_990-1166*16_942-1031*16_1336-1337*18_1336-1341*18_1336-1339*18_1336-1594*18_1336-1326*18_1336-1325*18_1336-1340*18_1336-1324*18_1336-1345*18_945-1030*17_945-952*17_1416-1415*15_1416-1417*15_1416-1418*15_1319-1331*18_816-796*17_816-1106*17_1650-1647*17_1385-1383*14_1259-1258*10_1259-1257*10_1362-1359*15_798-799*11_798-1102*11_798-1100*11_1361-1343*19_1324-1329*19_1324-1328*19_1325-1327*20_1066-1088*12_1066-1099*12_1066-1111*12_1066-335*12_1066-224*12_1066-113*12_1066-2*12_1359-1342*16_1408-1405*18_1408-1406*18_1408-1407*18_1657-1673*17_1657-1685*17_1657-1674*17_1657-1684*17_1657-1683*17_1657-1686*17_1657-1687*17_452-453*14_797-1104*12_1210-1222*13_1210-1233*13_1210-1244*13_1210-1255*13_1210-1266*13_1055-1665*15_506-489*22_492-486*23_486-485*24_
