"id","Scenario","Actual Range","Protocol","Buildings","Total nodes","Nodes on circ","Total coverage","Coverage on circ","Alert received mean time","Hops","Slots","Messages sent","Messages received", "Starting x", "Starting y","Starting node", "Vehicle distance", "Received node ids", "Node ids", "Transmission map", "Received on circ nodes", "Transmission vector"
0,1,100,300,0,1776,80,1583,70,276628,20.1,228.814,1114,1583,1153.84,1884.7,310,25,309_311_308_312_294_314_293_315_316_310_317_275_274_276_287_273_277_286_285_851_272_284_852_850_278_283_853_849_279_271_270_281_848_268_259_260_847_261_257_262_263_264_256_282_229_254_265_228_255_230_253_331_326_332_227_266_327_328_330_333_231_329_240_239_241_238_318_1196_319_698_697_1197_699_320_1198_700_226_267_223_222_289_252_232_237_233_242_243_513_502_491_321_1191_724_288_290_1190_1195_1460_1189_1461_1187_1186_1462_1463_1464_251_325_323_221_341_524_735_535_1459_235_234_1457_1456_1458_1454_480_1192_1193_1185_1165_746_742_757_546_744_780_1167_1164_1168_1163_1131_1169_1132_1134_1174_1130_1194_1140_342_334_220_292_337_338_558_680_569_669_580_602_761_657_591_771_759_624_613_770_691_733_635_758_216_217_339_751_340_750_219_218_768_756_760_755_791_884_754_1170_1135_705_1141_1128_1171_1136_1129_1127_1126_1175_1137_1125_343_885_883_769_882_767_1138_1142_1139_1143_1123_1124_1146_646_469_458_447_1145_1173_1172_1492_1156_1147_1491_766_765_764_734_1059_1060_1183_1058_749_344_1465_1467_1453_1468_1473_176_1161_1160_1121_1159_1120_1157_1158_743_701_1200_1201_703_1202_704_1057_1087_1056_1089_1061_706_1090_1115_1469_1474_1563_1470_1562_1471_886_1162_1091_1092_1149_1494_1472_1495_1475_1496_1476_1176_301_1178_745_747_835_824_813_1203_1204_1484_1478_1485_1182_1223_1220_1205_1219_173_175_174_172_171_763_736_102_887_1054_1114_203_1148_1093_1152_752_802_753_868_869_870_741_846_867_857_1206_1218_1759_1217_748_553_552_881_551_1497_1498_1561_300_1758_1757_702_435_713_1179_304_303_1180_305_1181_1184_147_158_136_247_125_871_865_864_737_890_738_891_716_1113_1112_1108_345_168_346_167_170_351_348_166_1151_1153_1150_1154_1094_1116_1487_1095_1117_1486_204_201_205_1500_1501_352_349_350_353_570_165_571_357_356_739_740_714_712_715_711_717_762_36_907_69_25_906_47_1053_707_1052_708_1756_1755_1753_1760_872_1216_1207_1490_1489_177_215_178_214_1109_1098_1107_1100_908_909_905_14_910_3_904_369_903_880_550_879_544_1096_803_1097_801_804_809_808_805_800_806_1118_573_574_578_1479_1480_572_587_592_163_593_1765_1754_794_358_912_1743_1481_1482_354_568_595_355_359_378_379_372_594_371_360_1560_696_1214_1215_695_1213_1208_1240_1101_845_895_896_548_547_545_384_807_826_799_825_798_823_797_1119_1212_1211_1209_1224_694_1225_873_874_549_543_542_381_567_383_382_373_441_374_361_370_368_362_375_367_363_376_366_80_709_1051_710_1063_1062_579_577_581_582_576_599_598_164_583_1102_796_795_1104_1103_1105_1532_1521_1106_1543_1510_1466_817_541_540_732_731_539_844_1502_1503_1506_892_893_729_728_843_597_137_142_138_207_141_206_208_148_584_143_139_140_209_585_1452_1451_1450_1449_385_386_387_440_212_211_210_1444_1455_1432_1421_1410_538_1504_1528_1505_1527_1551_162_161_588_160_589_200_199_654_198_653_377_364_365_400_399_398_586_149_150_157_388_438_389_437_439_436_390_434_1526_1507_1508_1531_1552_1525_894_727_726_146_600_1239_197_196_601_145_605_144_650_134_649_133_606_875_876_878_1448_1447_1564_1565_1446_1581_130_652_131_129_651_154_151_590_152_155_156_596_604_603_159_1013_1014_1012_828_1445_1567_1582_1442_1568_408_433_432_135_132_607_1483_537_536_534_719_720_721_730_1530_1524_1529_1520_1522_1519_1523_1511_725_1238_1226_1237_1236_1227_1235_407_406_560_405_559_404_401_556_403_555_153_693_692_1259_258_269_114_380_280_391_1073_1074_1518_1533_1542_1477_1488_1499_812_1752_1751_1761_818_816_819_815_1555_932_931_820_934_814_930_1566_935_531_929_936_1234_1232_1228_1231_1229_1230_1241_1541_1517_1535_1516_1550_1544_1549_1545_1515_1548_431_566_392_430_128_127_397_575_1493_1547_1546_1050_1049_1048_690_1260_1258_1261_1257_565_396_395_393_409_394_444_410_723_722_1242_1243_1399_1388_827_465_464_897_466_898_463_526_467_443_442_429_428_533_532_561_554_562_810_811_937_938_1441_91_402_899_901_1002_1018_1019_1020_1001_1015_1556_1553_1262_1764_1268_1267_1264_1514_1377_1366_124_1575_1245_563_564_452_1762_1763_1750_939_940_1569_1570_213_468_902_1557_1440_1583_1076_842_841_1075_1078_1068_1069_1067_1070_783_1079_1071_718_470_471_523_527_472_1047_1766_1768_1263_1770_1771_1769_1773_427_426_1772_1265_1613_1601_411_412_473_425_1269_1270_1271_1256_474_1627_1614_462_525_461_460_459_941_942_943_1286_1285_1284_1283_1272_1273_1282_457_507_456_506_455_1588_1599_1577_1035_822_1034_1610_1036_821_1032_1621_1037_925_1632_225_236_180_202_1021_1254_1253_1252_1274_1275_1281_291_1072_302_313_1080_324_1064_1065_1081_1082_945_950_522_521_520_475_946_1030_948_1031_949_947_994_453_928_927_926_1576_1574_1578_1573_1579_1572_1571_1430_924_413_336_424_58_1749_1509_1246_782_781_778_1558_1559_1512_1513_1429_1428_1247_913_1732_914_792_1721_793_790_915_1710_774_775_916_995_996_1083_1580_1426_1431_1425_1433_1084_923_423_1085_789_788_787_1086_786_454_490_414_1038_921_1039_1626_1625_1628_1624_1623_347_1023_1024_1355_1016_1025_1643_1654_1666_1040_1677_1688_920_919_1584_1439_1438_1437_1280_1279_1276_962_961_960_1026_1027_772_918_917_773_1699_785_776_1602_1603_1604_1248_1249_1250_476_415_416_1278_1605_1606_489_488_487_1292_1291_477_478_1427_1251_1287_492_486_493_499_1017_1003_1004_1007_1008_1006_1005_1009_977_988_998_1010_1028_1029_1615_1618_1619_1617_1616_1620_1767_966_955_1000_944_1344_993_1177_1188_1622_1693_1692_1691_997_951_959_958_1434_1435_1436_1424_992_777_784_991_494_498_495_497_496_500_529_530_1690_1289_1290_1293_1295_1629_1630_1631_1633_169_1634_1635_1636_1637_953_954_952_990_1607_963_957_964_956_981_1423_1609_1611_1612_1638_1639_1678_1608_501_503_504_485_484_483_509_1422_1294_1296_1600_1297_840_655_126_123_122_656_121_120_612_119_445_838_1199_933_922_1210_1222_1689_839_1640_1641_1642_1644_1303_1302_900_889_911_1011_479_1420_481_1396_1409_1411_1398_1395_1412_1394_1534_482_448_611_610_837_118_115_116_658_609_659_117_112_989_888_836_1687_877_866_1310_779_1299_103_104_660_105_101_661_1301_508_510_1645_1686_106_107_662_1298_969_968_1144_967_999_1540_1536_1300_511_505_422_421_519_528_965_1133_1155_1122_1166_1111_608_614_616_1022_1033_1044_446_1397_1400_1585_1401_1393_1392_1586_1418_1417_1391_980_970_982_512_834_1386_1385_1387_1589_1590_1404_615_642_617_641_618_640_1099_1088_987_1077_833_971_984_985_972_832_831_420_518_419_517_516_1055_1066_335_224_557_113_668_2_1591_1594_1592_1587_1595_1593_1309_973_983_619_639_620_638_974_1682_1681_1680_1646_979_986_1650_1651_1649_1652_1653_1648_1655_856_1596_621_637_622_623_1403_1416_1402_1415_670_1537_1539_1538_1384_1383_1382_514_108_109_663_1647_625_626_515_975_1381_1380_1379_1373_1374_1389_1375_1390_976_978_1597_1362_1598_1361_1372_1360_1371_1336_1359_1337_1338_110_111_674_673_675_672_89_90_664_1378_1376_1408_627_631_628_632_630_1304_1315_1311_1312_855_1683_1679_1676_1700_1675_1684_1674_1685_1370_629_633_643_1698_1673_1665_1339_1340_1335_1341_1342_1334_1327_1326_1328_1343_1363_1364_1672_1660_1661_1659_687_1662_1233_1288_830_829_1329_1330_1325_1324_1331_1323_1320_1319_1663_688_1664_689_1667_1694_1670_1669_1668_1671_1697_1695_1696_854_1356_1318_1354_1317_636_634_1365_1367_1368_1322_1313_1314_1353_1357_1352_1358_1316_57_59_647_648_56_60_55_63_1308_1307_1306_1305_38_35_645_1658_1657_644_1405_1656_1369_1345_1346_863_1406_862_1407_861_860_859_858_1347_1348_1349_1350_1351_418_417_,0_1_2_3_4_5_6_7_8_9_10_11_12_13_14_15_16_17_18_19_20_21_22_23_24_25_26_27_28_29_30_31_32_33_34_35_36_37_38_39_40_41_42_43_44_45_46_47_48_49_50_51_52_53_54_55_56_57_58_59_60_61_62_63_64_65_66_67_68_69_70_71_72_73_74_75_76_77_78_79_80_81_82_83_84_85_86_87_88_89_90_91_92_93_94_95_96_97_98_99_100_101_102_103_104_105_106_107_108_109_110_111_112_113_114_115_116_117_118_119_120_121_122_123_124_125_126_127_128_129_130_131_132_133_134_135_136_137_138_139_140_141_142_143_144_145_146_147_148_149_150_151_152_153_154_155_156_157_158_159_160_161_162_163_164_165_166_167_168_169_170_171_172_173_174_175_176_177_178_179_180_181_182_183_184_185_186_187_188_189_190_191_192_193_194_195_196_197_198_199_200_201_202_203_204_205_206_207_208_209_210_211_212_213_214_215_216_217_218_219_220_221_222_223_224_225_226_227_228_229_230_231_232_233_234_235_236_237_238_239_240_241_242_243_244_245_246_247_248_249_250_251_252_253_254_255_256_257_258_259_260_261_262_263_264_265_266_267_268_269_270_271_272_273_274_275_276_277_278_279_280_281_282_283_284_285_286_287_288_289_290_291_292_293_294_295_296_297_298_299_300_301_302_303_304_305_306_307_308_309_310_311_312_313_314_315_316_317_318_319_320_321_322_323_324_325_326_327_328_329_330_331_332_333_334_335_336_337_338_339_340_341_342_343_344_345_346_347_348_349_350_351_352_353_354_355_356_357_358_359_360_361_362_363_364_365_366_367_368_369_370_371_372_373_374_375_376_377_378_379_380_381_382_383_384_385_386_387_388_389_390_391_392_393_394_395_396_397_398_399_400_401_402_403_404_405_406_407_408_409_410_411_412_413_414_415_416_417_418_419_420_421_422_423_424_425_426_427_428_429_430_431_432_433_434_435_436_437_438_439_440_441_442_443_444_445_446_447_448_449_450_451_452_453_454_455_456_457_458_459_460_461_462_463_464_465_466_467_468_469_470_471_472_473_474_475_476_477_478_479_480_481_482_483_484_485_486_487_488_489_490_491_492_493_494_495_496_497_498_499_500_501_502_503_504_505_506_507_508_509_510_511_512_513_514_515_516_517_518_519_520_521_522_523_524_525_526_527_528_529_530_531_532_533_534_535_536_537_538_539_540_541_542_543_544_545_546_547_548_549_550_551_552_553_554_555_556_557_558_559_560_561_562_563_564_565_566_567_568_569_570_571_572_573_574_575_576_577_578_579_580_581_582_583_584_585_586_587_588_589_590_591_592_593_594_595_596_597_598_599_600_601_602_603_604_605_606_607_608_609_610_611_612_613_614_615_616_617_618_619_620_621_622_623_624_625_626_627_628_629_630_631_632_633_634_635_636_637_638_639_640_641_642_643_644_645_646_647_648_649_650_651_652_653_654_655_656_657_658_659_660_661_662_663_664_665_666_667_668_669_670_671_672_673_674_675_676_677_678_679_680_681_682_683_684_685_686_687_688_689_690_691_692_693_694_695_696_697_698_699_700_701_702_703_704_705_706_707_708_709_710_711_712_713_714_715_716_717_718_719_720_721_722_723_724_725_726_727_728_729_730_731_732_733_734_735_736_737_738_739_740_741_742_743_744_745_746_747_748_749_750_751_752_753_754_755_756_757_758_759_760_761_762_763_764_765_766_767_768_769_770_771_772_773_774_775_776_777_778_779_780_781_782_783_784_785_786_787_788_789_790_791_792_793_794_795_796_797_798_799_800_801_802_803_804_805_806_807_808_809_810_811_812_813_814_815_816_817_818_819_820_821_822_823_824_825_826_827_828_829_830_831_832_833_834_835_836_837_838_839_840_841_842_843_844_845_846_847_848_849_850_851_852_853_854_855_856_857_858_859_860_861_862_863_864_865_866_867_868_869_870_871_872_873_874_875_876_877_878_879_880_881_882_883_884_885_886_887_888_889_890_891_892_893_894_895_896_897_898_899_900_901_902_903_904_905_906_907_908_909_910_911_912_913_914_915_916_917_918_919_920_921_922_923_924_925_926_927_928_929_930_931_932_933_934_935_936_937_938_939_940_941_942_943_944_945_946_947_948_949_950_951_952_953_954_955_956_957_958_959_960_961_962_963_964_965_966_967_968_969_970_971_972_973_974_975_976_977_978_979_980_981_982_983_984_985_986_987_988_989_990_991_992_993_994_995_996_997_998_999_1000_1001_1002_1003_1004_1005_1006_1007_1008_1009_1010_1011_1012_1013_1014_1015_1016_1017_1018_1019_1020_1021_1022_1023_1024_1025_1026_1027_1028_1029_1030_1031_1032_1033_1034_1035_1036_1037_1038_1039_1040_1041_1042_1043_1044_1045_1046_1047_1048_1049_1050_1051_1052_1053_1054_1055_1056_1057_1058_1059_1060_1061_1062_1063_1064_1065_1066_1067_1068_1069_1070_1071_1072_1073_1074_1075_1076_1077_1078_1079_1080_1081_1082_1083_1084_1085_1086_1087_1088_1089_1090_1091_1092_1093_1094_1095_1096_1097_1098_1099_1100_1101_1102_1103_1104_1105_1106_1107_1108_1109_1110_1111_1112_1113_1114_1115_1116_1117_1118_1119_1120_1121_1122_1123_1124_1125_1126_1127_1128_1129_1130_1131_1132_1133_1134_1135_1136_1137_1138_1139_1140_1141_1142_1143_1144_1145_1146_1147_1148_1149_1150_1151_1152_1153_1154_1155_1156_1157_1158_1159_1160_1161_1162_1163_1164_1165_1166_1167_1168_1169_1170_1171_1172_1173_1174_1175_1176_1177_1178_1179_1180_1181_1182_1183_1184_1185_1186_1187_1188_1189_1190_1191_1192_1193_1194_1195_1196_1197_1198_1199_1200_1201_1202_1203_1204_1205_1206_1207_1208_1209_1210_1211_1212_1213_1214_1215_1216_1217_1218_1219_1220_1221_1222_1223_1224_1225_1226_1227_1228_1229_1230_1231_1232_1233_1234_1235_1236_1237_1238_1239_1240_1241_1242_1243_1244_1245_1246_1247_1248_1249_1250_1251_1252_1253_1254_1255_1256_1257_1258_1259_1260_1261_1262_1263_1264_1265_1266_1267_1268_1269_1270_1271_1272_1273_1274_1275_1276_1277_1278_1279_1280_1281_1282_1283_1284_1285_1286_1287_1288_1289_1290_1291_1292_1293_1294_1295_1296_1297_1298_1299_1300_1301_1302_1303_1304_1305_1306_1307_1308_1309_1310_1311_1312_1313_1314_1315_1316_1317_1318_1319_1320_1321_1322_1323_1324_1325_1326_1327_1328_1329_1330_1331_1332_1333_1334_1335_1336_1337_1338_1339_1340_1341_1342_1343_1344_1345_1346_1347_1348_1349_1350_1351_1352_1353_1354_1355_1356_1357_1358_1359_1360_1361_1362_1363_1364_1365_1366_1367_1368_1369_1370_1371_1372_1373_1374_1375_1376_1377_1378_1379_1380_1381_1382_1383_1384_1385_1386_1387_1388_1389_1390_1391_1392_1393_1394_1395_1396_1397_1398_1399_1400_1401_1402_1403_1404_1405_1406_1407_1408_1409_1410_1411_1412_1413_1414_1415_1416_1417_1418_1419_1420_1421_1422_1423_1424_1425_1426_1427_1428_1429_1430_1431_1432_1433_1434_1435_1436_1437_1438_1439_1440_1441_1442_1443_1444_1445_1446_1447_1448_1449_1450_1451_1452_1453_1454_1455_1456_1457_1458_1459_1460_1461_1462_1463_1464_1465_1466_1467_1468_1469_1470_1471_1472_1473_1474_1475_1476_1477_1478_1479_1480_1481_1482_1483_1484_1485_1486_1487_1488_1489_1490_1491_1492_1493_1494_1495_1496_1497_1498_1499_1500_1501_1502_1503_1504_1505_1506_1507_1508_1509_1510_1511_1512_1513_1514_1515_1516_1517_1518_1519_1520_1521_1522_1523_1524_1525_1526_1527_1528_1529_1530_1531_1532_1533_1534_1535_1536_1537_1538_1539_1540_1541_1542_1543_1544_1545_1546_1547_1548_1549_1550_1551_1552_1553_1554_1555_1556_1557_1558_1559_1560_1561_1562_1563_1564_1565_1566_1567_1568_1569_1570_1571_1572_1573_1574_1575_1576_1577_1578_1579_1580_1581_1582_1583_1584_1585_1586_1587_1588_1589_1590_1591_1592_1593_1594_1595_1596_1597_1598_1599_1600_1601_1602_1603_1604_1605_1606_1607_1608_1609_1610_1611_1612_1613_1614_1615_1616_1617_1618_1619_1620_1621_1622_1623_1624_1625_1626_1627_1628_1629_1630_1631_1632_1633_1634_1635_1636_1637_1638_1639_1640_1641_1642_1643_1644_1645_1646_1647_1648_1649_1650_1651_1652_1653_1654_1655_1656_1657_1658_1659_1660_1661_1662_1663_1664_1665_1666_1667_1668_1669_1670_1671_1672_1673_1674_1675_1676_1677_1678_1679_1680_1681_1682_1683_1684_1685_1686_1687_1688_1689_1690_1691_1692_1693_1694_1695_1696_1697_1698_1699_1700_1701_1702_1703_1704_1705_1706_1707_1708_1709_1710_1711_1712_1713_1714_1715_1716_1717_1718_1719_1720_1721_1722_1723_1724_1725_1726_1727_1728_1729_1730_1731_1732_1733_1734_1735_1736_1737_1738_1739_1740_1741_1742_1743_1744_1745_1746_1747_1748_1749_1750_1751_1752_1753_1754_1755_1756_1757_1758_1759_1760_1761_1762_1763_1764_1765_1766_1767_1768_1769_1770_1771_1772_1773_1774_1775_,56:{38;35;645;}91:{347;}104:{670;}105:{106;107;662;}106:{108;109;663;}109:{110;111;674;673;675;672;89;90;664;}110:{57;59;647;}115:{103;104;660;105;101;661;}119:{118;115;116;658;609;659;117;112;}124:{655;126;123;122;656;121;120;612;119;}125:{91;402;}126:{611;610;}130:{128;127;}136:{258;269;114;380;280;391;1073;1074;}148:{601;145;605;144;650;134;649;133;606;}158:{169;}165:{572;587;592;163;593;}167:{573;574;578;}174:{204;201;205;}176:{177;215;178;214;}196:{124;}205:{200;199;654;198;653;}208:{130;652;131;129;651;}211:{197;196;}213:{225;236;180;202;}214:{212;211;210;}216:{176;}218:{173;175;174;172;171;}219:{203;}223:{342;334;220;292;337;338;}224:{1665;}226:{221;341;}237:{235;234;}238:{480;}240:{243;513;502;491;}241:{724;}242:{524;735;535;}254:{251;325;323;}255:{252;232;}256:{331;326;332;227;266;327;}259:{261;257;262;263;264;256;282;229;254;265;228;255;230;253;}265:{226;267;223;222;289;}266:{290;}277:{270;}278:{281;848;268;259;260;847;}282:{288;}286:{285;851;272;284;852;850;278;283;853;849;279;271;}290:{216;217;}304:{213;}308:{275;274;276;287;273;277;286;}310:{309;311;308;312;294;314;293;}314:{315;316;310;317;}316:{700;}317:{318;1196;319;698;697;1197;699;320;1198;}318:{321;1191;}326:{328;330;333;231;329;240;239;241;238;}330:{237;233;242;}335:{113;668;2;}337:{750;219;}338:{343;}341:{339;751;340;}342:{218;}344:{345;168;346;167;170;351;348;166;}350:{384;}351:{352;349;350;353;570;165;571;357;356;}357:{354;568;595;355;359;378;379;372;594;371;360;}362:{408;}372:{361;370;368;362;375;367;363;376;366;}376:{377;364;365;400;399;398;}383:{385;386;387;440;}386:{388;438;389;437;439;436;390;434;}391:{413;336;424;58;}393:{443;442;429;428;}398:{565;396;395;393;409;394;444;410;}405:{397;}408:{407;406;560;405;559;404;401;556;403;555;}409:{411;412;}410:{414;}411:{415;416;}415:{445;}416:{448;}420:{418;417;}422:{420;518;419;517;516;}426:{423;}428:{425;}430:{427;426;}434:{431;566;392;430;}436:{433;432;}453:{454;490;}459:{457;507;456;506;455;}463:{462;525;461;460;459;}467:{718;470;471;523;527;472;}468:{473;}471:{474;}473:{476;}475:{477;478;}476:{481;}478:{482;}480:{646;469;458;447;}481:{508;}482:{510;}483:{511;}487:{485;484;483;509;}489:{492;486;493;499;}493:{494;498;495;497;496;500;529;530;}496:{501;503;504;}503:{505;422;421;519;528;}507:{489;488;487;}509:{512;}510:{514;}519:{515;}520:{479;}523:{522;521;520;475;}536:{533;532;561;554;562;}538:{537;536;534;}541:{538;}542:{541;540;732;731;539;}546:{558;680;569;669;580;602;761;657;591;771;759;624;613;770;691;733;635;758;}549:{725;}552:{549;543;542;}553:{880;550;879;544;}562:{563;564;452;}563:{453;}576:{159;}577:{586;149;150;157;}578:{579;577;581;582;576;599;598;164;583;}582:{146;600;}586:{154;151;590;152;155;156;596;604;603;}587:{162;161;588;160;589;}590:{575;}594:{381;567;383;382;373;441;374;}598:{597;137;142;138;207;141;206;208;148;584;143;139;140;209;585;}601:{153;}606:{135;132;607;}608:{615;642;617;641;618;640;}617:{619;639;620;638;}625:{627;631;628;632;630;}627:{636;}630:{634;}631:{629;633;643;}637:{625;626;}639:{621;637;622;623;}646:{702;435;713;}648:{644;}660:{608;614;616;}672:{648;56;60;55;63;}689:{1658;1657;}693:{690;1260;1258;1261;1257;}695:{693;692;1259;}700:{701;1200;1201;703;1202;704;}702:{147;158;136;247;125;}703:{1758;1757;}707:{709;1051;710;1063;1062;}720:{465;464;897;466;898;463;526;467;}724:{746;742;757;546;744;780;}728:{723;722;}729:{719;720;721;730;}733:{885;883;769;882;767;}734:{737;890;738;891;716;}735:{743;}738:{739;740;714;712;715;711;717;762;36;907;69;25;906;47;}740:{80;}743:{741;846;867;857;}744:{745;747;835;824;813;}750:{748;}751:{749;344;}761:{768;756;760;755;791;884;754;}766:{763;736;102;887;}767:{766;765;764;734;}778:{777;784;}791:{752;802;753;868;869;870;}797:{796;795;1104;1103;1105;1532;1521;1106;1543;1510;1466;817;}804:{1102;}805:{807;826;799;825;798;823;797;1119;}811:{939;940;}813:{871;865;864;}817:{929;936;}823:{1477;1488;1499;812;}826:{1444;1455;1432;1421;1410;}827:{1377;1366;}829:{854;}832:{830;829;}836:{832;831;}837:{833;}838:{834;}840:{836;}844:{1076;842;841;1075;1078;1068;1069;1067;1070;783;1079;1071;}846:{872;}859:{858;}863:{860;859;}870:{873;874;}872:{875;876;878;}878:{531;}882:{553;552;881;551;}885:{886;}886:{548;547;545;}888:{999;1540;1536;}889:{877;866;1310;779;1299;}891:{892;893;729;728;}892:{894;727;726;}896:{899;901;}897:{468;902;}900:{1233;1288;}903:{895;896;}907:{908;909;905;14;910;3;904;369;903;}910:{1765;1754;794;358;912;1743;}912:{913;1732;914;792;1721;793;790;915;1710;774;775;916;}925:{1038;921;1039;}933:{900;889;911;1011;}939:{941;942;943;}941:{945;950;}945:{946;1030;948;1031;949;947;994;}947:{962;961;960;1026;1027;}950:{995;996;}953:{989;}954:{969;968;1144;967;}959:{965;}960:{963;957;964;956;981;}962:{959;958;}963:{980;970;982;}965:{973;983;}967:{971;984;985;972;}972:{975;}977:{991;}980:{976;978;}981:{979;}983:{974;}990:{1133;1155;1122;1166;1111;}991:{953;954;952;990;}995:{997;951;}999:{1537;1539;1538;}1008:{992;}1011:{1022;1033;1044;446;}1012:{1002;1018;1019;1020;1001;1015;}1014:{1021;}1016:{1017;1003;1004;1007;1008;1006;1005;1009;977;988;998;1010;}1020:{1023;1024;1355;1016;1025;}1025:{966;955;1000;944;1344;993;1177;1188;}1026:{1028;1029;}1032:{923;}1034:{924;}1044:{1055;1066;335;224;557;}1047:{1588;1599;1577;1035;822;1034;1610;1036;821;1032;1621;1037;925;1632;}1051:{1047;}1052:{1050;1049;1048;}1057:{1054;1114;}1058:{1057;1087;1056;1089;1061;706;1090;1115;}1059:{1182;}1062:{1064;1065;1081;1082;}1065:{1083;}1068:{782;781;778;}1074:{291;1072;302;313;1080;324;}1081:{1084;}1083:{1085;789;788;787;1086;786;}1086:{1643;1654;1666;1040;1677;1688;920;919;}1090:{1113;1112;1108;}1095:{1096;803;1097;801;804;809;808;805;800;806;1118;}1113:{1101;}1114:{1109;1098;1107;1100;}1115:{1053;707;1052;708;}1122:{1099;1088;987;1077;}1126:{1059;1060;1183;1058;}1130:{1176;301;1178;}1131:{1129;1127;1126;1175;1137;1125;}1136:{1138;1142;1139;1143;1123;1124;1146;}1138:{1161;1160;1121;1159;1120;1157;1158;}1142:{1145;1173;1172;1492;1156;1147;1491;}1144:{986;}1152:{1151;1153;1150;1154;1094;1116;1487;1095;1117;1486;}1158:{1148;1093;1152;}1159:{1162;1091;1092;1149;}1165:{1167;1164;1168;1163;1131;1169;1132;1134;1174;1130;1194;1140;}1167:{1170;1135;705;1141;1128;1171;1136;}1174:{300;}1178:{1179;304;303;1180;305;1181;1184;}1179:{845;}1181:{843;}1183:{844;}1187:{1192;1193;1185;1165;}1191:{1190;1195;1460;1189;1461;1187;1186;}1200:{1203;1204;}1202:{1223;1220;1205;1219;}1204:{1206;1218;1759;1217;}1206:{1239;}1213:{1212;1211;1209;1224;694;1225;}1218:{696;1214;1215;695;1213;1208;1240;}1219:{1216;1207;}1224:{1238;1226;1237;1236;1227;1235;}1229:{1242;1243;}1231:{1575;1245;}1235:{1234;1232;1228;1231;1229;1230;1241;}1241:{1246;}1243:{1429;1428;1247;}1247:{1248;1249;1250;}1249:{1292;1291;}1256:{1254;1253;1252;1274;1275;1281;}1257:{1269;1270;1271;1256;}1259:{1262;1764;1268;1267;1264;}1263:{1627;1614;}1268:{1286;1285;1284;1283;1272;}1270:{1273;1282;}1272:{1280;1279;1276;}1275:{1251;1287;}1276:{1289;}1281:{1278;1605;1606;}1283:{1602;1603;1604;}1287:{1609;1611;1612;}1292:{1290;1293;1295;}1293:{1294;1296;1600;1297;840;}1296:{1303;1302;}1297:{1301;}1298:{1304;1315;1311;1312;}1300:{1322;1313;1314;}1301:{1300;}1302:{1298;}1312:{1316;}1320:{1356;1318;1354;1317;}1328:{1329;1330;1325;1324;1331;1323;1320;1319;}1338:{1339;1340;1335;1341;1342;1334;1327;1326;1328;}1342:{1345;1346;}1344:{1199;933;922;1210;1222;}1346:{1347;1348;}1348:{1349;1350;}1350:{1351;}1354:{1353;1357;1352;1358;}1359:{1343;1363;1364;}1363:{1365;1367;1368;}1365:{1369;}1379:{1378;1376;1408;}1382:{1381;1380;1379;1373;1374;1389;1375;1390;}1386:{1384;1383;1382;}1391:{1386;1385;1387;1589;1590;1404;}1398:{1397;1400;1585;1401;1393;1392;1586;1418;1417;1391;}1402:{1405;}1405:{863;1406;862;1407;861;}1418:{1403;1416;1402;1415;}1420:{1396;1409;1411;1398;1395;1412;1394;}1423:{1420;}1425:{1422;}1429:{1427;}1432:{1013;1014;1012;828;}1433:{1434;1435;1436;1424;}1441:{1557;1440;1583;}1447:{1445;1567;1582;1442;1568;}1449:{1448;1447;1564;1565;1446;1581;}1453:{1452;1451;1450;1449;}1457:{1465;1467;1453;1468;1473;}1461:{1462;1463;1464;}1462:{1459;}1464:{1457;1456;1458;1454;}1465:{1469;1474;1563;1470;1562;1471;}1471:{1494;1472;1495;1475;1496;1476;}1475:{1484;1478;1485;}1478:{1481;1482;}1480:{1483;}1481:{1493;}1483:{1399;1388;827;}1484:{1479;1480;}1488:{810;811;937;938;}1492:{1490;1489;}1495:{1497;1498;1561;}1497:{1500;1501;}1498:{1502;1503;1506;}1501:{1504;1528;1505;1527;1551;}1504:{1526;1507;1508;1531;1552;1525;}1506:{1509;}1529:{1534;}1530:{1518;1533;1542;}1531:{1530;1524;1529;1520;1522;1519;1523;1511;}1532:{818;816;819;815;1555;932;931;820;934;814;930;1566;935;}1533:{888;}1542:{1541;1517;1535;1516;1550;1544;1549;1545;1515;1548;}1544:{1514;}1549:{1547;1546;}1557:{1558;1559;1512;1513;}1563:{1560;}1567:{1569;1570;}1575:{1576;1574;1578;1573;1579;1572;1571;1430;}1577:{928;927;926;}1578:{1580;1426;1431;1425;1433;}1580:{1423;}1581:{1441;}1582:{1556;1553;}1583:{1584;1439;1438;1437;}1590:{1591;1594;1592;1587;1595;1593;1309;}1593:{1596;}1595:{1308;1307;1306;1305;}1596:{1597;1362;1598;1361;1372;1360;1371;1336;1359;1337;1338;}1598:{1370;}1600:{837;}1604:{1607;}1605:{1608;}1608:{838;}1609:{839;}1613:{1615;1618;1619;1617;1616;1620;1767;}1620:{1622;1693;1692;1691;}1623:{1690;}1627:{1626;1625;1628;1624;1623;}1628:{1629;1630;1631;1633;}1633:{1634;1635;1636;1637;}1636:{1638;1639;1678;}1639:{1640;1641;1642;1644;}1641:{1645;}1642:{1646;}1645:{1650;1651;1649;1652;1653;1648;1655;856;}1651:{1647;}1652:{855;}1662:{1663;688;1664;689;1667;1694;1670;1669;1668;1671;1697;1695;1696;}1669:{1656;}1673:{1672;1660;1661;1659;687;1662;}1681:{1683;1679;1676;1700;1675;1684;1674;1685;}1682:{1698;1673;}1686:{1682;1681;1680;}1688:{772;918;917;773;1699;785;776;}1690:{1686;}1691:{1687;}1692:{1689;}1755:{1752;1751;1761;}1757:{1756;1755;1753;1760;}1760:{1749;}1761:{1762;1763;1750;}1762:{1766;1768;}1763:{1263;1770;1771;1769;1773;}1766:{1772;1265;1613;1601;},392_397_398_401_403_404_405_432_433_434_454_455_462_463_464_465_466_467_562_563_565_566_608_615_616_617_642_645_688_689_810_811_833_834_836_897_898_899_901_935_936_937_1002_1021_1023_1199_1210_1222_1233_1288_1302_1303_1344_1396_1398_1415_1533_1534_1546_1547_1548_1549_1550_1642_1644_1658_1659_1664_1667_1671_,310-309*0_310-311*0_310-308*0_310-312*0_310-294*0_310-314*0_310-293*0_314-315*1_314-316*1_314-310*1_314-317*1_308-275*1_308-274*1_308-276*1_308-287*1_308-273*1_308-277*1_308-286*1_286-285*2_286-851*2_286-272*2_286-284*2_286-852*2_286-850*2_286-278*2_286-283*2_286-853*2_286-849*2_286-279*2_286-271*2_277-270*3_278-281*4_278-848*4_278-268*4_278-259*4_278-260*4_278-847*4_259-261*5_259-257*5_259-262*5_259-263*5_259-264*5_259-256*5_259-282*5_259-229*5_259-254*5_259-265*5_259-228*5_259-255*5_259-230*5_259-253*5_256-331*6_256-326*6_256-332*6_256-227*6_256-266*6_256-327*6_326-328*7_326-330*7_326-333*7_326-231*7_326-329*7_326-240*7_326-239*7_326-241*7_326-238*7_317-318*2_317-1196*2_317-319*2_317-698*2_317-697*2_317-1197*2_317-699*2_317-320*2_317-1198*2_316-700*2_265-226*7_265-267*7_265-223*7_265-222*7_265-289*7_255-252*6_255-232*6_330-237*8_330-233*8_330-242*8_240-243*8_240-513*8_240-502*8_240-491*8_318-321*3_318-1191*3_241-724*8_282-288*6_266-290*7_1191-1190*4_1191-1195*4_1191-1460*4_1191-1189*4_1191-1461*4_1191-1187*4_1191-1186*4_1461-1462*5_1461-1463*5_1461-1464*5_254-251*7_254-325*7_254-323*7_226-221*8_226-341*8_242-524*10_242-735*10_242-535*10_1462-1459*6_237-235*9_237-234*9_1464-1457*7_1464-1456*7_1464-1458*7_1464-1454*7_238-480*9_1187-1192*5_1187-1193*5_1187-1185*5_1187-1165*5_724-746*11_724-742*11_724-757*11_724-546*11_724-744*11_724-780*11_1165-1167*6_1165-1164*6_1165-1168*6_1165-1163*6_1165-1131*6_1165-1169*6_1165-1132*6_1165-1134*6_1165-1174*6_1165-1130*6_1165-1194*6_1165-1140*6_223-342*8_223-334*8_223-220*8_223-292*8_223-337*8_223-338*8_546-558*12_546-680*12_546-569*12_546-669*12_546-580*12_546-602*12_546-761*12_546-657*12_546-591*12_546-771*12_546-759*12_546-624*12_546-613*12_546-770*12_546-691*12_546-733*12_546-635*12_546-758*12_290-216*8_290-217*8_341-339*9_341-751*9_341-340*9_337-750*9_337-219*9_342-218*9_761-768*13_761-756*13_761-760*13_761-755*13_761-791*13_761-884*13_761-754*13_1167-1170*7_1167-1135*7_1167-705*7_1167-1141*7_1167-1128*7_1167-1171*7_1167-1136*7_1131-1129*7_1131-1127*7_1131-1126*7_1131-1175*7_1131-1137*7_1131-1125*7_338-343*10_733-885*14_733-883*14_733-769*14_733-882*14_733-767*14_1136-1138*8_1136-1142*8_1136-1139*8_1136-1143*8_1136-1123*8_1136-1124*8_1136-1146*8_480-646*10_480-469*10_480-458*10_480-447*10_1142-1145*9_1142-1173*9_1142-1172*9_1142-1492*9_1142-1156*9_1142-1147*9_1142-1491*9_767-766*15_767-765*15_767-764*15_767-734*15_1126-1059*9_1126-1060*9_1126-1183*9_1126-1058*9_751-749*10_751-344*10_1457-1465*8_1457-1467*8_1457-1453*8_1457-1468*8_1457-1473*8_216-176*10_1138-1161*10_1138-1160*10_1138-1121*10_1138-1159*10_1138-1120*10_1138-1157*10_1138-1158*10_735-743*12_700-701*3_700-1200*3_700-1201*3_700-703*3_700-1202*3_700-704*3_1058-1057*10_1058-1087*10_1058-1056*10_1058-1089*10_1058-1061*10_1058-706*10_1058-1090*10_1058-1115*10_1465-1469*9_1465-1474*9_1465-1563*9_1465-1470*9_1465-1562*9_1465-1471*9_885-886*15_1159-1162*11_1159-1091*11_1159-1092*11_1159-1149*11_1471-1494*10_1471-1472*10_1471-1495*10_1471-1475*10_1471-1496*10_1471-1476*10_1130-1176*7_1130-301*7_1130-1178*7_744-745*12_744-747*12_744-835*12_744-824*12_744-813*12_1200-1203*4_1200-1204*4_1475-1484*11_1475-1478*11_1475-1485*11_1059-1182*11_1202-1223*4_1202-1220*4_1202-1205*4_1202-1219*4_218-173*10_218-175*10_218-174*10_218-172*10_218-171*10_766-763*16_766-736*16_766-102*16_766-887*16_1057-1054*12_1057-1114*12_219-203*11_1158-1148*11_1158-1093*11_1158-1152*11_791-752*14_791-802*14_791-753*14_791-868*14_791-869*14_791-870*14_743-741*13_743-846*13_743-867*13_743-857*13_1204-1206*5_1204-1218*5_1204-1759*5_1204-1217*5_750-748*11_882-553*15_882-552*15_882-881*15_882-551*15_1495-1497*11_1495-1498*11_1495-1561*11_1174-300*8_703-1758*5_703-1757*5_646-702*11_646-435*11_646-713*11_1178-1179*8_1178-304*8_1178-303*8_1178-1180*8_1178-305*8_1178-1181*8_1178-1184*8_702-147*12_702-158*12_702-136*12_702-247*12_702-125*12_813-871*15_813-865*15_813-864*15_734-737*17_734-890*17_734-738*17_734-891*17_734-716*17_1090-1113*12_1090-1112*12_1090-1108*12_344-345*11_344-168*11_344-346*11_344-167*11_344-170*11_344-351*11_344-348*11_344-166*11_1152-1151*12_1152-1153*12_1152-1150*12_1152-1154*12_1152-1094*12_1152-1116*12_1152-1487*12_1152-1095*12_1152-1117*12_1152-1486*12_174-204*13_174-201*13_174-205*13_1497-1500*12_1497-1501*12_351-352*12_351-349*12_351-350*12_351-353*12_351-570*12_351-165*12_351-571*12_351-357*12_351-356*12_738-739*18_738-740*18_738-714*18_738-712*18_738-715*18_738-711*18_738-717*18_738-762*18_738-36*18_738-907*18_738-69*18_738-25*18_738-906*18_738-47*18_1115-1053*11_1115-707*11_1115-1052*11_1115-708*11_1757-1756*6_1757-1755*6_1757-1753*6_1757-1760*6_846-872*16_1219-1216*5_1219-1207*5_1492-1490*10_1492-1489*10_176-177*11_176-215*11_176-178*11_176-214*11_1114-1109*13_1114-1098*13_1114-1107*13_1114-1100*13_907-908*19_907-909*19_907-905*19_907-14*19_907-910*19_907-3*19_907-904*19_907-369*19_907-903*19_553-880*16_553-550*16_553-879*16_553-544*16_1095-1096*13_1095-803*13_1095-1097*13_1095-801*13_1095-804*13_1095-809*13_1095-808*13_1095-805*13_1095-800*13_1095-806*13_1095-1118*13_167-573*13_167-574*13_167-578*13_1484-1479*12_1484-1480*12_165-572*13_165-587*13_165-592*13_165-163*13_165-593*13_910-1765*20_910-1754*20_910-794*20_910-358*20_910-912*20_910-1743*20_1478-1481*12_1478-1482*12_357-354*13_357-568*13_357-595*13_357-355*13_357-359*13_357-378*13_357-379*13_357-372*13_357-594*13_357-371*13_357-360*13_1563-1560*10_1218-696*6_1218-1214*6_1218-1215*6_1218-695*6_1218-1213*6_1218-1208*6_1218-1240*6_1113-1101*13_1179-845*10_903-895*20_903-896*20_886-548*17_886-547*17_886-545*17_350-384*13_805-807*14_805-826*14_805-799*14_805-825*14_805-798*14_805-823*14_805-797*14_805-1119*14_1213-1212*7_1213-1211*7_1213-1209*7_1213-1224*7_1213-694*7_1213-1225*7_870-873*17_870-874*17_552-549*17_552-543*17_552-542*17_594-381*14_594-567*14_594-383*14_594-382*14_594-373*14_594-441*14_594-374*14_372-361*15_372-370*15_372-368*15_372-362*15_372-375*15_372-367*15_372-363*15_372-376*15_372-366*15_740-80*19_707-709*12_707-1051*12_707-710*12_707-1063*12_707-1062*12_578-579*14_578-577*14_578-581*14_578-582*14_578-576*14_578-599*14_578-598*14_578-164*14_578-583*14_804-1102*14_797-796*15_797-795*15_797-1104*15_797-1103*15_797-1105*15_797-1532*15_797-1521*15_797-1106*15_797-1543*15_797-1510*15_797-1466*15_797-817*15_542-541*18_542-540*18_542-732*18_542-731*18_542-539*18_1183-844*11_1498-1502*12_1498-1503*12_1498-1506*12_891-892*18_891-893*18_891-729*18_891-728*18_1181-843*9_598-597*15_598-137*15_598-142*15_598-138*15_598-207*15_598-141*15_598-206*15_598-208*15_598-148*15_598-584*15_598-143*15_598-139*15_598-140*15_598-209*15_598-585*15_1453-1452*9_1453-1451*9_1453-1450*9_1453-1449*9_383-385*15_383-386*15_383-387*15_383-440*15_214-212*12_214-211*12_214-210*12_826-1444*15_826-1455*15_826-1432*15_826-1421*15_826-1410*15_541-538*19_1501-1504*13_1501-1528*13_1501-1505*13_1501-1527*13_1501-1551*13_587-162*14_587-161*14_587-588*14_587-160*14_587-589*14_205-200*14_205-199*14_205-654*14_205-198*14_205-653*14_376-377*16_376-364*16_376-365*16_376-400*16_376-399*16_376-398*16_577-586*15_577-149*15_577-150*15_577-157*15_386-388*16_386-438*16_386-389*16_386-437*16_386-439*16_386-436*16_386-390*16_386-434*16_1504-1526*14_1504-1507*14_1504-1508*14_1504-1531*14_1504-1552*14_1504-1525*14_892-894*22_892-727*22_892-726*22_582-146*16_582-600*16_1206-1239*8_211-197*13_211-196*13_148-601*17_148-145*17_148-605*17_148-144*17_148-650*17_148-134*17_148-649*17_148-133*17_148-606*17_872-875*17_872-876*17_872-878*17_1449-1448*10_1449-1447*10_1449-1564*10_1449-1565*10_1449-1446*10_1449-1581*10_208-130*16_208-652*16_208-131*16_208-129*16_208-651*16_586-154*17_586-151*17_586-590*17_586-152*17_586-155*17_586-156*17_586-596*17_586-604*17_586-603*17_576-159*17_1432-1013*16_1432-1014*16_1432-1012*16_1432-828*16_1447-1445*11_1447-1567*11_1447-1582*11_1447-1442*11_1447-1568*11_362-408*20_436-433*17_436-432*17_606-135*18_606-132*18_606-607*18_1480-1483*13_538-537*20_538-536*20_538-534*20_729-719*19_729-720*19_729-721*19_729-730*19_1531-1530*15_1531-1524*15_1531-1529*15_1531-1520*15_1531-1522*15_1531-1519*15_1531-1523*15_1531-1511*15_549-725*18_1224-1238*8_1224-1226*8_1224-1237*8_1224-1236*8_1224-1227*8_1224-1235*8_408-407*21_408-406*21_408-560*21_408-405*21_408-559*21_408-404*21_408-401*21_408-556*21_408-403*21_408-555*21_601-153*19_695-693*9_695-692*9_695-1259*9_136-258*13_136-269*13_136-114*13_136-380*13_136-280*13_136-391*13_136-1073*13_136-1074*13_1530-1518*16_1530-1533*16_1530-1542*16_823-1477*15_823-1488*15_823-1499*15_823-812*15_1755-1752*7_1755-1751*7_1755-1761*7_1532-818*16_1532-816*16_1532-819*16_1532-815*16_1532-1555*16_1532-932*16_1532-931*16_1532-820*16_1532-934*16_1532-814*16_1532-930*16_1532-1566*16_1532-935*16_878-531*18_817-929*16_817-936*16_1235-1234*9_1235-1232*9_1235-1228*9_1235-1231*9_1235-1229*9_1235-1230*9_1235-1241*9_1542-1541*17_1542-1517*17_1542-1535*17_1542-1516*17_1542-1550*17_1542-1544*17_1542-1549*17_1542-1545*17_1542-1515*17_1542-1548*17_434-431*17_434-566*17_434-392*17_434-430*17_130-128*17_130-127*17_405-397*22_590-575*18_1481-1493*14_1549-1547*18_1549-1546*18_1052-1050*12_1052-1049*12_1052-1048*12_693-690*10_693-1260*10_693-1258*10_693-1261*10_693-1257*10_398-565*17_398-396*17_398-395*17_398-393*17_398-409*17_398-394*17_398-444*17_398-410*17_728-723*19_728-722*19_1229-1242*10_1229-1243*10_1483-1399*15_1483-1388*15_1483-827*15_720-465*20_720-464*20_720-897*20_720-466*20_720-898*20_720-463*20_720-526*20_720-467*20_393-443*18_393-442*18_393-429*18_393-428*18_536-533*21_536-532*21_536-561*21_536-554*21_536-562*21_1488-810*16_1488-811*16_1488-937*16_1488-938*16_1581-1441*11_125-91*13_125-402*13_896-899*21_896-901*21_1012-1002*17_1012-1018*17_1012-1019*17_1012-1020*17_1012-1001*17_1012-1015*17_1582-1556*12_1582-1553*12_1259-1262*10_1259-1764*10_1259-1268*10_1259-1267*10_1259-1264*10_1544-1514*18_827-1377*16_827-1366*16_196-124*14_1231-1575*10_1231-1245*10_562-563*22_562-564*22_562-452*22_1761-1762*8_1761-1763*8_1761-1750*8_811-939*17_811-940*17_1567-1569*12_1567-1570*12_304-213*10_897-468*21_897-902*21_1441-1557*13_1441-1440*13_1441-1583*13_844-1076*12_844-842*12_844-841*12_844-1075*12_844-1078*12_844-1068*12_844-1069*12_844-1067*12_844-1070*12_844-783*12_844-1079*12_844-1071*12_467-718*23_467-470*23_467-471*23_467-523*23_467-527*23_467-472*23_1051-1047*13_1762-1766*9_1762-1768*9_1763-1263*9_1763-1770*9_1763-1771*9_1763-1769*9_1763-1773*9_430-427*19_430-426*19_1766-1772*12_1766-1265*12_1766-1613*12_1766-1601*12_409-411*18_409-412*18_468-473*23_428-425*19_1257-1269*12_1257-1270*12_1257-1271*12_1257-1256*12_471-474*24_1263-1627*13_1263-1614*13_463-462*21_463-525*21_463-461*21_463-460*21_463-459*21_939-941*20_939-942*20_939-943*20_1268-1286*11_1268-1285*11_1268-1284*11_1268-1283*11_1268-1272*11_1270-1273*13_1270-1282*13_459-457*22_459-507*22_459-456*22_459-506*22_459-455*22_1047-1588*14_1047-1599*14_1047-1577*14_1047-1035*14_1047-822*14_1047-1034*14_1047-1610*14_1047-1036*14_1047-821*14_1047-1032*14_1047-1621*14_1047-1037*14_1047-925*14_1047-1632*14_213-225*11_213-236*11_213-180*11_213-202*11_1014-1021*17_1256-1254*13_1256-1253*13_1256-1252*13_1256-1274*13_1256-1275*13_1256-1281*13_1074-291*14_1074-1072*14_1074-302*14_1074-313*14_1074-1080*14_1074-324*14_1062-1064*13_1062-1065*13_1062-1081*13_1062-1082*13_941-945*21_941-950*21_523-522*24_523-521*24_523-520*24_523-475*24_945-946*22_945-1030*22_945-948*22_945-1031*22_945-949*22_945-947*22_945-994*22_563-453*23_1577-928*15_1577-927*15_1577-926*15_1575-1576*11_1575-1574*11_1575-1578*11_1575-1573*11_1575-1579*11_1575-1572*11_1575-1571*11_1575-1430*11_1034-924*15_391-413*15_391-336*15_391-424*15_391-58*15_1760-1749*7_1506-1509*13_1241-1246*10_1068-782*13_1068-781*13_1068-778*13_1557-1558*14_1557-1559*14_1557-1512*14_1557-1513*14_1243-1429*11_1243-1428*11_1243-1247*11_912-913*21_912-1732*21_912-914*21_912-792*21_912-1721*21_912-793*21_912-790*21_912-915*21_912-1710*21_912-774*21_912-775*21_912-916*21_950-995*22_950-996*22_1065-1083*14_1578-1580*12_1578-1426*12_1578-1431*12_1578-1425*12_1578-1433*12_1081-1084*14_1032-923*16_426-423*20_1083-1085*15_1083-789*15_1083-788*15_1083-787*15_1083-1086*15_1083-786*15_453-454*24_453-490*24_410-414*18_925-1038*15_925-921*15_925-1039*15_1627-1626*14_1627-1625*14_1627-1628*14_1627-1624*14_1627-1623*14_91-347*16_1020-1023*18_1020-1024*18_1020-1355*18_1020-1016*18_1020-1025*18_1086-1643*16_1086-1654*16_1086-1666*16_1086-1040*16_1086-1677*16_1086-1688*16_1086-920*16_1086-919*16_1583-1584*14_1583-1439*14_1583-1438*14_1583-1437*14_1272-1280*14_1272-1279*14_1272-1276*14_947-962*23_947-961*23_947-960*23_947-1026*23_947-1027*23_1688-772*17_1688-918*17_1688-917*17_1688-773*17_1688-1699*17_1688-785*17_1688-776*17_1283-1602*12_1283-1603*12_1283-1604*12_1247-1248*12_1247-1249*12_1247-1250*12_473-476*26_411-415*19_411-416*19_1281-1278*15_1281-1605*15_1281-1606*15_507-489*23_507-488*23_507-487*23_1249-1292*13_1249-1291*13_475-477*26_475-478*26_1429-1427*12_1275-1251*16_1275-1287*16_489-492*24_489-486*24_489-493*24_489-499*24_1016-1017*19_1016-1003*19_1016-1004*19_1016-1007*19_1016-1008*19_1016-1006*19_1016-1005*19_1016-1009*19_1016-977*19_1016-988*19_1016-998*19_1016-1010*19_1026-1028*24_1026-1029*24_1613-1615*13_1613-1618*13_1613-1619*13_1613-1617*13_1613-1616*13_1613-1620*13_1613-1767*13_1025-966*20_1025-955*20_1025-1000*20_1025-944*20_1025-1344*20_1025-993*20_1025-1177*20_1025-1188*20_1620-1622*14_1620-1693*14_1620-1692*14_1620-1691*14_995-997*23_995-951*23_962-959*24_962-958*24_1433-1434*13_1433-1435*13_1433-1436*13_1433-1424*13_1008-992*21_778-777*14_778-784*14_977-991*21_493-494*25_493-498*25_493-495*25_493-497*25_493-496*25_493-500*25_493-529*25_493-530*25_1623-1690*15_1276-1289*16_1292-1290*14_1292-1293*14_1292-1295*14_1628-1629*15_1628-1630*15_1628-1631*15_1628-1633*15_158-169*14_1633-1634*16_1633-1635*16_1633-1636*16_1633-1637*16_991-953*22_991-954*22_991-952*22_991-990*22_1604-1607*16_960-963*24_960-957*24_960-964*24_960-956*24_960-981*24_1580-1423*14_1287-1609*17_1287-1611*17_1287-1612*17_1636-1638*17_1636-1639*17_1636-1678*17_1605-1608*18_496-501*26_496-503*26_496-504*26_487-485*25_487-484*25_487-483*25_487-509*25_1425-1422*15_1293-1294*15_1293-1296*15_1293-1600*15_1293-1297*15_1293-840*15_124-655*15_124-126*15_124-123*15_124-122*15_124-656*15_124-121*15_124-120*15_124-612*15_124-119*15_415-445*27_1608-838*19_1344-1199*23_1344-933*23_1344-922*23_1344-1210*23_1344-1222*23_1692-1689*16_1609-839*18_1639-1640*18_1639-1641*18_1639-1642*18_1639-1644*18_1296-1303*16_1296-1302*16_933-900*24_933-889*24_933-911*24_933-1011*24_520-479*28_1423-1420*15_476-481*27_1420-1396*16_1420-1409*16_1420-1411*16_1420-1398*16_1420-1395*16_1420-1412*16_1420-1394*16_1529-1534*18_478-482*27_416-448*20_126-611*16_126-610*16_1600-837*19_119-118*16_119-115*16_119-116*16_119-658*16_119-609*16_119-659*16_119-117*16_119-112*16_953-989*23_1533-888*19_840-836*16_1691-1687*15_889-877*25_889-866*25_889-1310*25_889-779*25_889-1299*25_115-103*17_115-104*17_115-660*17_115-105*17_115-101*17_115-661*17_1297-1301*17_481-508*29_482-510*28_1641-1645*20_1690-1686*16_105-106*18_105-107*18_105-662*18_1302-1298*17_954-969*23_954-968*23_954-1144*23_954-967*23_888-999*20_888-1540*20_888-1536*20_1301-1300*18_483-511*30_503-505*27_503-422*27_503-421*27_503-519*27_503-528*27_959-965*25_990-1133*24_990-1155*24_990-1122*24_990-1166*24_990-1111*24_660-608*18_660-614*18_660-616*18_1011-1022*25_1011-1033*25_1011-1044*25_1011-446*25_1398-1397*17_1398-1400*17_1398-1585*17_1398-1401*17_1398-1393*17_1398-1392*17_1398-1586*17_1398-1418*17_1398-1417*17_1398-1391*17_963-980*26_963-970*26_963-982*26_509-512*31_838-834*20_1391-1386*18_1391-1385*18_1391-1387*18_1391-1589*18_1391-1590*18_1391-1404*18_608-615*19_608-642*19_608-617*19_608-641*19_608-618*19_608-640*19_1122-1099*25_1122-1088*25_1122-987*25_1122-1077*25_837-833*20_967-971*25_967-984*25_967-985*25_967-972*25_836-832*21_836-831*21_422-420*28_422-518*28_422-419*28_422-517*28_422-516*28_1044-1055*26_1044-1066*26_1044-335*26_1044-224*26_1044-557*26_335-113*27_335-668*27_335-2*27_1590-1591*19_1590-1594*19_1590-1592*19_1590-1587*19_1590-1595*19_1590-1593*19_1590-1309*19_965-973*26_965-983*26_617-619*20_617-639*20_617-620*20_617-638*20_983-974*27_1686-1682*17_1686-1681*17_1686-1680*17_1642-1646*19_981-979*25_1144-986*24_1645-1650*21_1645-1651*21_1645-1649*21_1645-1652*21_1645-1653*21_1645-1648*21_1645-1655*21_1645-856*21_1593-1596*20_639-621*21_639-637*21_639-622*21_639-623*21_1418-1403*18_1418-1416*18_1418-1402*18_1418-1415*18_104-670*18_999-1537*21_999-1539*21_999-1538*21_1386-1384*19_1386-1383*19_1386-1382*19_510-514*31_106-108*19_106-109*19_106-663*19_1651-1647*22_637-625*22_637-626*22_519-515*28_972-975*28_1382-1381*20_1382-1380*20_1382-1379*20_1382-1373*20_1382-1374*20_1382-1389*20_1382-1375*20_1382-1390*20_980-976*27_980-978*27_1596-1597*21_1596-1362*21_1596-1598*21_1596-1361*21_1596-1372*21_1596-1360*21_1596-1371*21_1596-1336*21_1596-1359*21_1596-1337*21_1596-1338*21_109-110*20_109-111*20_109-674*20_109-673*20_109-675*20_109-672*20_109-89*20_109-90*20_109-664*20_1379-1378*21_1379-1376*21_1379-1408*21_625-627*23_625-631*23_625-628*23_625-632*23_625-630*23_1298-1304*18_1298-1315*18_1298-1311*18_1298-1312*18_1652-855*22_1681-1683*18_1681-1679*18_1681-1676*18_1681-1700*18_1681-1675*18_1681-1684*18_1681-1674*18_1681-1685*18_1598-1370*22_631-629*24_631-633*24_631-643*24_1682-1698*18_1682-1673*18_224-1665*27_1338-1339*22_1338-1340*22_1338-1335*22_1338-1341*22_1338-1342*22_1338-1334*22_1338-1327*22_1338-1326*22_1338-1328*22_1359-1343*23_1359-1363*23_1359-1364*23_1673-1672*19_1673-1660*19_1673-1661*19_1673-1659*19_1673-687*19_1673-1662*19_900-1233*25_900-1288*25_832-830*22_832-829*22_1328-1329*23_1328-1330*23_1328-1325*23_1328-1324*23_1328-1331*23_1328-1323*23_1328-1320*23_1328-1319*23_1662-1663*20_1662-688*20_1662-1664*20_1662-689*20_1662-1667*20_1662-1694*20_1662-1670*20_1662-1669*20_1662-1668*20_1662-1671*20_1662-1697*20_1662-1695*20_1662-1696*20_829-854*23_1320-1356*24_1320-1318*24_1320-1354*24_1320-1317*24_627-636*24_630-634*25_1363-1365*24_1363-1367*24_1363-1368*24_1300-1322*19_1300-1313*19_1300-1314*19_1354-1353*25_1354-1357*25_1354-1352*25_1354-1358*25_1312-1316*19_110-57*21_110-59*21_110-647*21_672-648*22_672-56*22_672-60*22_672-55*22_672-63*22_1595-1308*20_1595-1307*20_1595-1306*20_1595-1305*20_56-38*23_56-35*23_56-645*23_689-1658*21_689-1657*21_648-644*24_1402-1405*21_1669-1656*21_1365-1369*25_1342-1345*23_1342-1346*23_1405-863*22_1405-1406*22_1405-862*22_1405-1407*22_1405-861*22_863-860*23_863-859*23_859-858*24_1346-1347*24_1346-1348*24_1348-1349*25_1348-1350*25_1350-1351*26_420-418*34_420-417*34_
