"id","Scenario","Actual Range","Protocol","Buildings","Total nodes","Nodes on circ","Total coverage","Coverage on circ","Alert received mean time","Hops","Slots","Messages sent","Messages received", "Starting x", "Starting y","Starting node", "Vehicle distance", "Received node ids", "Node ids", "Transmission map", "Received on circ nodes", "Transmission vector"
0,1,300,100,1,1344,52,1344,52,8187.58,6.46154,8.32692,1023,1344,2000,1300,1084,25,1083_1085_1082_1086_1081_1087_552_1080_1088_551_553_550_554_549_555_1079_1089_548_556_1078_1090_547_557_1077_1091_546_558_636_1076_635_637_634_638_1075_1074_1073_1072_561_562_995_997_994_998_993_999_563_992_1000_991_564_1164_565_466_470_465_471_535_1065_534_1064_1063_540_996_539_541_538_542_1001_537_543_467_1002_536_544_464_468_1068_1067_1069_1003_545_1066_1070_463_469_1004_1071_462_1005_533_461_990_1006_532_460_472_989_1007_1062_459_473_624_988_1061_458_474_1060_987_457_475_986_456_476_984_455_477_454_478_639_640_641_642_633_643_632_644_631_645_630_646_1084_629_647_628_648_627_649_626_650_623_625_622_621_620_619_618_617_616_451_615_450_979_449_978_448_977_976_975_974_559_560_566_651_652_1175_1174_653_1173_654_1172_655_1171_656_1170_657_1169_658_1168_659_660_661_662_1059_985_1058_1057_453_983_384_1056_383_385_452_382_386_381_387_982_1055_380_388_981_1054_379_389_378_390_980_1053_1052_1051_1050_1049_1163_1165_1162_1166_567_1161_1167_568_1160_569_1159_570_1158_571_1157_572_1156_573_1155_574_1154_575_1153_480_576_1152_1248_531_530_529_528_912_911_913_910_914_909_915_527_908_916_526_907_917_906_525_524_523_522_521_614_613_377_612_923_922_376_611_375_610_374_1048_447_609_373_391_608_392_393_369_394_368_970_367_969_366_968_967_966_965_964_1151_1150_1149_1148_1147_1146_1145_488_489_973_372_972_371_370_971_1247_1249_1246_1250_577_578_579_580_446_445_444_900_899_901_443_442_441_520_519_518_517_516_828_827_829_515_514_513_963_962_961_288_960_959_479_481_482_483_484_485_486_487_1245_1251_1244_1252_1243_1253_905_1242_1254_904_581_903_582_902_583_584_440_439_898_897_1259_896_1258_1257_895_894_918_663_664_665_365_287_289_958_957_921_920_919_607_606_605_395_604_396_1140_1139_1141_1138_1142_603_397_1137_1143_398_1136_1144_1135_399_1134_400_1133_401_402_403_404_405_364_363_362_361_360_888_887_889_359_358_357_490_491_492_1236_1235_1237_1234_493_1233_1239_1232_494_1231_495_1230_496_1229_497_498_499_500_1255_1256_1047_1046_1045_300_1044_299_301_298_302_893_297_303_1043_892_296_304_435_1042_295_305_891_434_294_306_1041_890_433_1040_432_816_1039_431_1038_356_1037_355_886_885_884_883_882_1132_1131_1130_1129_286_290_285_291_312_1128_311_313_284_292_310_314_309_315_283_293_1127_282_1126_956_1125_955_1124_954_1123_953_438_437_436_354_1238_602_601_508_1240_507_1241_506_505_504_744_743_745_1228_501_1227_502_1226_503_1225_408_1224_1320_406_407_1223_1222_409_1221_410_1220_1219_411_1218_412_1217_413_414_415_416_417_308_307_1122_1121_1120_872_1119_321_270_826_830_825_831_824_832_512_823_833_511_822_834_510_821_835_509_820_836_819_837_815_817_430_429_881_880_879_878_877_276_876_275_277_274_875_874_873_585_586_587_1332_1331_1333_1330_1334_1329_1335_1328_1336_1327_600_599_420_732_952_951_950_949_1118_204_948_323_1117_947_228_324_1116_1212_946_814_818_813_428_812_427_811_426_810_425_809_424_808_423_807_422_806_421_805_348_804_598_597_596_595_594_1036_1035_1034_1033_216_1032_215_217_214_218_213_219_1031_1319_1321_212_220_1318_1322_211_221_1030_1317_1323_1029_1316_1315_1028_1314_1027_1313_1026_273_272_271_871_269_870_268_869_868_867_866_1337_1338_1339_1340_1341_1342_1343_227_229_226_230_1115_225_231_224_232_1114_223_233_1113_222_234_1112_235_1111_1110_1109_1108_1107_666_667_203_205_202_206_201_207_200_208_199_945_944_943_942_316_317_318_347_349_803_731_733_346_350_802_730_734_345_351_801_729_735_344_352_800_728_736_343_353_799_727_737_342_798_726_738_341_797_725_739_340_796_724_740_339_795_723_741_338_794_722_742_337_793_721_264_792_839_838_593_592_591_1326_1325_1324_746_747_748_1025_1216_1024_1215_1023_1214_1022_1213_1021_132_1020_325_131_133_130_134_129_135_1211_1019_128_136_127_1210_1018_1209_1017_1016_1015_1014_671_670_669_236_237_238_1106_239_1105_144_240_1104_1200_198_197_196_195_209_941_194_210_940_193_192_864_191_190_1312_1311_1310_1309_1308_263_265_262_266_791_261_267_260_790_259_789_258_788_257_787_786_785_784_783_668_145_146_147_1103_1102_1101_1100_1099_755_588_418_322_326_419_327_1307_320_328_1208_1306_1305_1304_319_329_1207_1303_330_1206_331_1205_1013_332_1204_1012_333_1203_1011_935_937_334_1202_1010_335_1201_1009_118_1296_48_1008_117_590_278_279_939_241_1197_242_1196_1195_243_1194_244_1193_245_246_247_248_249_714_713_281_280_863_865_189_862_188_861_187_860_186_859_185_858_184_857_183_856_182_855_181_179_256_255_254_253_252_708_707_709_782_706_710_705_711_704_712_781_178_177_779_176_778_777_776_775_137_138_139_140_141_142_143_126_125_124_123_589_1302_1301_1300_1299_1298_1297_1295_1294_1293_336_720_719_718_717_716_715_148_149_150_151_152_1098_153_1097_154_1096_155_156_1188_157_158_180_780_175_174_173_774_172_773_171_772_170_771_169_168_696_47_49_46_50_45_51_44_52_43_53_770_769_96_768_767_754_938_120_936_119_121_934_933_1095_703_702_854_853_108_852_107_109_106_110_105_111_851_104_112_850_103_113_102_114_849_848_847_846_845_753_752_751_750_749_1094_1093_60_1092_250_251_1284_1283_1285_1282_1286_1281_1287_1280_1288_1279_1289_1278_1290_1277_1291_1199_59_61_58_62_57_63_95_97_94_98_695_697_694_698_93_99_693_699_766_692_92_100_765_691_91_101_690_764_90_763_89_762_88_761_760_759_758_1187_1189_159_1186_1190_160_1185_1191_161_1184_1192_162_1183_163_1182_164_1181_165_1180_166_1179_167_1272_1292_115_116_122_24_840_23_25_22_26_21_27_42_41_40_39_38_37_36_924_925_926_927_35_34_33_32_54_31_55_701_700_1198_56_64_65_66_87_86_85_84_684_683_685_682_686_681_687_680_688_7_17_6_18_1178_1177_72_1176_71_73_70_74_69_75_76_77_932_931_930_929_928_1276_1275_1274_689_679_678_677_676_675_20_19_841_842_843_16_844_15_14_28_13_29_12_30_756_757_11_10_9_67_68_1273_1271_78_79_80_81_82_83_1260_1261_1262_674_673_0_672_1_2_3_4_5_8_1270_1269_1268_1267_1263_1266_1265_1264_,0_1_2_3_4_5_6_7_8_9_10_11_12_13_14_15_16_17_18_19_20_21_22_23_24_25_26_27_28_29_30_31_32_33_34_35_36_37_38_39_40_41_42_43_44_45_46_47_48_49_50_51_52_53_54_55_56_57_58_59_60_61_62_63_64_65_66_67_68_69_70_71_72_73_74_75_76_77_78_79_80_81_82_83_84_85_86_87_88_89_90_91_92_93_94_95_96_97_98_99_100_101_102_103_104_105_106_107_108_109_110_111_112_113_114_115_116_117_118_119_120_121_122_123_124_125_126_127_128_129_130_131_132_133_134_135_136_137_138_139_140_141_142_143_144_145_146_147_148_149_150_151_152_153_154_155_156_157_158_159_160_161_162_163_164_165_166_167_168_169_170_171_172_173_174_175_176_177_178_179_180_181_182_183_184_185_186_187_188_189_190_191_192_193_194_195_196_197_198_199_200_201_202_203_204_205_206_207_208_209_210_211_212_213_214_215_216_217_218_219_220_221_222_223_224_225_226_227_228_229_230_231_232_233_234_235_236_237_238_239_240_241_242_243_244_245_246_247_248_249_250_251_252_253_254_255_256_257_258_259_260_261_262_263_264_265_266_267_268_269_270_271_272_273_274_275_276_277_278_279_280_281_282_283_284_285_286_287_288_289_290_291_292_293_294_295_296_297_298_299_300_301_302_303_304_305_306_307_308_309_310_311_312_313_314_315_316_317_318_319_320_321_322_323_324_325_326_327_328_329_330_331_332_333_334_335_336_337_338_339_340_341_342_343_344_345_346_347_348_349_350_351_352_353_354_355_356_357_358_359_360_361_362_363_364_365_366_367_368_369_370_371_372_373_374_375_376_377_378_379_380_381_382_383_384_385_386_387_388_389_390_391_392_393_394_395_396_397_398_399_400_401_402_403_404_405_406_407_408_409_410_411_412_413_414_415_416_417_418_419_420_421_422_423_424_425_426_427_428_429_430_431_432_433_434_435_436_437_438_439_440_441_442_443_444_445_446_447_448_449_450_451_452_453_454_455_456_457_458_459_460_461_462_463_464_465_466_467_468_469_470_471_472_473_474_475_476_477_478_479_480_481_482_483_484_485_486_487_488_489_490_491_492_493_494_495_496_497_498_499_500_501_502_503_504_505_506_507_508_509_510_511_512_513_514_515_516_517_518_519_520_521_522_523_524_525_526_527_528_529_530_531_532_533_534_535_536_537_538_539_540_541_542_543_544_545_546_547_548_549_550_551_552_553_554_555_556_557_558_559_560_561_562_563_564_565_566_567_568_569_570_571_572_573_574_575_576_577_578_579_580_581_582_583_584_585_586_587_588_589_590_591_592_593_594_595_596_597_598_599_600_601_602_603_604_605_606_607_608_609_610_611_612_613_614_615_616_617_618_619_620_621_622_623_624_625_626_627_628_629_630_631_632_633_634_635_636_637_638_639_640_641_642_643_644_645_646_647_648_649_650_651_652_653_654_655_656_657_658_659_660_661_662_663_664_665_666_667_668_669_670_671_672_673_674_675_676_677_678_679_680_681_682_683_684_685_686_687_688_689_690_691_692_693_694_695_696_697_698_699_700_701_702_703_704_705_706_707_708_709_710_711_712_713_714_715_716_717_718_719_720_721_722_723_724_725_726_727_728_729_730_731_732_733_734_735_736_737_738_739_740_741_742_743_744_745_746_747_748_749_750_751_752_753_754_755_756_757_758_759_760_761_762_763_764_765_766_767_768_769_770_771_772_773_774_775_776_777_778_779_780_781_782_783_784_785_786_787_788_789_790_791_792_793_794_795_796_797_798_799_800_801_802_803_804_805_806_807_808_809_810_811_812_813_814_815_816_817_818_819_820_821_822_823_824_825_826_827_828_829_830_831_832_833_834_835_836_837_838_839_840_841_842_843_844_845_846_847_848_849_850_851_852_853_854_855_856_857_858_859_860_861_862_863_864_865_866_867_868_869_870_871_872_873_874_875_876_877_878_879_880_881_882_883_884_885_886_887_888_889_890_891_892_893_894_895_896_897_898_899_900_901_902_903_904_905_906_907_908_909_910_911_912_913_914_915_916_917_918_919_920_921_922_923_924_925_926_927_928_929_930_931_932_933_934_935_936_937_938_939_940_941_942_943_944_945_946_947_948_949_950_951_952_953_954_955_956_957_958_959_960_961_962_963_964_965_966_967_968_969_970_971_972_973_974_975_976_977_978_979_980_981_982_983_984_985_986_987_988_989_990_991_992_993_994_995_996_997_998_999_1000_1001_1002_1003_1004_1005_1006_1007_1008_1009_1010_1011_1012_1013_1014_1015_1016_1017_1018_1019_1020_1021_1022_1023_1024_1025_1026_1027_1028_1029_1030_1031_1032_1033_1034_1035_1036_1037_1038_1039_1040_1041_1042_1043_1044_1045_1046_1047_1048_1049_1050_1051_1052_1053_1054_1055_1056_1057_1058_1059_1060_1061_1062_1063_1064_1065_1066_1067_1068_1069_1070_1071_1072_1073_1074_1075_1076_1077_1078_1079_1080_1081_1082_1083_1084_1085_1086_1087_1088_1089_1090_1091_1092_1093_1094_1095_1096_1097_1098_1099_1100_1101_1102_1103_1104_1105_1106_1107_1108_1109_1110_1111_1112_1113_1114_1115_1116_1117_1118_1119_1120_1121_1122_1123_1124_1125_1126_1127_1128_1129_1130_1131_1132_1133_1134_1135_1136_1137_1138_1139_1140_1141_1142_1143_1144_1145_1146_1147_1148_1149_1150_1151_1152_1153_1154_1155_1156_1157_1158_1159_1160_1161_1162_1163_1164_1165_1166_1167_1168_1169_1170_1171_1172_1173_1174_1175_1176_1177_1178_1179_1180_1181_1182_1183_1184_1185_1186_1187_1188_1189_1190_1191_1192_1193_1194_1195_1196_1197_1198_1199_1200_1201_1202_1203_1204_1205_1206_1207_1208_1209_1210_1211_1212_1213_1214_1215_1216_1217_1218_1219_1220_1221_1222_1223_1224_1225_1226_1227_1228_1229_1230_1231_1232_1233_1234_1235_1236_1237_1238_1239_1240_1241_1242_1243_1244_1245_1246_1247_1248_1249_1250_1251_1252_1253_1254_1255_1256_1257_1258_1259_1260_1261_1262_1263_1264_1265_1266_1267_1268_1269_1270_1271_1272_1273_1274_1275_1276_1277_1278_1279_1280_1281_1282_1283_1284_1285_1286_1287_1288_1289_1290_1291_1292_1293_1294_1295_1296_1297_1298_1299_1300_1301_1302_1303_1304_1305_1306_1307_1308_1309_1310_1311_1312_1313_1314_1315_1316_1317_1318_1319_1320_1321_1322_1323_1324_1325_1326_1327_1328_1329_1330_1331_1332_1333_1334_1335_1336_1337_1338_1339_1340_1341_1342_1343_,12:{8;}21:{20;19;841;842;843;16;844;15;14;28;13;29;12;30;756;757;11;10;9;}43:{42;41;40;39;38;37;36;924;925;926;927;35;34;33;32;54;31;55;}64:{67;68;}76:{78;79;80;81;82;83;1260;1261;1262;}82:{1263;}85:{679;678;677;676;675;}91:{87;86;85;84;684;683;685;682;686;681;687;680;688;}112:{115;116;122;}129:{935;937;118;117;}135:{137;138;139;140;141;142;143;126;125;124;123;}144:{1094;1093;60;1092;}145:{1095;}146:{148;149;150;151;152;1098;153;1097;154;1096;155;156;1188;157;158;}157:{1187;1189;159;1186;1190;160;1185;1191;161;1184;1192;162;1183;163;1182;164;1181;165;1180;166;1179;167;1272;}165:{1270;1269;1268;1267;}173:{695;697;694;698;693;699;692;691;690;}179:{180;780;175;174;173;774;172;773;171;772;170;771;169;168;696;}191:{863;865;189;862;188;861;187;860;186;859;185;858;184;857;183;856;182;855;181;179;}202:{198;197;196;195;209;941;194;210;940;193;192;864;191;190;}228:{236;237;238;1106;239;1105;144;240;1104;1200;}237:{241;1197;242;1196;1195;243;1194;244;1193;245;246;247;248;249;}249:{250;251;1284;1283;1285;1282;1286;1281;1287;1280;1288;1279;1289;1278;1290;1277;1291;1199;}258:{256;255;254;253;252;708;707;709;706;710;705;711;704;712;}282:{872;270;}286:{281;280;}309:{308;307;321;}339:{714;713;}348:{347;349;803;346;350;802;345;351;801;344;352;800;343;353;799;342;798;341;797;340;796;339;795;338;794;337;793;264;792;}366:{354;}369:{364;363;362;361;360;888;887;889;359;358;357;}382:{377;376;375;374;1048;373;391;392;393;394;}393:{395;396;1140;1139;1141;1138;1142;397;1137;1143;398;1136;1144;1135;399;1134;400;1133;401;402;403;404;405;}405:{406;407;1223;1222;409;1221;410;1220;1219;411;1218;412;1217;413;414;415;416;417;}414:{418;419;1307;1306;1305;1304;1303;}432:{814;818;813;428;812;427;811;426;810;425;809;424;808;423;807;422;806;421;805;348;804;}441:{815;817;430;429;}443:{435;434;433;432;816;431;}453:{446;445;444;900;899;901;443;442;441;}466:{467;464;468;1068;1067;1069;1066;1070;463;469;1071;462;461;460;472;1062;459;473;1061;458;474;1060;457;475;456;476;984;455;477;454;478;}476:{479;481;482;483;484;485;486;487;}477:{488;489;}488:{490;491;492;1236;1235;1237;1234;493;1233;1239;1232;494;1231;495;1230;496;1229;497;498;499;500;}492:{1238;1240;1241;1228;501;1227;502;1226;503;1225;408;1224;1320;}501:{1319;1321;1318;1322;1317;1323;1316;1315;1314;1313;}504:{420;732;}510:{746;747;748;}513:{508;507;506;505;504;744;743;745;}517:{826;830;825;831;824;832;512;823;833;511;822;834;510;821;835;509;820;836;819;837;}525:{520;519;518;517;516;828;827;829;515;514;513;}533:{531;530;529;528;912;911;913;910;914;909;915;527;908;916;526;907;917;906;525;524;523;522;521;}546:{995;997;994;998;993;999;992;1000;991;535;534;}553:{561;562;563;564;1164;565;}554:{559;560;566;}564:{1163;1165;1162;1166;567;1161;1167;568;1160;569;1159;570;1158;571;1157;572;1156;573;1155;574;1154;575;1153;480;576;1152;1248;}568:{1247;1249;1246;1250;577;578;579;580;}572:{1245;1251;1244;1252;1243;1253;1242;1254;581;582;583;584;}582:{585;586;587;1332;1331;1333;1330;1334;1329;1335;1328;1336;1327;}591:{753;752;751;750;749;}596:{754;}598:{589;}602:{590;}603:{839;838;593;592;591;}606:{598;597;596;595;594;}611:{600;599;}613:{602;601;}615:{921;920;919;607;606;605;604;603;}620:{614;613;612;923;922;611;610;609;608;}638:{639;640;641;642;633;643;632;644;631;645;630;646;1084;629;647;628;648;627;649;626;650;}650:{651;652;1175;1174;653;1173;654;1172;655;1171;656;1170;657;1169;658;1168;659;660;661;662;}653:{1259;1258;1257;663;664;665;}662:{666;667;}677:{674;673;0;672;1;2;3;4;5;}699:{689;}702:{701;700;}714:{703;702;}722:{336;720;719;718;717;716;715;}732:{731;733;730;734;729;735;728;736;727;737;726;738;725;739;724;740;723;741;722;742;721;}744:{755;588;}761:{7;17;6;18;}770:{95;97;94;98;93;99;766;92;100;765;91;101;764;90;763;89;762;88;761;760;759;758;}779:{770;769;96;768;767;}787:{782;781;178;177;779;176;778;777;776;775;}795:{263;265;262;266;791;261;267;260;790;259;789;258;788;257;787;786;785;784;783;}847:{24;840;23;25;22;26;21;27;}857:{854;853;108;852;107;109;106;110;105;111;851;104;112;850;103;113;102;114;849;848;847;846;845;}878:{273;272;271;871;269;870;268;869;868;867;866;}881:{278;279;}884:{881;880;879;878;877;276;876;275;277;274;875;874;873;}894:{893;892;891;890;356;355;886;885;884;883;882;}900:{438;437;436;}906:{905;904;903;902;440;439;898;897;896;895;894;918;}940:{932;931;930;929;928;}945:{938;120;936;119;121;934;933;}949:{939;}954:{203;205;202;206;201;207;200;208;199;945;944;943;942;}958:{952;951;950;949;204;948;947;946;}965:{286;290;285;291;284;292;283;293;282;956;955;954;953;}969:{365;287;289;958;957;}971:{963;962;961;288;960;959;}976:{369;368;970;367;969;366;968;967;966;965;964;}978:{973;372;972;371;370;971;}983:{447;}986:{451;450;979;449;978;448;977;976;975;974;}990:{985;453;983;452;982;981;980;}998:{540;996;539;541;538;542;1001;537;543;1002;536;544;1003;545;1004;1005;533;990;1006;532;989;1007;624;988;987;986;}1007:{623;625;622;621;620;619;618;617;616;615;}1014:{47;49;46;50;45;51;44;52;43;53;}1019:{1013;1012;1011;1010;1009;48;1008;}1026:{1025;1024;1023;1022;1021;132;1020;131;133;130;134;129;135;1019;128;136;127;1018;1017;1016;1015;1014;}1038:{1036;1035;1034;1033;216;1032;215;217;214;218;213;219;1031;212;220;211;221;1030;1029;1028;1027;1026;}1049:{1047;1046;1045;300;1044;299;301;298;302;297;303;1043;296;304;1042;295;305;294;306;1041;1040;1039;1038;1037;}1061:{1059;1058;1057;384;1056;383;385;382;386;381;387;1055;380;388;1054;379;389;378;390;1053;1052;1051;1050;1049;}1075:{466;470;465;471;1065;1064;1063;}1084:{1083;1085;1082;1086;1081;1087;552;1080;1088;551;553;550;554;549;555;1079;1089;548;556;1078;1090;547;557;1077;1091;546;558;636;1076;635;637;634;638;1075;1074;1073;1072;}1095:{56;64;65;66;}1099:{59;61;58;62;57;63;}1111:{145;146;147;1103;1102;1101;1100;1099;}1119:{227;229;226;230;1115;225;231;224;232;1114;223;233;1113;222;234;1112;235;1111;1110;1109;1108;1107;}1124:{316;317;318;}1128:{1118;323;1117;228;324;1116;1212;}1131:{1122;1121;1120;1119;}1135:{1132;1131;1130;1129;312;1128;311;313;310;314;309;315;1127;1126;1125;1124;1123;}1157:{1151;1150;1149;1148;1147;1146;1145;}1182:{1178;1177;72;1176;71;73;70;74;69;75;76;77;}1207:{1198;}1212:{322;326;327;320;328;1208;319;329;1207;330;1206;331;1205;332;1204;333;1203;334;1202;335;1201;1296;}1221:{1216;1215;1214;1213;325;1211;1210;1209;}1250:{1255;1256;}1274:{1266;1265;1264;}1283:{1273;1271;}1286:{1276;1275;1274;}1301:{1292;}1305:{1302;1301;1300;1299;1298;1297;1295;1294;1293;}1320:{1312;1311;1310;1309;1308;}1329:{1326;1325;1324;}1336:{1337;1338;1339;1340;1341;1342;1343;}1341:{668;}1343:{671;670;669;},291_292_293_294_295_296_297_298_299_300_301_302_303_304_305_306_307_308_309_355_356_412_413_431_432_512_513_596_597_813_814_815_816_817_883_884_885_961_962_1043_1044_1045_1129_1130_1219_1220_1221_1317_1318_1319_1320_1321_,1084-1083*0_1084-1085*0_1084-1082*0_1084-1086*0_1084-1081*0_1084-1087*0_1084-552*0_1084-1080*0_1084-1088*0_1084-551*0_1084-553*0_1084-550*0_1084-554*0_1084-549*0_1084-555*0_1084-1079*0_1084-1089*0_1084-548*0_1084-556*0_1084-1078*0_1084-1090*0_1084-547*0_1084-557*0_1084-1077*0_1084-1091*0_1084-546*0_1084-558*0_1084-636*0_1084-1076*0_1084-635*0_1084-637*0_1084-634*0_1084-638*0_1084-1075*0_1084-1074*0_1084-1073*0_1084-1072*0_553-561*1_553-562*1_546-995*1_546-997*1_546-994*1_546-998*1_546-993*1_546-999*1_553-563*1_546-992*1_546-1000*1_546-991*1_553-564*1_553-1164*1_553-565*1_1075-466*1_1075-470*1_1075-465*1_1075-471*1_546-535*1_1075-1065*1_546-534*1_1075-1064*1_1075-1063*1_998-540*2_998-996*2_998-539*2_998-541*2_998-538*2_998-542*2_998-1001*2_998-537*2_998-543*2_466-467*2_998-1002*2_998-536*2_998-544*2_466-464*2_466-468*2_466-1068*2_466-1067*2_466-1069*2_998-1003*2_998-545*2_466-1066*2_466-1070*2_466-463*2_466-469*2_998-1004*2_466-1071*2_466-462*2_998-1005*2_998-533*2_466-461*2_998-990*2_998-1006*2_998-532*2_466-460*2_466-472*2_998-989*2_998-1007*2_466-1062*2_466-459*2_466-473*2_998-624*2_998-988*2_466-1061*2_466-458*2_466-474*2_466-1060*2_998-987*2_466-457*2_466-475*2_998-986*2_466-456*2_466-476*2_466-984*2_466-455*2_466-477*2_466-454*2_466-478*2_638-639*1_638-640*1_638-641*1_638-642*1_638-633*1_638-643*1_638-632*1_638-644*1_638-631*1_638-645*1_638-630*1_638-646*1_638-1084*1_638-629*1_638-647*1_638-628*1_638-648*1_638-627*1_638-649*1_638-626*1_638-650*1_1007-623*3_1007-625*3_1007-622*3_1007-621*3_1007-620*3_1007-619*3_1007-618*3_1007-617*3_1007-616*3_986-451*3_1007-615*3_986-450*3_986-979*3_986-449*3_986-978*3_986-448*3_986-977*3_986-976*3_986-975*3_986-974*3_554-559*1_554-560*1_554-566*1_650-651*2_650-652*2_650-1175*2_650-1174*2_650-653*2_650-1173*2_650-654*2_650-1172*2_650-655*2_650-1171*2_650-656*2_650-1170*2_650-657*2_650-1169*2_650-658*2_650-1168*2_650-659*2_650-660*2_650-661*2_650-662*2_1061-1059*3_990-985*3_1061-1058*3_1061-1057*3_990-453*3_990-983*3_1061-384*3_1061-1056*3_1061-383*3_1061-385*3_990-452*3_1061-382*3_1061-386*3_1061-381*3_1061-387*3_990-982*3_1061-1055*3_1061-380*3_1061-388*3_990-981*3_1061-1054*3_1061-379*3_1061-389*3_1061-378*3_1061-390*3_990-980*3_1061-1053*3_1061-1052*3_1061-1051*3_1061-1050*3_1061-1049*3_564-1163*2_564-1165*2_564-1162*2_564-1166*2_564-567*2_564-1161*2_564-1167*2_564-568*2_564-1160*2_564-569*2_564-1159*2_564-570*2_564-1158*2_564-571*2_564-1157*2_564-572*2_564-1156*2_564-573*2_564-1155*2_564-574*2_564-1154*2_564-575*2_564-1153*2_564-480*2_564-576*2_564-1152*2_564-1248*2_533-531*3_533-530*3_533-529*3_533-528*3_533-912*3_533-911*3_533-913*3_533-910*3_533-914*3_533-909*3_533-915*3_533-527*3_533-908*3_533-916*3_533-526*3_533-907*3_533-917*3_533-906*3_533-525*3_533-524*3_533-523*3_533-522*3_533-521*3_620-614*4_620-613*4_382-377*4_620-612*4_620-923*4_620-922*4_382-376*4_620-611*4_382-375*4_620-610*4_382-374*4_382-1048*4_983-447*4_620-609*4_382-373*4_382-391*4_620-608*4_382-392*4_382-393*4_976-369*4_382-394*4_976-368*4_976-970*4_976-367*4_976-969*4_976-366*4_976-968*4_976-967*4_976-966*4_976-965*4_976-964*4_1157-1151*3_1157-1150*3_1157-1149*3_1157-1148*3_1157-1147*3_1157-1146*3_1157-1145*3_477-488*3_477-489*3_978-973*4_978-372*4_978-972*4_978-371*4_978-370*4_978-971*4_568-1247*3_568-1249*3_568-1246*3_568-1250*3_568-577*3_568-578*3_568-579*3_568-580*3_453-446*5_453-445*5_453-444*5_453-900*5_453-899*5_453-901*5_453-443*5_453-442*5_453-441*5_525-520*4_525-519*4_525-518*4_525-517*4_525-516*4_525-828*4_525-827*4_525-829*4_525-515*4_525-514*4_525-513*4_971-963*5_971-962*5_971-961*5_971-288*5_971-960*5_971-959*5_476-479*3_476-481*3_476-482*3_476-483*3_476-484*3_476-485*3_476-486*3_476-487*3_572-1245*4_572-1251*4_572-1244*4_572-1252*4_572-1243*4_572-1253*4_906-905*4_572-1242*4_572-1254*4_906-904*4_572-581*4_906-903*4_572-582*4_906-902*4_572-583*4_572-584*4_906-440*4_906-439*4_906-898*4_906-897*4_653-1259*4_906-896*4_653-1258*4_653-1257*4_906-895*4_906-894*4_906-918*4_653-663*4_653-664*4_653-665*4_969-365*5_969-287*5_969-289*5_969-958*5_969-957*5_615-921*5_615-920*5_615-919*5_615-607*5_615-606*5_615-605*5_393-395*5_615-604*5_393-396*5_393-1140*5_393-1139*5_393-1141*5_393-1138*5_393-1142*5_615-603*5_393-397*5_393-1137*5_393-1143*5_393-398*5_393-1136*5_393-1144*5_393-1135*5_393-399*5_393-1134*5_393-400*5_393-1133*5_393-401*5_393-402*5_393-403*5_393-404*5_393-405*5_369-364*5_369-363*5_369-362*5_369-361*5_369-360*5_369-888*5_369-887*5_369-889*5_369-359*5_369-358*5_369-357*5_488-490*4_488-491*4_488-492*4_488-1236*4_488-1235*4_488-1237*4_488-1234*4_488-493*4_488-1233*4_488-1239*4_488-1232*4_488-494*4_488-1231*4_488-495*4_488-1230*4_488-496*4_488-1229*4_488-497*4_488-498*4_488-499*4_488-500*4_1250-1255*5_1250-1256*5_1049-1047*5_1049-1046*5_1049-1045*5_1049-300*5_1049-1044*5_1049-299*5_1049-301*5_1049-298*5_1049-302*5_894-893*5_1049-297*5_1049-303*5_1049-1043*5_894-892*5_1049-296*5_1049-304*5_443-435*5_1049-1042*5_1049-295*5_1049-305*5_894-891*5_443-434*5_1049-294*5_1049-306*5_1049-1041*5_894-890*5_443-433*5_1049-1040*5_443-432*5_443-816*5_1049-1039*5_443-431*5_1049-1038*5_894-356*5_1049-1037*5_894-355*5_894-886*5_894-885*5_894-884*5_894-883*5_894-882*5_1135-1132*6_1135-1131*6_1135-1130*6_1135-1129*6_965-286*6_965-290*6_965-285*6_965-291*6_1135-312*6_1135-1128*6_1135-311*6_1135-313*6_965-284*6_965-292*6_1135-310*6_1135-314*6_1135-309*6_1135-315*6_965-283*6_965-293*6_1135-1127*6_965-282*6_1135-1126*6_965-956*6_1135-1125*6_965-955*6_1135-1124*6_965-954*6_1135-1123*6_965-953*6_900-438*6_900-437*6_900-436*6_366-354*6_492-1238*5_613-602*5_613-601*5_513-508*5_492-1240*5_513-507*5_492-1241*5_513-506*5_513-505*5_513-504*5_513-744*5_513-743*5_513-745*5_492-1228*5_492-501*5_492-1227*5_492-502*5_492-1226*5_492-503*5_492-1225*5_492-408*5_492-1224*5_492-1320*5_405-406*6_405-407*6_405-1223*6_405-1222*6_405-409*6_405-1221*6_405-410*6_405-1220*6_405-1219*6_405-411*6_405-1218*6_405-412*6_405-1217*6_405-413*6_405-414*6_405-415*6_405-416*6_405-417*6_309-308*7_309-307*7_1131-1122*7_1131-1121*7_1131-1120*7_282-872*7_1131-1119*7_309-321*7_282-270*7_517-826*5_517-830*5_517-825*5_517-831*5_517-824*5_517-832*5_517-512*5_517-823*5_517-833*5_517-511*5_517-822*5_517-834*5_517-510*5_517-821*5_517-835*5_517-509*5_517-820*5_517-836*5_517-819*5_517-837*5_441-815*5_441-817*5_441-430*5_441-429*5_884-881*7_884-880*7_884-879*7_884-878*7_884-877*7_884-276*7_884-876*7_884-275*7_884-277*7_884-274*7_884-875*7_884-874*7_884-873*7_582-585*6_582-586*6_582-587*6_582-1332*6_582-1331*6_582-1333*6_582-1330*6_582-1334*6_582-1329*6_582-1335*6_582-1328*6_582-1336*6_582-1327*6_611-600*6_611-599*6_504-420*6_504-732*6_958-952*7_958-951*7_958-950*7_958-949*7_1128-1118*7_958-204*7_958-948*7_1128-323*7_1128-1117*7_958-947*7_1128-228*7_1128-324*7_1128-1116*7_1128-1212*7_958-946*7_432-814*7_432-818*7_432-813*7_432-428*7_432-812*7_432-427*7_432-811*7_432-426*7_432-810*7_432-425*7_432-809*7_432-424*7_432-808*7_432-423*7_432-807*7_432-422*7_432-806*7_432-421*7_432-805*7_432-348*7_432-804*7_606-598*6_606-597*6_606-596*6_606-595*6_606-594*6_1038-1036*6_1038-1035*6_1038-1034*6_1038-1033*6_1038-216*6_1038-1032*6_1038-215*6_1038-217*6_1038-214*6_1038-218*6_1038-213*6_1038-219*6_1038-1031*6_501-1319*6_501-1321*6_1038-212*6_1038-220*6_501-1318*6_501-1322*6_1038-211*6_1038-221*6_1038-1030*6_501-1317*6_501-1323*6_1038-1029*6_501-1316*6_501-1315*6_1038-1028*6_501-1314*6_1038-1027*6_501-1313*6_1038-1026*6_878-273*8_878-272*8_878-271*8_878-871*8_878-269*8_878-870*8_878-268*8_878-869*8_878-868*8_878-867*8_878-866*8_1336-1337*7_1336-1338*7_1336-1339*7_1336-1340*7_1336-1341*7_1336-1342*7_1336-1343*7_1119-227*8_1119-229*8_1119-226*8_1119-230*8_1119-1115*8_1119-225*8_1119-231*8_1119-224*8_1119-232*8_1119-1114*8_1119-223*8_1119-233*8_1119-1113*8_1119-222*8_1119-234*8_1119-1112*8_1119-235*8_1119-1111*8_1119-1110*8_1119-1109*8_1119-1108*8_1119-1107*8_662-666*5_662-667*5_954-203*8_954-205*8_954-202*8_954-206*8_954-201*8_954-207*8_954-200*8_954-208*8_954-199*8_954-945*8_954-944*8_954-943*8_954-942*8_1124-316*8_1124-317*8_1124-318*8_348-347*8_348-349*8_348-803*8_732-731*8_732-733*8_348-346*8_348-350*8_348-802*8_732-730*8_732-734*8_348-345*8_348-351*8_348-801*8_732-729*8_732-735*8_348-344*8_348-352*8_348-800*8_732-728*8_732-736*8_348-343*8_348-353*8_348-799*8_732-727*8_732-737*8_348-342*8_348-798*8_732-726*8_732-738*8_348-341*8_348-797*8_732-725*8_732-739*8_348-340*8_348-796*8_732-724*8_732-740*8_348-339*8_348-795*8_732-723*8_732-741*8_348-338*8_348-794*8_732-722*8_732-742*8_348-337*8_348-793*8_732-721*8_348-264*8_348-792*8_603-839*7_603-838*7_603-593*7_603-592*7_603-591*7_1329-1326*7_1329-1325*7_1329-1324*7_510-746*7_510-747*7_510-748*7_1026-1025*7_1221-1216*7_1026-1024*7_1221-1215*7_1026-1023*7_1221-1214*7_1026-1022*7_1221-1213*7_1026-1021*7_1026-132*7_1026-1020*7_1221-325*7_1026-131*7_1026-133*7_1026-130*7_1026-134*7_1026-129*7_1026-135*7_1221-1211*7_1026-1019*7_1026-128*7_1026-136*7_1026-127*7_1221-1210*7_1026-1018*7_1221-1209*7_1026-1017*7_1026-1016*7_1026-1015*7_1026-1014*7_1343-671*8_1343-670*8_1343-669*8_228-236*8_228-237*8_228-238*8_228-1106*8_228-239*8_228-1105*8_228-144*8_228-240*8_228-1104*8_228-1200*8_202-198*9_202-197*9_202-196*9_202-195*9_202-209*9_202-941*9_202-194*9_202-210*9_202-940*9_202-193*9_202-192*9_202-864*9_202-191*9_202-190*9_1320-1312*7_1320-1311*7_1320-1310*7_1320-1309*7_1320-1308*7_795-263*9_795-265*9_795-262*9_795-266*9_795-791*9_795-261*9_795-267*9_795-260*9_795-790*9_795-259*9_795-789*9_795-258*9_795-788*9_795-257*9_795-787*9_795-786*9_795-785*9_795-784*9_795-783*9_1341-668*8_1111-145*9_1111-146*9_1111-147*9_1111-1103*9_1111-1102*9_1111-1101*9_1111-1100*9_1111-1099*9_744-755*8_744-588*8_414-418*8_1212-322*8_1212-326*8_414-419*8_1212-327*8_414-1307*8_1212-320*8_1212-328*8_1212-1208*8_414-1306*8_414-1305*8_414-1304*8_1212-319*8_1212-329*8_1212-1207*8_414-1303*8_1212-330*8_1212-1206*8_1212-331*8_1212-1205*8_1019-1013*8_1212-332*8_1212-1204*8_1019-1012*8_1212-333*8_1212-1203*8_1019-1011*8_129-935*8_129-937*8_1212-334*8_1212-1202*8_1019-1010*8_1212-335*8_1212-1201*8_1019-1009*8_129-118*8_1212-1296*8_1019-48*8_1019-1008*8_129-117*8_602-590*8_881-278*9_881-279*9_949-939*9_237-241*9_237-1197*9_237-242*9_237-1196*9_237-1195*9_237-243*9_237-1194*9_237-244*9_237-1193*9_237-245*9_237-246*9_237-247*9_237-248*9_237-249*9_339-714*9_339-713*9_286-281*7_286-280*7_191-863*10_191-865*10_191-189*10_191-862*10_191-188*10_191-861*10_191-187*10_191-860*10_191-186*10_191-859*10_191-185*10_191-858*10_191-184*10_191-857*10_191-183*10_191-856*10_191-182*10_191-855*10_191-181*10_191-179*10_258-256*10_258-255*10_258-254*10_258-253*10_258-252*10_258-708*10_258-707*10_258-709*10_787-782*10_258-706*10_258-710*10_258-705*10_258-711*10_258-704*10_258-712*10_787-781*10_787-178*10_787-177*10_787-779*10_787-176*10_787-778*10_787-777*10_787-776*10_787-775*10_135-137*8_135-138*8_135-139*8_135-140*8_135-141*8_135-142*8_135-143*8_135-126*8_135-125*8_135-124*8_135-123*8_598-589*9_1305-1302*9_1305-1301*9_1305-1300*9_1305-1299*9_1305-1298*9_1305-1297*9_1305-1295*9_1305-1294*9_1305-1293*9_722-336*9_722-720*9_722-719*9_722-718*9_722-717*9_722-716*9_722-715*9_146-148*10_146-149*10_146-150*10_146-151*10_146-152*10_146-1098*10_146-153*10_146-1097*10_146-154*10_146-1096*10_146-155*10_146-156*10_146-1188*10_146-157*10_146-158*10_179-180*11_179-780*11_179-175*11_179-174*11_179-173*11_179-774*11_179-172*11_179-773*11_179-171*11_179-772*11_179-170*11_179-771*11_179-169*11_179-168*11_179-696*11_1014-47*9_1014-49*9_1014-46*9_1014-50*9_1014-45*9_1014-51*9_1014-44*9_1014-52*9_1014-43*9_1014-53*9_779-770*11_779-769*11_779-96*11_779-768*11_779-767*11_596-754*9_945-938*10_945-120*10_945-936*10_945-119*10_945-121*10_945-934*10_945-933*10_145-1095*10_714-703*10_714-702*10_857-854*11_857-853*11_857-108*11_857-852*11_857-107*11_857-109*11_857-106*11_857-110*11_857-105*11_857-111*11_857-851*11_857-104*11_857-112*11_857-850*11_857-103*11_857-113*11_857-102*11_857-114*11_857-849*11_857-848*11_857-847*11_857-846*11_857-845*11_591-753*8_591-752*8_591-751*8_591-750*8_591-749*8_144-1094*10_144-1093*10_144-60*10_144-1092*10_249-250*10_249-251*10_249-1284*10_249-1283*10_249-1285*10_249-1282*10_249-1286*10_249-1281*10_249-1287*10_249-1280*10_249-1288*10_249-1279*10_249-1289*10_249-1278*10_249-1290*10_249-1277*10_249-1291*10_249-1199*10_1099-59*11_1099-61*11_1099-58*11_1099-62*11_1099-57*11_1099-63*11_770-95*12_770-97*12_770-94*12_770-98*12_173-695*12_173-697*12_173-694*12_173-698*12_770-93*12_770-99*12_173-693*12_173-699*12_770-766*12_173-692*12_770-92*12_770-100*12_770-765*12_173-691*12_770-91*12_770-101*12_173-690*12_770-764*12_770-90*12_770-763*12_770-89*12_770-762*12_770-88*12_770-761*12_770-760*12_770-759*12_770-758*12_157-1187*11_157-1189*11_157-159*11_157-1186*11_157-1190*11_157-160*11_157-1185*11_157-1191*11_157-161*11_157-1184*11_157-1192*11_157-162*11_157-1183*11_157-163*11_157-1182*11_157-164*11_157-1181*11_157-165*11_157-1180*11_157-166*11_157-1179*11_157-167*11_157-1272*11_1301-1292*10_112-115*12_112-116*12_112-122*12_847-24*12_847-840*12_847-23*12_847-25*12_847-22*12_847-26*12_847-21*12_847-27*12_43-42*10_43-41*10_43-40*10_43-39*10_43-38*10_43-37*10_43-36*10_43-924*10_43-925*10_43-926*10_43-927*10_43-35*10_43-34*10_43-33*10_43-32*10_43-54*10_43-31*10_43-55*10_702-701*11_702-700*11_1207-1198*10_1095-56*12_1095-64*12_1095-65*12_1095-66*12_91-87*13_91-86*13_91-85*13_91-84*13_91-684*13_91-683*13_91-685*13_91-682*13_91-686*13_91-681*13_91-687*13_91-680*13_91-688*13_761-7*13_761-17*13_761-6*13_761-18*13_1182-1178*12_1182-1177*12_1182-72*12_1182-1176*12_1182-71*12_1182-73*12_1182-70*12_1182-74*12_1182-69*12_1182-75*12_1182-76*12_1182-77*12_940-932*11_940-931*11_940-930*11_940-929*11_940-928*11_1286-1276*11_1286-1275*11_1286-1274*11_699-689*12_85-679*14_85-678*14_85-677*14_85-676*14_85-675*14_21-20*13_21-19*13_21-841*13_21-842*13_21-843*13_21-16*13_21-844*13_21-15*13_21-14*13_21-28*13_21-13*13_21-29*13_21-12*13_21-30*13_21-756*13_21-757*13_21-11*13_21-10*13_21-9*13_64-67*13_64-68*13_1283-1273*12_1283-1271*12_76-78*13_76-79*13_76-80*13_76-81*13_76-82*13_76-83*13_76-1260*13_76-1261*13_76-1262*13_677-674*15_677-673*15_677-0*15_677-672*15_677-1*15_677-2*15_677-3*15_677-4*15_677-5*15_12-8*14_165-1270*12_165-1269*12_165-1268*12_165-1267*12_82-1263*14_1274-1266*13_1274-1265*13_1274-1264*13_
