"id","Scenario","Actual Range","Protocol","Buildings","Total nodes","Nodes on circ","Total coverage","Coverage on circ","Alert received mean time","Hops","Slots","Messages sent","Messages received", "Starting x", "Starting y","Starting node", "Vehicle distance", "Received node ids", "Node ids", "Transmission map", "Received on circ nodes", "Transmission vector"
0,0,300,0,0,1344,53,1344,53,1.00089e+07,4.49057,7.60377,1286,1343,2200,1075,627,25,626_628_625_629_624_630_1007_1006_623_631_1005_622_632_1004_1003_621_633_1002_620_634_1001_619_635_1000_618_636_1091_1090_999_1089_1088_617_637_1087_998_1086_616_638_997_1085_543_615_639_542_544_614_640_541_545_613_641_540_546_996_612_642_995_923_994_922_539_547_611_643_993_921_538_548_992_610_920_644_991_919_537_549_609_645_990_918_536_550_608_646_989_917_535_551_607_647_988_916_534_552_1080_606_648_1079_1175_1078_1174_987_1077_915_1173_1076_1172_533_553_605_649_1075_1171_986_914_1074_1170_532_554_604_650_985_1073_913_1169_459_603_651_1084_1083_1082_1081_555_556_557_558_559_560_561_562_458_460_602_652_457_461_601_653_456_462_984_600_654_983_839_982_838_455_463_599_655_981_837_454_464_980_598_836_656_979_835_453_465_597_657_978_834_452_466_596_658_977_833_451_467_595_659_976_832_1168_450_468_1068_594_660_1067_1069_1259_1066_1070_1258_975_1065_1071_831_1167_1257_1064_1072_1256_449_469_593_661_1063_1255_974_830_1166_1062_1254_448_470_592_662_973_1061_829_1165_1253_375_447_471_519_591_567_663_528_912_527_529_911_526_910_525_909_524_908_523_907_522_906_521_905_520_904_903_518_902_517_901_531_530_563_564_1164_1163_1162_1161_1160_565_1159_1158_566_374_376_446_472_590_568_664_373_377_445_473_589_569_665_372_378_972_444_900_474_516_828_588_570_666_971_899_827_755_970_898_826_754_371_379_443_475_515_571_667_969_897_825_753_370_380_968_442_896_476_514_824_752_572_668_967_895_823_751_369_381_441_477_513_573_669_966_894_822_750_368_382_440_478_512_574_670_965_893_821_749_367_383_439_479_511_575_671_964_892_820_748_366_384_1056_438_480_1152_510_576_1248_1055_1151_1247_1343_1054_1150_1246_1342_963_1053_891_1149_819_747_1245_1341_1052_1148_1244_1340_365_385_437_481_509_577_1051_1147_1243_1339_962_890_818_746_1050_1146_1242_1338_364_386_436_482_508_578_961_1049_889_1145_817_745_1241_1337_291_1060_1252_1059_1251_1058_1250_1057_1249_387_579_388_580_389_581_390_582_391_583_392_584_393_585_394_586_290_292_289_293_288_294_960_959_958_287_295_957_286_296_956_955_285_297_954_284_298_953_283_299_952_282_300_1044_1043_1045_1042_1046_951_1041_1047_1040_1048_281_301_1039_950_1038_280_302_949_1037_207_279_303_360_888_1144_432_816_504_744_1240_1336_359_361_431_433_505_887_1143_815_743_1239_1335_358_430_434_506_886_1142_814_742_1238_1334_357_429_435_507_885_1141_813_741_1237_1333_356_428_884_396_1140_812_740_492_1236_1332_355_395_397_427_491_493_587_398_490_494_399_495_883_1139_811_739_1235_1331_354_426_400_496_882_1138_810_738_1234_1330_353_401_425_497_402_498_881_1137_1153_809_737_1233_1329_352_424_403_499_880_1136_1154_808_736_1232_1328_351_423_404_500_879_1135_1155_807_735_1231_1327_350_422_405_501_878_1134_1156_806_734_1230_1326_349_421_406_502_877_1133_363_362_206_208_278_304_205_209_277_305_204_210_948_276_876_306_947_875_946_874_203_211_275_307_945_873_202_212_944_274_872_308_943_871_201_213_273_309_942_870_200_214_272_310_941_869_199_215_271_311_940_868_198_216_1032_270_312_1128_1031_1127_1129_1030_1126_1130_939_1029_867_1125_1131_1028_1124_1132_197_217_269_313_1027_1123_938_866_1026_1122_196_218_268_314_937_1025_865_1121_123_267_315_1157_1036_1035_1034_1033_219_220_221_222_223_224_225_226_348_804_803_805_802_347_801_800_346_799_345_798_344_797_796_343_407_795_342_408_1224_1223_1225_1222_1226_1221_1227_794_1220_1228_341_409_1219_1229_1218_793_340_410_122_124_266_316_121_125_265_317_120_126_936_264_792_318_935_791_934_790_119_127_263_319_933_789_118_128_932_262_788_320_931_787_117_129_261_321_930_786_116_130_260_322_929_785_115_131_259_323_928_784_1120_114_132_1020_258_324_1212_1019_1021_1211_1213_1018_1022_1210_1214_927_1017_1023_783_1119_1209_1215_1016_1024_1208_1216_113_133_257_325_1015_1207_1217_926_782_1118_1014_1206_112_134_256_326_925_1013_781_1117_1205_39_111_135_183_255_231_327_483_484_485_486_487_488_503_1320_1319_1321_1318_1322_1317_1323_1316_1324_1315_1325_1314_1313_1312_1311_1310_1309_418_192_864_191_193_863_190_862_189_861_188_860_187_859_186_858_185_857_184_856_855_182_854_181_489_853_195_339_411_194_338_412_337_413_336_720_414_719_721_718_722_717_723_415_716_724_416_715_725_417_714_726_713_727_712_728_419_711_729_1308_1307_1306_1305_710_730_1304_1303_1302_709_731_38_40_110_136_254_230_232_328_37_41_109_137_253_229_233_329_36_42_924_108_852_138_180_780_252_708_228_234_1116_330_851_779_707_1115_850_778_706_1114_35_43_107_139_179_227_235_331_849_777_705_1113_34_44_106_848_140_178_776_704_236_1112_332_847_775_703_33_45_105_141_177_237_333_846_774_702_32_46_104_142_176_238_334_845_773_701_31_47_103_143_175_239_335_844_772_700_30_48_1008_102_144_1104_174_240_1200_1296_1103_1199_1295_1297_1102_1198_1294_1298_843_1101_771_699_1197_1293_1299_1100_1196_1292_1300_29_49_101_145_173_241_1099_1195_1291_1301_842_770_698_1098_1194_1290_28_50_100_146_172_242_841_1097_769_697_1193_1289_420_732_733_1012_1204_1011_1203_1010_1202_1009_1201_51_243_52_244_53_245_54_246_55_247_56_248_57_249_58_250_24_840_1096_96_768_168_696_1192_1288_23_25_95_97_169_1095_767_695_1191_1287_22_94_98_170_1094_766_694_1190_1286_21_93_99_171_1093_765_693_1189_1285_20_92_60_1092_764_692_156_1188_1284_19_59_61_91_155_157_251_62_154_158_63_159_763_691_1187_1283_18_90_64_160_762_690_1186_1282_17_65_89_161_66_162_1105_761_689_1185_1281_16_88_67_163_1106_760_688_1184_1280_15_87_68_164_1107_759_687_1183_1279_1111_14_86_69_165_1108_758_686_1182_1278_1110_13_85_70_166_27_26_1109_12_756_757_11_10_9_8_7_71_6_72_1176_1177_1178_1179_1180_5_73_1181_4_74_167_1272_1271_1273_1270_1274_1269_1275_1268_1276_1267_1277_1266_1265_1264_1263_1262_1261_82_147_148_149_150_151_153_3_75_2_76_1_77_0_672_78_673_674_675_79_676_80_677_81_678_679_680_83_681_1260_682_683_152_84_684_685_,0_1_2_3_4_5_6_7_8_9_10_11_12_13_14_15_16_17_18_19_20_21_22_23_24_25_26_27_28_29_30_31_32_33_34_35_36_37_38_39_40_41_42_43_44_45_46_47_48_49_50_51_52_53_54_55_56_57_58_59_60_61_62_63_64_65_66_67_68_69_70_71_72_73_74_75_76_77_78_79_80_81_82_83_84_85_86_87_88_89_90_91_92_93_94_95_96_97_98_99_100_101_102_103_104_105_106_107_108_109_110_111_112_113_114_115_116_117_118_119_120_121_122_123_124_125_126_127_128_129_130_131_132_133_134_135_136_137_138_139_140_141_142_143_144_145_146_147_148_149_150_151_152_153_154_155_156_157_158_159_160_161_162_163_164_165_166_167_168_169_170_171_172_173_174_175_176_177_178_179_180_181_182_183_184_185_186_187_188_189_190_191_192_193_194_195_196_197_198_199_200_201_202_203_204_205_206_207_208_209_210_211_212_213_214_215_216_217_218_219_220_221_222_223_224_225_226_227_228_229_230_231_232_233_234_235_236_237_238_239_240_241_242_243_244_245_246_247_248_249_250_251_252_253_254_255_256_257_258_259_260_261_262_263_264_265_266_267_268_269_270_271_272_273_274_275_276_277_278_279_280_281_282_283_284_285_286_287_288_289_290_291_292_293_294_295_296_297_298_299_300_301_302_303_304_305_306_307_308_309_310_311_312_313_314_315_316_317_318_319_320_321_322_323_324_325_326_327_328_329_330_331_332_333_334_335_336_337_338_339_340_341_342_343_344_345_346_347_348_349_350_351_352_353_354_355_356_357_358_359_360_361_362_363_364_365_366_367_368_369_370_371_372_373_374_375_376_377_378_379_380_381_382_383_384_385_386_387_388_389_390_391_392_393_394_395_396_397_398_399_400_401_402_403_404_405_406_407_408_409_410_411_412_413_414_415_416_417_418_419_420_421_422_423_424_425_426_427_428_429_430_431_432_433_434_435_436_437_438_439_440_441_442_443_444_445_446_447_448_449_450_451_452_453_454_455_456_457_458_459_460_461_462_463_464_465_466_467_468_469_470_471_472_473_474_475_476_477_478_479_480_481_482_483_484_485_486_487_488_489_490_491_492_493_494_495_496_497_498_499_500_501_502_503_504_505_506_507_508_509_510_511_512_513_514_515_516_517_518_519_520_521_522_523_524_525_526_527_528_529_530_531_532_533_534_535_536_537_538_539_540_541_542_543_544_545_546_547_548_549_550_551_552_553_554_555_556_557_558_559_560_561_562_563_564_565_566_567_568_569_570_571_572_573_574_575_576_577_578_579_580_581_582_583_584_585_586_587_588_589_590_591_592_593_594_595_596_597_598_599_600_601_602_603_604_605_606_607_608_609_610_611_612_613_614_615_616_617_618_619_620_621_622_623_624_625_626_627_628_629_630_631_632_633_634_635_636_637_638_639_640_641_642_643_644_645_646_647_648_649_650_651_652_653_654_655_656_657_658_659_660_661_662_663_664_665_666_667_668_669_670_671_672_673_674_675_676_677_678_679_680_681_682_683_684_685_686_687_688_689_690_691_692_693_694_695_696_697_698_699_700_701_702_703_704_705_706_707_708_709_710_711_712_713_714_715_716_717_718_719_720_721_722_723_724_725_726_727_728_729_730_731_732_733_734_735_736_737_738_739_740_741_742_743_744_745_746_747_748_749_750_751_752_753_754_755_756_757_758_759_760_761_762_763_764_765_766_767_768_769_770_771_772_773_774_775_776_777_778_779_780_781_782_783_784_785_786_787_788_789_790_791_792_793_794_795_796_797_798_799_800_801_802_803_804_805_806_807_808_809_810_811_812_813_814_815_816_817_818_819_820_821_822_823_824_825_826_827_828_829_830_831_832_833_834_835_836_837_838_839_840_841_842_843_844_845_846_847_848_849_850_851_852_853_854_855_856_857_858_859_860_861_862_863_864_865_866_867_868_869_870_871_872_873_874_875_876_877_878_879_880_881_882_883_884_885_886_887_888_889_890_891_892_893_894_895_896_897_898_899_900_901_902_903_904_905_906_907_908_909_910_911_912_913_914_915_916_917_918_919_920_921_922_923_924_925_926_927_928_929_930_931_932_933_934_935_936_937_938_939_940_941_942_943_944_945_946_947_948_949_950_951_952_953_954_955_956_957_958_959_960_961_962_963_964_965_966_967_968_969_970_971_972_973_974_975_976_977_978_979_980_981_982_983_984_985_986_987_988_989_990_991_992_993_994_995_996_997_998_999_1000_1001_1002_1003_1004_1005_1006_1007_1008_1009_1010_1011_1012_1013_1014_1015_1016_1017_1018_1019_1020_1021_1022_1023_1024_1025_1026_1027_1028_1029_1030_1031_1032_1033_1034_1035_1036_1037_1038_1039_1040_1041_1042_1043_1044_1045_1046_1047_1048_1049_1050_1051_1052_1053_1054_1055_1056_1057_1058_1059_1060_1061_1062_1063_1064_1065_1066_1067_1068_1069_1070_1071_1072_1073_1074_1075_1076_1077_1078_1079_1080_1081_1082_1083_1084_1085_1086_1087_1088_1089_1090_1091_1092_1093_1094_1095_1096_1097_1098_1099_1100_1101_1102_1103_1104_1105_1106_1107_1108_1109_1110_1111_1112_1113_1114_1115_1116_1117_1118_1119_1120_1121_1122_1123_1124_1125_1126_1127_1128_1129_1130_1131_1132_1133_1134_1135_1136_1137_1138_1139_1140_1141_1142_1143_1144_1145_1146_1147_1148_1149_1150_1151_1152_1153_1154_1155_1156_1157_1158_1159_1160_1161_1162_1163_1164_1165_1166_1167_1168_1169_1170_1171_1172_1173_1174_1175_1176_1177_1178_1179_1180_1181_1182_1183_1184_1185_1186_1187_1188_1189_1190_1191_1192_1193_1194_1195_1196_1197_1198_1199_1200_1201_1202_1203_1204_1205_1206_1207_1208_1209_1210_1211_1212_1213_1214_1215_1216_1217_1218_1219_1220_1221_1222_1223_1224_1225_1226_1227_1228_1229_1230_1231_1232_1233_1234_1235_1236_1237_1238_1239_1240_1241_1242_1243_1244_1245_1246_1247_1248_1249_1250_1251_1252_1253_1254_1255_1256_1257_1258_1259_1260_1261_1262_1263_1264_1265_1266_1267_1268_1269_1270_1271_1272_1273_1274_1275_1276_1277_1278_1279_1280_1281_1282_1283_1284_1285_1286_1287_1288_1289_1290_1291_1292_1293_1294_1295_1296_1297_1298_1299_1300_1301_1302_1303_1304_1305_1306_1307_1308_1309_1310_1311_1312_1313_1314_1315_1316_1317_1318_1319_1320_1321_1322_1323_1324_1325_1326_1327_1328_1329_1330_1331_1332_1333_1334_1335_1336_1337_1338_1339_1340_1341_1342_1343_,4:{3;2;1;0;672;673;674;675;676;677;678;679;680;681;682;683;}16:{12;756;757;11;10;9;8;7;6;5;4;}28:{27;26;}39:{38;40;37;41;36;42;924;35;43;34;44;33;45;32;46;31;47;30;48;1008;29;49;28;50;}62:{71;72;1176;1177;1178;1179;1180;73;1181;74;}74:{75;76;77;78;79;80;81;83;1260;}85:{84;684;685;}111:{110;109;108;852;851;850;107;849;106;848;847;105;846;104;845;103;844;102;843;101;842;100;841;}123:{122;124;121;125;120;126;936;935;934;119;127;933;118;128;932;931;117;129;930;116;130;929;115;131;928;114;132;1020;1019;1021;1018;1022;927;1017;1023;1016;1024;113;133;1015;926;1014;112;134;925;1013;39;111;135;}135:{136;137;138;139;140;141;142;143;144;1104;1103;1102;1101;1100;145;1099;1098;146;1097;}140:{147;148;149;150;151;}166:{167;1272;1271;1273;1270;1274;1269;1275;1268;1276;1267;1277;1266;1265;1264;1263;1262;1261;82;}183:{180;780;779;778;179;777;178;776;775;177;774;176;773;175;772;174;771;173;770;172;769;}196:{195;194;}207:{206;208;205;209;204;210;948;947;946;203;211;945;202;212;944;943;201;213;942;200;214;941;199;215;940;198;216;1032;1031;1030;939;1029;1028;197;217;1027;938;1026;196;218;937;1025;123;}230:{1109;}231:{230;232;229;233;228;234;1116;1115;1114;227;235;1113;236;1112;237;238;239;240;1200;1199;1198;1197;1196;241;1195;1194;242;1193;}255:{254;253;252;708;707;706;705;704;703;702;701;700;699;698;697;}267:{266;265;264;792;791;790;263;789;262;788;787;261;786;260;785;259;784;258;783;257;782;256;781;183;255;}279:{278;277;276;876;875;874;275;873;274;872;871;273;870;272;869;271;868;270;867;269;866;268;865;267;}291:{290;292;289;293;288;294;960;959;958;287;295;957;286;296;956;955;285;297;954;284;298;953;283;299;952;282;300;1044;1043;1045;1042;1046;951;1041;1047;1040;1048;281;301;1039;950;1038;280;302;949;1037;207;279;303;}303:{304;305;306;307;308;309;310;311;312;1128;1127;1129;1126;1130;1125;1131;1124;1132;313;1123;1122;314;1121;315;}315:{316;317;318;319;320;321;322;323;1120;324;1212;1211;1213;1210;1214;1119;1209;1215;1208;1216;325;1207;1217;1118;1206;326;1117;1205;231;327;}327:{328;329;330;331;332;333;334;335;1296;1295;1297;1294;1298;1293;1299;1292;1300;1291;1301;1290;1289;}340:{339;338;337;336;720;719;721;718;722;717;723;716;724;715;725;714;726;713;727;712;728;711;729;710;730;709;731;}352:{348;804;803;805;802;347;801;800;346;799;345;798;344;797;796;343;795;342;794;341;793;340;}364:{363;362;}375:{374;376;373;377;372;378;972;971;970;371;379;969;370;380;968;967;369;381;966;368;382;965;367;383;964;366;384;1056;1055;1054;963;1053;1052;365;385;1051;962;1050;364;386;961;1049;291;}398:{407;408;1224;1223;1225;1222;1226;1221;1227;1220;1228;409;1219;1229;1218;410;}410:{411;412;413;414;415;416;417;419;1308;1307;1306;1305;1304;1303;1302;}421:{420;732;733;}447:{446;445;444;900;899;898;443;897;442;896;895;441;894;440;893;439;892;438;891;437;890;436;889;}459:{458;460;457;461;456;462;984;983;982;455;463;981;454;464;980;979;453;465;978;452;466;977;451;467;976;450;468;1068;1067;1069;1066;1070;975;1065;1071;1064;1072;449;469;1063;974;1062;448;470;973;1061;375;447;471;}471:{472;473;474;475;476;477;478;479;480;1152;1151;1150;1149;1148;481;1147;1146;482;1145;}476:{483;484;485;486;487;488;}502:{503;1320;1319;1321;1318;1322;1317;1323;1316;1324;1315;1325;1314;1313;1312;1311;1310;1309;418;}519:{516;828;827;826;515;825;514;824;823;513;822;512;821;511;820;510;819;509;818;508;817;}532:{531;530;}543:{542;544;541;545;540;546;996;995;994;539;547;993;538;548;992;991;537;549;990;536;550;989;535;551;988;534;552;1080;1079;1078;987;1077;1076;533;553;1075;986;1074;532;554;985;1073;459;}554:{563;564;1164;1163;1162;1161;1160;565;1159;1158;566;}566:{1157;}567:{568;569;570;571;572;573;574;575;576;1248;1247;1246;1245;1244;577;1243;1242;578;1241;}591:{590;589;588;755;754;753;752;751;750;749;748;747;746;745;}603:{602;601;600;839;838;599;837;598;836;835;597;834;596;833;595;832;594;831;593;830;592;829;519;591;}615:{614;613;612;923;922;611;921;610;920;919;609;918;608;917;607;916;606;915;605;914;604;913;603;}627:{626;628;625;629;624;630;1007;1006;623;631;1005;622;632;1004;1003;621;633;1002;620;634;1001;619;635;1000;618;636;1091;1090;999;1089;1088;617;637;1087;998;1086;616;638;997;1085;543;615;639;}639:{640;641;642;643;644;645;646;647;648;1175;1174;1173;1172;649;1171;1170;650;1169;651;}651:{652;653;654;655;656;657;658;659;1168;660;1259;1258;1167;1257;1256;661;1255;1166;1254;662;1165;1253;567;663;}663:{664;665;666;667;668;669;670;671;1343;1342;1341;1340;1339;1338;1337;}697:{168;696;169;695;170;694;171;693;692;691;690;689;688;687;686;}745:{504;744;505;743;506;742;507;741;740;739;738;737;736;735;734;}769:{96;768;95;97;767;94;98;766;93;99;765;92;764;91;763;90;762;89;761;88;760;87;759;86;758;85;}817:{432;816;431;433;815;430;434;814;429;435;813;428;812;427;811;426;810;425;809;424;808;423;807;422;806;421;}841:{24;840;23;25;22;21;20;19;18;17;16;15;14;13;}865:{192;864;191;193;863;190;862;189;861;188;860;187;859;186;858;185;857;184;856;855;182;854;181;853;}889:{360;888;359;361;887;358;886;357;885;356;884;355;883;354;882;353;881;352;880;351;879;350;878;349;877;}913:{528;912;527;529;911;526;910;525;909;524;908;523;907;522;906;521;905;520;904;903;518;902;517;901;}1013:{1012;1011;1010;1009;51;52;53;54;55;56;57;58;}1037:{1036;1035;1034;1033;219;220;221;222;223;224;225;226;}1061:{1060;1059;1058;1057;387;388;389;390;391;392;393;394;}1085:{1084;1083;1082;1081;555;556;557;558;559;560;561;562;}1097:{1096;1095;1094;1093;60;1092;59;61;62;63;64;65;66;1105;67;1106;68;1107;69;1108;70;}1105:{152;}1121:{1111;1110;}1145:{1144;1143;1142;1141;396;1140;395;397;398;399;1139;400;1138;401;402;1137;1153;403;1136;1154;404;1135;1155;405;1134;1156;406;1133;}1193:{1192;1191;1190;1189;156;1188;155;157;154;158;159;1187;160;1186;161;162;1185;163;1184;164;1183;165;1182;166;}1199:{153;}1205:{1204;1203;1202;1201;243;244;245;246;247;248;249;250;}1241:{1240;1239;1238;1237;492;1236;491;493;490;494;495;1235;496;1234;497;498;1233;499;1232;500;1231;501;1230;502;}1247:{489;}1253:{1252;1251;1250;1249;579;580;581;582;583;584;585;586;}1289:{1288;1287;1286;1285;1284;251;1283;1282;1281;1280;1279;1278;}1337:{1336;1335;1334;1333;1332;587;1331;1330;1329;1328;1327;1326;},356_357_358_359_360_390_391_392_393_394_426_427_428_490_491_492_504_505_581_582_588_666_667_668_744_745_746_747_748_749_750_751_752_753_754_755_810_811_886_887_888_968_969_1052_1053_1054_1141_1142_1143_1236_1237_1238_1239_,627-626*0_627-628*0_627-625*0_627-629*0_627-624*0_627-630*0_627-1007*0_627-1006*0_627-623*0_627-631*0_627-1005*0_627-622*0_627-632*0_627-1004*0_627-1003*0_627-621*0_627-633*0_627-1002*0_627-620*0_627-634*0_627-1001*0_627-619*0_627-635*0_627-1000*0_627-618*0_627-636*0_627-1091*0_627-1090*0_627-999*0_627-1089*0_627-1088*0_627-617*0_627-637*0_627-1087*0_627-998*0_627-1086*0_627-616*0_627-638*0_627-997*0_627-1085*0_627-543*0_627-615*0_627-639*0_543-542*1_543-544*1_615-614*1_639-640*1_543-541*1_543-545*1_615-613*1_639-641*1_543-540*1_543-546*1_543-996*1_615-612*1_639-642*1_543-995*1_615-923*1_543-994*1_615-922*1_543-539*1_543-547*1_615-611*1_639-643*1_543-993*1_615-921*1_543-538*1_543-548*1_543-992*1_615-610*1_615-920*1_639-644*1_543-991*1_615-919*1_543-537*1_543-549*1_615-609*1_639-645*1_543-990*1_615-918*1_543-536*1_543-550*1_615-608*1_639-646*1_543-989*1_615-917*1_543-535*1_543-551*1_615-607*1_639-647*1_543-988*1_615-916*1_543-534*1_543-552*1_543-1080*1_615-606*1_639-648*1_543-1079*1_639-1175*1_543-1078*1_639-1174*1_543-987*1_543-1077*1_615-915*1_639-1173*1_543-1076*1_639-1172*1_543-533*1_543-553*1_615-605*1_639-649*1_543-1075*1_639-1171*1_543-986*1_615-914*1_543-1074*1_639-1170*1_543-532*1_543-554*1_615-604*1_639-650*1_543-985*1_543-1073*1_615-913*1_639-1169*1_543-459*1_615-603*1_639-651*1_1085-1084*1_1085-1083*1_1085-1082*1_1085-1081*1_1085-555*1_1085-556*1_1085-557*1_1085-558*1_1085-559*1_1085-560*1_1085-561*1_1085-562*1_459-458*2_459-460*2_603-602*2_651-652*2_459-457*2_459-461*2_603-601*2_651-653*2_459-456*2_459-462*2_459-984*2_603-600*2_651-654*2_459-983*2_603-839*2_459-982*2_603-838*2_459-455*2_459-463*2_603-599*2_651-655*2_459-981*2_603-837*2_459-454*2_459-464*2_459-980*2_603-598*2_603-836*2_651-656*2_459-979*2_603-835*2_459-453*2_459-465*2_603-597*2_651-657*2_459-978*2_603-834*2_459-452*2_459-466*2_603-596*2_651-658*2_459-977*2_603-833*2_459-451*2_459-467*2_603-595*2_651-659*2_459-976*2_603-832*2_651-1168*2_459-450*2_459-468*2_459-1068*2_603-594*2_651-660*2_459-1067*2_459-1069*2_651-1259*2_459-1066*2_459-1070*2_651-1258*2_459-975*2_459-1065*2_459-1071*2_603-831*2_651-1167*2_651-1257*2_459-1064*2_459-1072*2_651-1256*2_459-449*2_459-469*2_603-593*2_651-661*2_459-1063*2_651-1255*2_459-974*2_603-830*2_651-1166*2_459-1062*2_651-1254*2_459-448*2_459-470*2_603-592*2_651-662*2_459-973*2_459-1061*2_603-829*2_651-1165*2_651-1253*2_459-375*2_459-447*2_459-471*2_603-519*2_603-591*2_651-567*2_651-663*2_913-528*2_913-912*2_913-527*2_913-529*2_913-911*2_913-526*2_913-910*2_913-525*2_913-909*2_913-524*2_913-908*2_913-523*2_913-907*2_913-522*2_913-906*2_913-521*2_913-905*2_913-520*2_913-904*2_913-903*2_913-518*2_913-902*2_913-517*2_913-901*2_532-531*2_532-530*2_554-563*2_554-564*2_554-1164*2_554-1163*2_554-1162*2_554-1161*2_554-1160*2_554-565*2_554-1159*2_554-1158*2_554-566*2_375-374*3_375-376*3_447-446*3_471-472*3_591-590*3_567-568*3_663-664*3_375-373*3_375-377*3_447-445*3_471-473*3_591-589*3_567-569*3_663-665*3_375-372*3_375-378*3_375-972*3_447-444*3_447-900*3_471-474*3_519-516*3_519-828*3_591-588*3_567-570*3_663-666*3_375-971*3_447-899*3_519-827*3_591-755*3_375-970*3_447-898*3_519-826*3_591-754*3_375-371*3_375-379*3_447-443*3_471-475*3_519-515*3_567-571*3_663-667*3_375-969*3_447-897*3_519-825*3_591-753*3_375-370*3_375-380*3_375-968*3_447-442*3_447-896*3_471-476*3_519-514*3_519-824*3_591-752*3_567-572*3_663-668*3_375-967*3_447-895*3_519-823*3_591-751*3_375-369*3_375-381*3_447-441*3_471-477*3_519-513*3_567-573*3_663-669*3_375-966*3_447-894*3_519-822*3_591-750*3_375-368*3_375-382*3_447-440*3_471-478*3_519-512*3_567-574*3_663-670*3_375-965*3_447-893*3_519-821*3_591-749*3_375-367*3_375-383*3_447-439*3_471-479*3_519-511*3_567-575*3_663-671*3_375-964*3_447-892*3_519-820*3_591-748*3_375-366*3_375-384*3_375-1056*3_447-438*3_471-480*3_471-1152*3_519-510*3_567-576*3_567-1248*3_375-1055*3_471-1151*3_567-1247*3_663-1343*3_375-1054*3_471-1150*3_567-1246*3_663-1342*3_375-963*3_375-1053*3_447-891*3_471-1149*3_519-819*3_591-747*3_567-1245*3_663-1341*3_375-1052*3_471-1148*3_567-1244*3_663-1340*3_375-365*3_375-385*3_447-437*3_471-481*3_519-509*3_567-577*3_375-1051*3_471-1147*3_567-1243*3_663-1339*3_375-962*3_447-890*3_519-818*3_591-746*3_375-1050*3_471-1146*3_567-1242*3_663-1338*3_375-364*3_375-386*3_447-436*3_471-482*3_519-508*3_567-578*3_375-961*3_375-1049*3_447-889*3_471-1145*3_519-817*3_591-745*3_567-1241*3_663-1337*3_375-291*3_1061-1060*3_1253-1252*3_1061-1059*3_1253-1251*3_1061-1058*3_1253-1250*3_1061-1057*3_1253-1249*3_1061-387*3_1253-579*3_1061-388*3_1253-580*3_1061-389*3_1253-581*3_1061-390*3_1253-582*3_1061-391*3_1253-583*3_1061-392*3_1253-584*3_1061-393*3_1253-585*3_1061-394*3_1253-586*3_291-290*4_291-292*4_291-289*4_291-293*4_291-288*4_291-294*4_291-960*4_291-959*4_291-958*4_291-287*4_291-295*4_291-957*4_291-286*4_291-296*4_291-956*4_291-955*4_291-285*4_291-297*4_291-954*4_291-284*4_291-298*4_291-953*4_291-283*4_291-299*4_291-952*4_291-282*4_291-300*4_291-1044*4_291-1043*4_291-1045*4_291-1042*4_291-1046*4_291-951*4_291-1041*4_291-1047*4_291-1040*4_291-1048*4_291-281*4_291-301*4_291-1039*4_291-950*4_291-1038*4_291-280*4_291-302*4_291-949*4_291-1037*4_291-207*4_291-279*4_291-303*4_889-360*4_889-888*4_1145-1144*4_817-432*4_817-816*4_745-504*4_745-744*4_1241-1240*4_1337-1336*4_889-359*4_889-361*4_817-431*4_817-433*4_745-505*4_889-887*4_1145-1143*4_817-815*4_745-743*4_1241-1239*4_1337-1335*4_889-358*4_817-430*4_817-434*4_745-506*4_889-886*4_1145-1142*4_817-814*4_745-742*4_1241-1238*4_1337-1334*4_889-357*4_817-429*4_817-435*4_745-507*4_889-885*4_1145-1141*4_817-813*4_745-741*4_1241-1237*4_1337-1333*4_889-356*4_817-428*4_889-884*4_1145-396*4_1145-1140*4_817-812*4_745-740*4_1241-492*4_1241-1236*4_1337-1332*4_889-355*4_1145-395*4_1145-397*4_817-427*4_1241-491*4_1241-493*4_1337-587*4_1145-398*4_1241-490*4_1241-494*4_1145-399*4_1241-495*4_889-883*4_1145-1139*4_817-811*4_745-739*4_1241-1235*4_1337-1331*4_889-354*4_817-426*4_1145-400*4_1241-496*4_889-882*4_1145-1138*4_817-810*4_745-738*4_1241-1234*4_1337-1330*4_889-353*4_1145-401*4_817-425*4_1241-497*4_1145-402*4_1241-498*4_889-881*4_1145-1137*4_1145-1153*4_817-809*4_745-737*4_1241-1233*4_1337-1329*4_889-352*4_817-424*4_1145-403*4_1241-499*4_889-880*4_1145-1136*4_1145-1154*4_817-808*4_745-736*4_1241-1232*4_1337-1328*4_889-351*4_817-423*4_1145-404*4_1241-500*4_889-879*4_1145-1135*4_1145-1155*4_817-807*4_745-735*4_1241-1231*4_1337-1327*4_889-350*4_817-422*4_1145-405*4_1241-501*4_889-878*4_1145-1134*4_1145-1156*4_817-806*4_745-734*4_1241-1230*4_1337-1326*4_889-349*4_817-421*4_1145-406*4_1241-502*4_889-877*4_1145-1133*4_364-363*4_364-362*4_207-206*5_207-208*5_279-278*5_303-304*5_207-205*5_207-209*5_279-277*5_303-305*5_207-204*5_207-210*5_207-948*5_279-276*5_279-876*5_303-306*5_207-947*5_279-875*5_207-946*5_279-874*5_207-203*5_207-211*5_279-275*5_303-307*5_207-945*5_279-873*5_207-202*5_207-212*5_207-944*5_279-274*5_279-872*5_303-308*5_207-943*5_279-871*5_207-201*5_207-213*5_279-273*5_303-309*5_207-942*5_279-870*5_207-200*5_207-214*5_279-272*5_303-310*5_207-941*5_279-869*5_207-199*5_207-215*5_279-271*5_303-311*5_207-940*5_279-868*5_207-198*5_207-216*5_207-1032*5_279-270*5_303-312*5_303-1128*5_207-1031*5_303-1127*5_303-1129*5_207-1030*5_303-1126*5_303-1130*5_207-939*5_207-1029*5_279-867*5_303-1125*5_303-1131*5_207-1028*5_303-1124*5_303-1132*5_207-197*5_207-217*5_279-269*5_303-313*5_207-1027*5_303-1123*5_207-938*5_279-866*5_207-1026*5_303-1122*5_207-196*5_207-218*5_279-268*5_303-314*5_207-937*5_207-1025*5_279-865*5_303-1121*5_207-123*5_279-267*5_303-315*5_566-1157*4_1037-1036*5_1037-1035*5_1037-1034*5_1037-1033*5_1037-219*5_1037-220*5_1037-221*5_1037-222*5_1037-223*5_1037-224*5_1037-225*5_1037-226*5_352-348*5_352-804*5_352-803*5_352-805*5_352-802*5_352-347*5_352-801*5_352-800*5_352-346*5_352-799*5_352-345*5_352-798*5_352-344*5_352-797*5_352-796*5_352-343*5_398-407*5_352-795*5_352-342*5_398-408*5_398-1224*5_398-1223*5_398-1225*5_398-1222*5_398-1226*5_398-1221*5_398-1227*5_352-794*5_398-1220*5_398-1228*5_352-341*5_398-409*5_398-1219*5_398-1229*5_398-1218*5_352-793*5_352-340*5_398-410*5_123-122*6_123-124*6_267-266*6_315-316*6_123-121*6_123-125*6_267-265*6_315-317*6_123-120*6_123-126*6_123-936*6_267-264*6_267-792*6_315-318*6_123-935*6_267-791*6_123-934*6_267-790*6_123-119*6_123-127*6_267-263*6_315-319*6_123-933*6_267-789*6_123-118*6_123-128*6_123-932*6_267-262*6_267-788*6_315-320*6_123-931*6_267-787*6_123-117*6_123-129*6_267-261*6_315-321*6_123-930*6_267-786*6_123-116*6_123-130*6_267-260*6_315-322*6_123-929*6_267-785*6_123-115*6_123-131*6_267-259*6_315-323*6_123-928*6_267-784*6_315-1120*6_123-114*6_123-132*6_123-1020*6_267-258*6_315-324*6_315-1212*6_123-1019*6_123-1021*6_315-1211*6_315-1213*6_123-1018*6_123-1022*6_315-1210*6_315-1214*6_123-927*6_123-1017*6_123-1023*6_267-783*6_315-1119*6_315-1209*6_315-1215*6_123-1016*6_123-1024*6_315-1208*6_315-1216*6_123-113*6_123-133*6_267-257*6_315-325*6_123-1015*6_315-1207*6_315-1217*6_123-926*6_267-782*6_315-1118*6_123-1014*6_315-1206*6_123-112*6_123-134*6_267-256*6_315-326*6_123-925*6_123-1013*6_267-781*6_315-1117*6_315-1205*6_123-39*6_123-111*6_123-135*6_267-183*6_267-255*6_315-231*6_315-327*6_476-483*4_476-484*4_476-485*4_476-486*4_476-487*4_476-488*4_502-503*5_502-1320*5_502-1319*5_502-1321*5_502-1318*5_502-1322*5_502-1317*5_502-1323*5_502-1316*5_502-1324*5_502-1315*5_502-1325*5_502-1314*5_502-1313*5_502-1312*5_502-1311*5_502-1310*5_502-1309*5_502-418*5_865-192*6_865-864*6_865-191*6_865-193*6_865-863*6_865-190*6_865-862*6_865-189*6_865-861*6_865-188*6_865-860*6_865-187*6_865-859*6_865-186*6_865-858*6_865-185*6_865-857*6_865-184*6_865-856*6_865-855*6_865-182*6_865-854*6_865-181*6_1247-489*6_865-853*6_196-195*6_340-339*6_410-411*6_196-194*6_340-338*6_410-412*6_340-337*6_410-413*6_340-336*6_340-720*6_410-414*6_340-719*6_340-721*6_340-718*6_340-722*6_340-717*6_340-723*6_410-415*6_340-716*6_340-724*6_410-416*6_340-715*6_340-725*6_410-417*6_340-714*6_340-726*6_340-713*6_340-727*6_340-712*6_340-728*6_410-419*6_340-711*6_340-729*6_410-1308*6_410-1307*6_410-1306*6_410-1305*6_340-710*6_340-730*6_410-1304*6_410-1303*6_410-1302*6_340-709*6_340-731*6_39-38*7_39-40*7_111-110*7_135-136*7_255-254*7_231-230*7_231-232*7_327-328*7_39-37*7_39-41*7_111-109*7_135-137*7_255-253*7_231-229*7_231-233*7_327-329*7_39-36*7_39-42*7_39-924*7_111-108*7_111-852*7_135-138*7_183-180*7_183-780*7_255-252*7_255-708*7_231-228*7_231-234*7_231-1116*7_327-330*7_111-851*7_183-779*7_255-707*7_231-1115*7_111-850*7_183-778*7_255-706*7_231-1114*7_39-35*7_39-43*7_111-107*7_135-139*7_183-179*7_231-227*7_231-235*7_327-331*7_111-849*7_183-777*7_255-705*7_231-1113*7_39-34*7_39-44*7_111-106*7_111-848*7_135-140*7_183-178*7_183-776*7_255-704*7_231-236*7_231-1112*7_327-332*7_111-847*7_183-775*7_255-703*7_39-33*7_39-45*7_111-105*7_135-141*7_183-177*7_231-237*7_327-333*7_111-846*7_183-774*7_255-702*7_39-32*7_39-46*7_111-104*7_135-142*7_183-176*7_231-238*7_327-334*7_111-845*7_183-773*7_255-701*7_39-31*7_39-47*7_111-103*7_135-143*7_183-175*7_231-239*7_327-335*7_111-844*7_183-772*7_255-700*7_39-30*7_39-48*7_39-1008*7_111-102*7_135-144*7_135-1104*7_183-174*7_231-240*7_231-1200*7_327-1296*7_135-1103*7_231-1199*7_327-1295*7_327-1297*7_135-1102*7_231-1198*7_327-1294*7_327-1298*7_111-843*7_135-1101*7_183-771*7_255-699*7_231-1197*7_327-1293*7_327-1299*7_135-1100*7_231-1196*7_327-1292*7_327-1300*7_39-29*7_39-49*7_111-101*7_135-145*7_183-173*7_231-241*7_135-1099*7_231-1195*7_327-1291*7_327-1301*7_111-842*7_183-770*7_255-698*7_135-1098*7_231-1194*7_327-1290*7_39-28*7_39-50*7_111-100*7_135-146*7_183-172*7_231-242*7_111-841*7_135-1097*7_183-769*7_255-697*7_231-1193*7_327-1289*7_421-420*5_421-732*5_421-733*5_1013-1012*7_1205-1204*7_1013-1011*7_1205-1203*7_1013-1010*7_1205-1202*7_1013-1009*7_1205-1201*7_1013-51*7_1205-243*7_1013-52*7_1205-244*7_1013-53*7_1205-245*7_1013-54*7_1205-246*7_1013-55*7_1205-247*7_1013-56*7_1205-248*7_1013-57*7_1205-249*7_1013-58*7_1205-250*7_841-24*8_841-840*8_1097-1096*8_769-96*8_769-768*8_697-168*8_697-696*8_1193-1192*8_1289-1288*8_841-23*8_841-25*8_769-95*8_769-97*8_697-169*8_1097-1095*8_769-767*8_697-695*8_1193-1191*8_1289-1287*8_841-22*8_769-94*8_769-98*8_697-170*8_1097-1094*8_769-766*8_697-694*8_1193-1190*8_1289-1286*8_841-21*8_769-93*8_769-99*8_697-171*8_1097-1093*8_769-765*8_697-693*8_1193-1189*8_1289-1285*8_841-20*8_769-92*8_1097-60*8_1097-1092*8_769-764*8_697-692*8_1193-156*8_1193-1188*8_1289-1284*8_841-19*8_1097-59*8_1097-61*8_769-91*8_1193-155*8_1193-157*8_1289-251*8_1097-62*8_1193-154*8_1193-158*8_1097-63*8_1193-159*8_769-763*8_697-691*8_1193-1187*8_1289-1283*8_841-18*8_769-90*8_1097-64*8_1193-160*8_769-762*8_697-690*8_1193-1186*8_1289-1282*8_841-17*8_1097-65*8_769-89*8_1193-161*8_1097-66*8_1193-162*8_1097-1105*8_769-761*8_697-689*8_1193-1185*8_1289-1281*8_841-16*8_769-88*8_1097-67*8_1193-163*8_1097-1106*8_769-760*8_697-688*8_1193-1184*8_1289-1280*8_841-15*8_769-87*8_1097-68*8_1193-164*8_1097-1107*8_769-759*8_697-687*8_1193-1183*8_1289-1279*8_1121-1111*8_841-14*8_769-86*8_1097-69*8_1193-165*8_1097-1108*8_769-758*8_697-686*8_1193-1182*8_1289-1278*8_1121-1110*8_841-13*8_769-85*8_1097-70*8_1193-166*8_28-27*8_28-26*8_230-1109*8_16-12*9_16-756*9_16-757*9_16-11*9_16-10*9_16-9*9_16-8*9_16-7*9_62-71*9_16-6*9_62-72*9_62-1176*9_62-1177*9_62-1178*9_62-1179*9_62-1180*9_16-5*9_62-73*9_62-1181*9_16-4*9_62-74*9_166-167*9_166-1272*9_166-1271*9_166-1273*9_166-1270*9_166-1274*9_166-1269*9_166-1275*9_166-1268*9_166-1276*9_166-1267*9_166-1277*9_166-1266*9_166-1265*9_166-1264*9_166-1263*9_166-1262*9_166-1261*9_166-82*9_140-147*8_140-148*8_140-149*8_140-150*8_140-151*8_1199-153*10_4-3*10_74-75*10_4-2*10_74-76*10_4-1*10_74-77*10_4-0*10_4-672*10_74-78*10_4-673*10_4-674*10_4-675*10_74-79*10_4-676*10_74-80*10_4-677*10_74-81*10_4-678*10_4-679*10_4-680*10_74-83*10_4-681*10_74-1260*10_4-682*10_4-683*10_1105-152*10_85-84*9_85-684*9_85-685*9_
