"id","Scenario","Actual Range","Protocol","Buildings","Total nodes","Nodes on circ","Total coverage","Coverage on circ","Alert received mean time","Hops","Slots","Messages sent","Messages received", "Starting x", "Starting y","Starting node", "Vehicle distance", "Received node ids", "Node ids", "Transmission map", "Received on circ nodes", "Transmission vector"
0,1,500,0,1,1344,28,1344,28,-485.107,3.5,5.07143,811,1344,475,900,879,25,128_878_880_127_129_877_881_126_130_876_882_125_131_875_883_124_132_874_884_123_133_873_885_122_134_872_886_121_135_871_887_120_136_870_888_119_137_869_889_118_138_868_890_867_891_866_892_865_893_32_864_894_33_34_35_895_785_977_786_978_787_979_788_980_224_896_225_789_981_226_227_228_790_982_219_229_791_983_897_218_230_792_984_217_231_216_232_793_985_898_215_233_794_986_214_234_19_771_795_899_987_112_784_144_976_111_113_143_145_110_114_142_146_783_975_109_115_141_147_782_974_108_116_140_148_781_973_107_117_139_149_780_972_106_150_779_971_105_151_778_970_104_152_777_969_103_153_776_796_968_988_154_775_797_967_989_155_774_798_966_990_156_773_799_965_991_99_157_208_772_800_240_964_992_209_241_98_210_158_242_211_243_212_244_213_245_801_963_993_97_159_246_247_690_770_802_962_994_1074_689_691_1073_1075_96_688_160_248_1072_1076_687_1071_1077_686_1070_1078_249_1079_769_803_961_995_1080_161_250_1081_251_1082_16_768_804_48_960_996_17_49_18_50_162_51_1083_220_252_1084_805_997_221_163_253_1085_222_254_806_998_1086_31_30_29_28_36_27_37_223_26_38_900_25_39_901_24_40_902_23_41_903_22_42_904_21_43_235_905_20_44_236_906_45_237_907_46_238_908_47_239_909_910_15_911_999_14_322_321_323_320_324_912_1000_319_325_318_326_1001_327_13_328_913_1002_329_1003_12_52_330_914_331_1004_332_207_915_1005_333_1006_206_334_1007_336_1008_1009_1010_1011_1012_1013_1014_1015_1016_11_10_9_8_7_6_5_4_3_2_1_0_672_673_674_675_164_53_807_165_54_808_166_55_809_167_56_810_168_57_205_811_169_204_58_812_203_170_59_202_813_171_60_201_814_172_61_815_173_62_304_816_174_63_817_1060_1061_175_818_176_1168_1169_1170_1171_1172_195_1173_819_177_1087_1174_1175_194_820_178_1176_261_262_1177_193_263_821_179_707_264_706_1178_705_265_192_704_1179_266_822_703_180_267_702_1180_701_268_823_181_1181_434_700_269_1182_824_182_270_313_1105_1106_825_1101_1107_1108_1109_312_1110_353_1111_441_1112_354_442_1092_1093_1094_1095_337_338_1017_1018_1019_255_256_1088_1089_1090_1091_257_258_259_260_1058_1057_1059_64_1056_1062_1063_1064_65_1065_1066_66_1067_1068_67_1069_1167_1166_1165_1164_1163_68_69_70_71_183_72_826_184_303_305_73_302_306_301_307_827_185_74_300_308_828_299_309_186_75_298_310_829_187_76_297_311_830_188_77_831_189_78_400_832_79_833_80_1152_834_291_835_290_836_289_837_723_722_721_288_720_838_719_718_717_839_716_840_841_1096_1097_355_271_356_357_358_272_1184_1185_1186_1187_359_1188_1189_360_1190_273_1191_361_1192_274_362_916_917_918_335_919_920_921_922_339_923_340_924_341_925_342_926_343_927_344_416_928_417_418_345_419_420_421_929_422_346_423_424_930_347_425_879_426_931_348_200_349_199_350_438_351_415_439_1155_1154_1156_1153_81_82_83_1183_1193_1194_280_1195_281_1196_282_1197_84_85_86_87_88_89_90_91_1023_432_1024_433_435_436_437_1025_1113_676_677_678_679_680_681_682_683_684_685_100_101_102_692_693_694_695_316_315_314_414_427_428_429_430_1098_1099_1100_1102_1103_352_1104_198_197_196_413_412_932_411_933_410_934_409_935_408_936_407_937_406_938_939_940_941_942_943_1026_1027_1028_512_944_513_1029_514_515_516_1030_507_517_1031_945_506_518_1032_505_519_504_520_1033_946_503_521_842_1034_502_522_843_947_1035_279_283_278_284_277_285_276_286_275_287_1280_1279_1281_1278_1282_1277_1283_1276_1284_1275_1285_1263_1262_1022_431_1021_1020_440_443_444_445_446_1036_447_1037_448_1120_1121_1038_1122_1123_1124_1125_449_1039_1126_1127_450_530_529_531_528_532_1040_1128_527_533_526_534_1129_535_451_536_1041_1130_537_1131_538_452_1042_539_1132_540_453_1043_1133_541_1134_454_542_1114_363_1115_364_1116_365_1117_366_1118_367_1119_369_455_456_370_457_458_371_459_372_460_1162_1161_190_191_1264_1198_715_292_1199_714_724_293_713_725_294_712_726_295_711_727_296_710_728_709_729_708_730_731_732_733_734_735_388_389_390_391_392_393_394_699_405_404_399_398_397_523_396_524_948_844_845_846_847_496_848_495_497_494_498_493_499_849_850_851_852_853_854_855_856_857_858_859_860_1141_623_1142_629_1143_630_1144_631_632_1145_633_1146_634_1147_635_548_1148_508_636_1149_549_637_317_368_1200_1201_1202_1203_1204_1205_1206_373_374_375_376_377_378_379_380_381_382_1265_1266_1261_1267_1260_1268_1259_1269_1258_1270_1257_1271_1256_1272_1255_1273_1254_1274_1253_1252_1251_1250_1249_401_402_403_395_387_386_385_739_738_737_384_736_1157_1158_1159_1160_92_93_696_94_697_95_698_949_603_861_862_863_592_591_593_590_594_589_595_588_596_587_597_586_598_585_599_483_482_755_754_481_753_480_752_751_543_544_1136_1135_1137_1138_545_1139_546_1140_547_550_551_552_553_554_555_556_557_558_643_644_645_559_646_647_560_1232_1233_1234_1235_648_1236_1237_1238_561_649_511_510_509_950_951_952_953_954_525_955_956_501_957_500_958_959_610_609_611_608_612_607_613_606_614_615_616_1050_617_1051_618_619_1052_620_1053_621_1054_622_1303_1044_1045_1046_1047_1048_1049_492_1150_1151_640_639_641_1227_1055_624_625_626_627_628_745_746_747_748_749_750_484_485_486_487_488_489_490_491_1248_1302_1304_1301_1305_1300_1306_1299_1307_1298_1308_1297_1309_1296_1310_383_1295_1311_1294_1312_479_478_1293_1313_1292_1314_1291_1315_1290_1316_1289_1317_1288_1318_1287_1319_1286_1320_1321_1322_1323_1231_562_1230_563_1229_564_1228_565_566_1226_567_1225_1239_568_1224_1240_569_1223_1241_570_1222_1242_571_1221_1243_572_1220_1244_573_1219_1245_574_1218_1246_575_1217_1247_464_656_1216_1328_465_657_1329_466_658_1330_467_659_1331_660_1332_661_1333_1215_662_1334_663_1335_664_1336_1214_665_1337_666_1338_1213_667_1339_668_1212_1340_605_604_602_601_600_756_757_744_758_743_759_742_760_741_761_740_762_763_764_765_766_767_461_462_463_1211_1210_468_469_470_471_472_473_474_475_476_477_1324_1325_1326_1327_1341_1342_1343_638_642_650_584_583_582_581_580_579_578_577_576_1207_1208_1209_651_652_653_654_655_671_670_669_,0_1_2_3_4_5_6_7_8_9_10_11_12_13_14_15_16_17_18_19_20_21_22_23_24_25_26_27_28_29_30_31_32_33_34_35_36_37_38_39_40_41_42_43_44_45_46_47_48_49_50_51_52_53_54_55_56_57_58_59_60_61_62_63_64_65_66_67_68_69_70_71_72_73_74_75_76_77_78_79_80_81_82_83_84_85_86_87_88_89_90_91_92_93_94_95_96_97_98_99_100_101_102_103_104_105_106_107_108_109_110_111_112_113_114_115_116_117_118_119_120_121_122_123_124_125_126_127_128_129_130_131_132_133_134_135_136_137_138_139_140_141_142_143_144_145_146_147_148_149_150_151_152_153_154_155_156_157_158_159_160_161_162_163_164_165_166_167_168_169_170_171_172_173_174_175_176_177_178_179_180_181_182_183_184_185_186_187_188_189_190_191_192_193_194_195_196_197_198_199_200_201_202_203_204_205_206_207_208_209_210_211_212_213_214_215_216_217_218_219_220_221_222_223_224_225_226_227_228_229_230_231_232_233_234_235_236_237_238_239_240_241_242_243_244_245_246_247_248_249_250_251_252_253_254_255_256_257_258_259_260_261_262_263_264_265_266_267_268_269_270_271_272_273_274_275_276_277_278_279_280_281_282_283_284_285_286_287_288_289_290_291_292_293_294_295_296_297_298_299_300_301_302_303_304_305_306_307_308_309_310_311_312_313_314_315_316_317_318_319_320_321_322_323_324_325_326_327_328_329_330_331_332_333_334_335_336_337_338_339_340_341_342_343_344_345_346_347_348_349_350_351_352_353_354_355_356_357_358_359_360_361_362_363_364_365_366_367_368_369_370_371_372_373_374_375_376_377_378_379_380_381_382_383_384_385_386_387_388_389_390_391_392_393_394_395_396_397_398_399_400_401_402_403_404_405_406_407_408_409_410_411_412_413_414_415_416_417_418_419_420_421_422_423_424_425_426_427_428_429_430_431_432_433_434_435_436_437_438_439_440_441_442_443_444_445_446_447_448_449_450_451_452_453_454_455_456_457_458_459_460_461_462_463_464_465_466_467_468_469_470_471_472_473_474_475_476_477_478_479_480_481_482_483_484_485_486_487_488_489_490_491_492_493_494_495_496_497_498_499_500_501_502_503_504_505_506_507_508_509_510_511_512_513_514_515_516_517_518_519_520_521_522_523_524_525_526_527_528_529_530_531_532_533_534_535_536_537_538_539_540_541_542_543_544_545_546_547_548_549_550_551_552_553_554_555_556_557_558_559_560_561_562_563_564_565_566_567_568_569_570_571_572_573_574_575_576_577_578_579_580_581_582_583_584_585_586_587_588_589_590_591_592_593_594_595_596_597_598_599_600_601_602_603_604_605_606_607_608_609_610_611_612_613_614_615_616_617_618_619_620_621_622_623_624_625_626_627_628_629_630_631_632_633_634_635_636_637_638_639_640_641_642_643_644_645_646_647_648_649_650_651_652_653_654_655_656_657_658_659_660_661_662_663_664_665_666_667_668_669_670_671_672_673_674_675_676_677_678_679_680_681_682_683_684_685_686_687_688_689_690_691_692_693_694_695_696_697_698_699_700_701_702_703_704_705_706_707_708_709_710_711_712_713_714_715_716_717_718_719_720_721_722_723_724_725_726_727_728_729_730_731_732_733_734_735_736_737_738_739_740_741_742_743_744_745_746_747_748_749_750_751_752_753_754_755_756_757_758_759_760_761_762_763_764_765_766_767_768_769_770_771_772_773_774_775_776_777_778_779_780_781_782_783_784_785_786_787_788_789_790_791_792_793_794_795_796_797_798_799_800_801_802_803_804_805_806_807_808_809_810_811_812_813_814_815_816_817_818_819_820_821_822_823_824_825_826_827_828_829_830_831_832_833_834_835_836_837_838_839_840_841_842_843_844_845_846_847_848_849_850_851_852_853_854_855_856_857_858_859_860_861_862_863_864_865_866_867_868_869_870_871_872_873_874_875_876_877_878_879_880_881_882_883_884_885_886_887_888_889_890_891_892_893_894_895_896_897_898_899_900_901_902_903_904_905_906_907_908_909_910_911_912_913_914_915_916_917_918_919_920_921_922_923_924_925_926_927_928_929_930_931_932_933_934_935_936_937_938_939_940_941_942_943_944_945_946_947_948_949_950_951_952_953_954_955_956_957_958_959_960_961_962_963_964_965_966_967_968_969_970_971_972_973_974_975_976_977_978_979_980_981_982_983_984_985_986_987_988_989_990_991_992_993_994_995_996_997_998_999_1000_1001_1002_1003_1004_1005_1006_1007_1008_1009_1010_1011_1012_1013_1014_1015_1016_1017_1018_1019_1020_1021_1022_1023_1024_1025_1026_1027_1028_1029_1030_1031_1032_1033_1034_1035_1036_1037_1038_1039_1040_1041_1042_1043_1044_1045_1046_1047_1048_1049_1050_1051_1052_1053_1054_1055_1056_1057_1058_1059_1060_1061_1062_1063_1064_1065_1066_1067_1068_1069_1070_1071_1072_1073_1074_1075_1076_1077_1078_1079_1080_1081_1082_1083_1084_1085_1086_1087_1088_1089_1090_1091_1092_1093_1094_1095_1096_1097_1098_1099_1100_1101_1102_1103_1104_1105_1106_1107_1108_1109_1110_1111_1112_1113_1114_1115_1116_1117_1118_1119_1120_1121_1122_1123_1124_1125_1126_1127_1128_1129_1130_1131_1132_1133_1134_1135_1136_1137_1138_1139_1140_1141_1142_1143_1144_1145_1146_1147_1148_1149_1150_1151_1152_1153_1154_1155_1156_1157_1158_1159_1160_1161_1162_1163_1164_1165_1166_1167_1168_1169_1170_1171_1172_1173_1174_1175_1176_1177_1178_1179_1180_1181_1182_1183_1184_1185_1186_1187_1188_1189_1190_1191_1192_1193_1194_1195_1196_1197_1198_1199_1200_1201_1202_1203_1204_1205_1206_1207_1208_1209_1210_1211_1212_1213_1214_1215_1216_1217_1218_1219_1220_1221_1222_1223_1224_1225_1226_1227_1228_1229_1230_1231_1232_1233_1234_1235_1236_1237_1238_1239_1240_1241_1242_1243_1244_1245_1246_1247_1248_1249_1250_1251_1252_1253_1254_1255_1256_1257_1258_1259_1260_1261_1262_1263_1264_1265_1266_1267_1268_1269_1270_1271_1272_1273_1274_1275_1276_1277_1278_1279_1280_1281_1282_1283_1284_1285_1286_1287_1288_1289_1290_1291_1292_1293_1294_1295_1296_1297_1298_1299_1300_1301_1302_1303_1304_1305_1306_1307_1308_1309_1310_1311_1312_1313_1314_1315_1316_1317_1318_1319_1320_1321_1322_1323_1324_1325_1326_1327_1328_1329_1330_1331_1332_1333_1334_1335_1336_1337_1338_1339_1340_1341_1342_1343_,32:{31;30;29;28;36;27;37;26;38;25;39;24;40;23;41;22;42;21;43;20;44;45;46;47;15;14;13;12;52;}60:{68;69;70;71;72;73;74;75;76;77;78;79;80;1152;}71:{84;85;86;87;88;89;90;91;}76:{1157;1158;1159;1160;92;93;94;95;}96:{696;697;698;}162:{164;165;166;167;168;169;170;171;172;173;174;175;176;1168;1169;1170;1171;1172;1173;177;1087;1174;1175;178;1176;261;262;1177;263;179;264;1178;265;1179;266;180;267;1180;268;181;1181;269;1182;182;270;}169:{1167;1166;1165;1164;1163;183;184;185;186;187;188;189;}172:{1162;1161;190;191;1264;}206:{198;197;196;}219:{879;200;199;}226:{223;900;901;902;903;904;235;905;236;906;237;907;238;908;239;909;910;911;999;322;321;323;320;324;912;1000;319;325;318;326;1001;327;328;913;1002;329;1003;330;914;331;1004;332;207;915;1005;333;1006;206;334;}240:{1092;1093;1094;1095;}249:{255;256;1088;1089;1090;1091;257;258;259;260;}254:{1096;1097;355;271;356;357;358;272;1184;1185;1186;1187;359;1188;1189;360;1190;273;1191;361;1192;274;362;}262:{280;281;282;}281:{279;283;278;284;277;285;276;286;275;287;1280;1279;1281;1278;1282;1277;1283;1276;1284;1275;1285;1263;1262;}322:{316;315;314;414;427;428;429;430;}331:{335;339;340;341;342;343;344;345;346;347;348;349;350;438;351;415;439;}332:{313;312;}334:{434;1105;1106;1101;1107;1108;1109;1110;353;1111;441;1112;354;442;}354:{1207;1208;1209;}362:{368;1200;1201;1202;1203;1204;1205;1206;373;374;375;376;377;378;379;380;381;382;}386:{745;746;747;748;749;750;484;485;486;487;488;489;490;491;}416:{405;404;399;398;397;523;396;524;948;}434:{1022;431;1021;1020;440;443;444;445;446;1036;447;1037;448;1120;1121;1038;1122;1123;1124;1125;449;1039;1126;1127;450;530;529;531;528;532;1040;1128;527;533;526;534;1129;535;451;536;1041;1130;537;1131;538;452;1042;539;1132;540;453;1043;1133;541;1134;454;542;}458:{461;462;463;1211;1210;468;469;470;471;472;473;474;475;476;477;}514:{511;510;509;950;951;952;953;954;525;955;956;501;957;500;958;959;610;609;611;608;612;607;613;606;614;615;616;1050;617;1051;618;619;1052;620;1053;621;1054;622;}519:{949;603;}527:{508;}529:{1141;623;1142;629;1143;630;1144;631;632;1145;633;1146;634;1147;635;548;1148;636;1149;549;637;}541:{543;544;1136;1135;1137;1138;545;1139;546;1140;547;550;551;552;553;554;555;556;557;558;643;644;645;559;646;647;560;1232;1233;1234;1235;648;1236;1237;1238;561;649;}560:{1231;562;1230;563;1229;564;1228;565;566;1226;567;1225;1239;568;1224;1240;569;1223;1241;570;1222;1242;571;1221;1243;572;1220;1244;573;1219;1245;574;1218;1246;575;1217;1247;464;656;1216;1328;465;657;1329;466;658;1330;467;659;1331;660;1332;661;1333;1215;662;1334;663;1335;664;1336;1214;665;1337;666;1338;1213;667;1339;668;1212;1340;}586:{584;583;582;581;580;579;578;577;576;}613:{605;604;602;601;600;}625:{638;642;}630:{650;}643:{651;652;653;654;655;}668:{669;}675:{676;677;678;679;680;681;682;683;684;685;100;101;102;692;693;694;695;}719:{715;292;714;724;293;713;725;294;712;726;295;711;727;296;710;728;709;729;708;730;731;732;733;734;735;388;389;390;391;392;393;394;699;}751:{756;757;744;758;743;759;742;760;741;761;740;762;763;764;765;766;767;}768:{11;10;9;8;7;6;5;4;3;2;1;0;672;673;674;675;}786:{112;784;111;113;110;114;783;109;115;782;108;116;781;107;117;780;106;779;105;778;104;777;103;776;796;775;797;774;798;773;799;99;208;772;800;209;98;210;211;212;213;801;97;690;770;802;689;691;96;688;687;686;769;803;16;768;804;17;18;220;805;221;222;806;}805:{807;808;809;810;205;811;204;812;203;202;813;201;814;815;304;816;817;818;195;819;194;820;193;821;707;706;705;192;704;822;703;702;701;823;700;824;825;}821:{826;303;305;302;306;301;307;827;300;308;828;299;309;298;310;829;297;311;830;831;400;832;833;834;291;835;290;836;289;837;723;722;721;288;720;838;719;718;717;839;716;840;841;}835:{401;402;403;395;387;386;385;739;738;737;384;736;}840:{844;845;846;847;496;848;495;497;494;498;493;499;849;850;851;852;853;854;855;856;857;858;859;860;}859:{861;862;863;592;591;593;590;594;589;595;588;596;587;597;586;598;585;599;483;482;755;754;481;753;480;752;751;}879:{128;878;880;127;129;877;881;126;130;876;882;125;131;875;883;124;132;874;884;123;133;873;885;122;134;872;886;121;135;871;887;120;136;870;888;119;137;869;889;118;138;868;890;867;891;866;892;865;893;32;864;894;33;34;35;895;785;977;786;978;787;979;788;980;224;896;225;789;981;226;227;228;790;982;219;229;791;983;897;218;230;792;984;217;231;216;232;793;985;898;215;233;794;986;214;234;19;771;795;899;987;}911:{916;917;918;919;920;921;922;923;924;925;926;927;416;928;417;418;419;420;421;929;422;423;424;930;425;426;931;}927:{413;412;932;411;933;410;934;409;935;408;936;407;937;406;938;939;940;941;942;943;1026;1027;1028;512;944;513;1029;514;515;516;1030;507;517;1031;945;506;518;1032;505;519;504;520;1033;946;503;521;842;1034;502;522;843;947;1035;}944:{1044;1045;1046;1047;1048;1049;492;}962:{1058;1057;1059;64;1056;1062;1063;1064;65;1065;1066;66;1067;1068;67;1069;}963:{53;54;55;56;57;58;59;60;61;62;63;1060;1061;}978:{144;976;143;145;142;146;975;141;147;974;140;148;973;139;149;972;150;971;151;970;152;969;153;968;988;154;967;989;155;966;990;156;965;991;157;240;964;992;241;158;242;243;244;245;963;993;159;246;247;962;994;1074;1073;1075;160;248;1072;1076;1071;1077;1070;1078;249;1079;961;995;1080;161;250;1081;251;1082;48;960;996;49;50;162;51;1083;252;1084;997;163;253;1085;254;998;1086;}996:{1007;336;1008;1009;1010;1011;1012;1013;1014;1015;1016;}999:{337;338;1017;1018;1019;}1002:{317;}1005:{1023;432;1024;433;435;436;437;1025;1113;}1050:{1055;624;625;626;627;628;}1059:{1155;1154;1156;1153;81;82;83;}1084:{1098;1099;1100;1102;1103;352;1104;}1104:{1114;363;1115;364;1116;365;1117;366;1118;367;1119;369;455;456;370;457;458;371;459;372;460;}1142:{1150;1151;640;639;641;1227;}1177:{1183;1193;1194;1195;1196;1197;}1192:{1198;1199;}1251:{1248;}1264:{1265;1266;1261;1267;1260;1268;1259;1269;1258;1270;1257;1271;1256;1272;1255;1273;1254;1274;1253;1252;1251;1250;1249;}1283:{1303;}1303:{1302;1304;1301;1305;1300;1306;1299;1307;1298;1308;1297;1309;1296;1310;383;1295;1311;1294;1312;479;478;1293;1313;1292;1314;1291;1315;1290;1316;1289;1317;1288;1318;1287;1319;1286;1320;1321;1322;1323;}1323:{1324;1325;1326;1327;1341;1342;1343;}1343:{671;670;},68_69_70_167_168_260_261_296_297_298_299_341_342_343_344_710_711_712_819_820_918_919_920_1011_1012_1094_1095_1096_,879-128*0_879-878*0_879-880*0_879-127*0_879-129*0_879-877*0_879-881*0_879-126*0_879-130*0_879-876*0_879-882*0_879-125*0_879-131*0_879-875*0_879-883*0_879-124*0_879-132*0_879-874*0_879-884*0_879-123*0_879-133*0_879-873*0_879-885*0_879-122*0_879-134*0_879-872*0_879-886*0_879-121*0_879-135*0_879-871*0_879-887*0_879-120*0_879-136*0_879-870*0_879-888*0_879-119*0_879-137*0_879-869*0_879-889*0_879-118*0_879-138*0_879-868*0_879-890*0_879-867*0_879-891*0_879-866*0_879-892*0_879-865*0_879-893*0_879-32*0_879-864*0_879-894*0_879-33*0_879-34*0_879-35*0_879-895*0_879-785*0_879-977*0_879-786*0_879-978*0_879-787*0_879-979*0_879-788*0_879-980*0_879-224*0_879-896*0_879-225*0_879-789*0_879-981*0_879-226*0_879-227*0_879-228*0_879-790*0_879-982*0_879-219*0_879-229*0_879-791*0_879-983*0_879-897*0_879-218*0_879-230*0_879-792*0_879-984*0_879-217*0_879-231*0_879-216*0_879-232*0_879-793*0_879-985*0_879-898*0_879-215*0_879-233*0_879-794*0_879-986*0_879-214*0_879-234*0_879-19*0_879-771*0_879-795*0_879-899*0_879-987*0_786-112*1_786-784*1_978-144*1_978-976*1_786-111*1_786-113*1_978-143*1_978-145*1_786-110*1_786-114*1_978-142*1_978-146*1_786-783*1_978-975*1_786-109*1_786-115*1_978-141*1_978-147*1_786-782*1_978-974*1_786-108*1_786-116*1_978-140*1_978-148*1_786-781*1_978-973*1_786-107*1_786-117*1_978-139*1_978-149*1_786-780*1_978-972*1_786-106*1_978-150*1_786-779*1_978-971*1_786-105*1_978-151*1_786-778*1_978-970*1_786-104*1_978-152*1_786-777*1_978-969*1_786-103*1_978-153*1_786-776*1_786-796*1_978-968*1_978-988*1_978-154*1_786-775*1_786-797*1_978-967*1_978-989*1_978-155*1_786-774*1_786-798*1_978-966*1_978-990*1_978-156*1_786-773*1_786-799*1_978-965*1_978-991*1_786-99*1_978-157*1_786-208*1_786-772*1_786-800*1_978-240*1_978-964*1_978-992*1_786-209*1_978-241*1_786-98*1_786-210*1_978-158*1_978-242*1_786-211*1_978-243*1_786-212*1_978-244*1_786-213*1_978-245*1_786-801*1_978-963*1_978-993*1_786-97*1_978-159*1_978-246*1_978-247*1_786-690*1_786-770*1_786-802*1_978-962*1_978-994*1_978-1074*1_786-689*1_786-691*1_978-1073*1_978-1075*1_786-96*1_786-688*1_978-160*1_978-248*1_978-1072*1_978-1076*1_786-687*1_978-1071*1_978-1077*1_786-686*1_978-1070*1_978-1078*1_978-249*1_978-1079*1_786-769*1_786-803*1_978-961*1_978-995*1_978-1080*1_978-161*1_978-250*1_978-1081*1_978-251*1_978-1082*1_786-16*1_786-768*1_786-804*1_978-48*1_978-960*1_978-996*1_786-17*1_978-49*1_786-18*1_978-50*1_978-162*1_978-51*1_978-1083*1_786-220*1_978-252*1_978-1084*1_786-805*1_978-997*1_786-221*1_978-163*1_978-253*1_978-1085*1_786-222*1_978-254*1_786-806*1_978-998*1_978-1086*1_32-31*1_32-30*1_32-29*1_32-28*1_32-36*1_32-27*1_32-37*1_226-223*1_32-26*1_32-38*1_226-900*1_32-25*1_32-39*1_226-901*1_32-24*1_32-40*1_226-902*1_32-23*1_32-41*1_226-903*1_32-22*1_32-42*1_226-904*1_32-21*1_32-43*1_226-235*1_226-905*1_32-20*1_32-44*1_226-236*1_226-906*1_32-45*1_226-237*1_226-907*1_32-46*1_226-238*1_226-908*1_32-47*1_226-239*1_226-909*1_226-910*1_32-15*1_226-911*1_226-999*1_32-14*1_226-322*1_226-321*1_226-323*1_226-320*1_226-324*1_226-912*1_226-1000*1_226-319*1_226-325*1_226-318*1_226-326*1_226-1001*1_226-327*1_32-13*1_226-328*1_226-913*1_226-1002*1_226-329*1_226-1003*1_32-12*1_32-52*1_226-330*1_226-914*1_226-331*1_226-1004*1_226-332*1_226-207*1_226-915*1_226-1005*1_226-333*1_226-1006*1_226-206*1_226-334*1_996-1007*2_996-336*2_996-1008*2_996-1009*2_996-1010*2_996-1011*2_996-1012*2_996-1013*2_996-1014*2_996-1015*2_996-1016*2_768-11*2_768-10*2_768-9*2_768-8*2_768-7*2_768-6*2_768-5*2_768-4*2_768-3*2_768-2*2_768-1*2_768-0*2_768-672*2_768-673*2_768-674*2_768-675*2_162-164*2_963-53*2_805-807*2_162-165*2_963-54*2_805-808*2_162-166*2_963-55*2_805-809*2_162-167*2_963-56*2_805-810*2_162-168*2_963-57*2_805-205*2_805-811*2_162-169*2_805-204*2_963-58*2_805-812*2_805-203*2_162-170*2_963-59*2_805-202*2_805-813*2_162-171*2_963-60*2_805-201*2_805-814*2_162-172*2_963-61*2_805-815*2_162-173*2_963-62*2_805-304*2_805-816*2_162-174*2_963-63*2_805-817*2_963-1060*2_963-1061*2_162-175*2_805-818*2_162-176*2_162-1168*2_162-1169*2_162-1170*2_162-1171*2_162-1172*2_805-195*2_162-1173*2_805-819*2_162-177*2_162-1087*2_162-1174*2_162-1175*2_805-194*2_805-820*2_162-178*2_162-1176*2_162-261*2_162-262*2_162-1177*2_805-193*2_162-263*2_805-821*2_162-179*2_805-707*2_162-264*2_805-706*2_162-1178*2_805-705*2_162-265*2_805-192*2_805-704*2_162-1179*2_162-266*2_805-822*2_805-703*2_162-180*2_162-267*2_805-702*2_162-1180*2_805-701*2_162-268*2_805-823*2_162-181*2_162-1181*2_334-434*2_805-700*2_162-269*2_162-1182*2_805-824*2_162-182*2_162-270*2_332-313*2_334-1105*2_334-1106*2_805-825*2_334-1101*2_334-1107*2_334-1108*2_334-1109*2_332-312*2_334-1110*2_334-353*2_334-1111*2_334-441*2_334-1112*2_334-354*2_334-442*2_240-1092*2_240-1093*2_240-1094*2_240-1095*2_999-337*3_999-338*3_999-1017*3_999-1018*3_999-1019*3_249-255*2_249-256*2_249-1088*2_249-1089*2_249-1090*2_249-1091*2_249-257*2_249-258*2_249-259*2_249-260*2_962-1058*2_962-1057*2_962-1059*2_962-64*2_962-1056*2_962-1062*2_962-1063*2_962-1064*2_962-65*2_962-1065*2_962-1066*2_962-66*2_962-1067*2_962-1068*2_962-67*2_962-1069*2_169-1167*3_169-1166*3_169-1165*3_169-1164*3_169-1163*3_60-68*3_60-69*3_60-70*3_60-71*3_169-183*3_60-72*3_821-826*3_169-184*3_821-303*3_821-305*3_60-73*3_821-302*3_821-306*3_821-301*3_821-307*3_821-827*3_169-185*3_60-74*3_821-300*3_821-308*3_821-828*3_821-299*3_821-309*3_169-186*3_60-75*3_821-298*3_821-310*3_821-829*3_169-187*3_60-76*3_821-297*3_821-311*3_821-830*3_169-188*3_60-77*3_821-831*3_169-189*3_60-78*3_821-400*3_821-832*3_60-79*3_821-833*3_60-80*3_60-1152*3_821-834*3_821-291*3_821-835*3_821-290*3_821-836*3_821-289*3_821-837*3_821-723*3_821-722*3_821-721*3_821-288*3_821-720*3_821-838*3_821-719*3_821-718*3_821-717*3_821-839*3_821-716*3_821-840*3_821-841*3_254-1096*2_254-1097*2_254-355*2_254-271*2_254-356*2_254-357*2_254-358*2_254-272*2_254-1184*2_254-1185*2_254-1186*2_254-1187*2_254-359*2_254-1188*2_254-1189*2_254-360*2_254-1190*2_254-273*2_254-1191*2_254-361*2_254-1192*2_254-274*2_254-362*2_911-916*2_911-917*2_911-918*2_331-335*2_911-919*2_911-920*2_911-921*2_911-922*2_331-339*2_911-923*2_331-340*2_911-924*2_331-341*2_911-925*2_331-342*2_911-926*2_331-343*2_911-927*2_331-344*2_911-416*2_911-928*2_911-417*2_911-418*2_331-345*2_911-419*2_911-420*2_911-421*2_911-929*2_911-422*2_331-346*2_911-423*2_911-424*2_911-930*2_331-347*2_911-425*2_219-879*2_911-426*2_911-931*2_331-348*2_219-200*2_331-349*2_219-199*2_331-350*2_331-438*2_331-351*2_331-415*2_331-439*2_1059-1155*3_1059-1154*3_1059-1156*3_1059-1153*3_1059-81*3_1059-82*3_1059-83*3_1177-1183*3_1177-1193*3_1177-1194*3_262-280*3_1177-1195*3_262-281*3_1177-1196*3_262-282*3_1177-1197*3_71-84*4_71-85*4_71-86*4_71-87*4_71-88*4_71-89*4_71-90*4_71-91*4_1005-1023*3_1005-432*3_1005-1024*3_1005-433*3_1005-435*3_1005-436*3_1005-437*3_1005-1025*3_1005-1113*3_675-676*3_675-677*3_675-678*3_675-679*3_675-680*3_675-681*3_675-682*3_675-683*3_675-684*3_675-685*3_675-100*3_675-101*3_675-102*3_675-692*3_675-693*3_675-694*3_675-695*3_322-316*2_322-315*2_322-314*2_322-414*2_322-427*2_322-428*2_322-429*2_322-430*2_1084-1098*3_1084-1099*3_1084-1100*3_1084-1102*3_1084-1103*3_1084-352*3_1084-1104*3_206-198*3_206-197*3_206-196*3_927-413*3_927-412*3_927-932*3_927-411*3_927-933*3_927-410*3_927-934*3_927-409*3_927-935*3_927-408*3_927-936*3_927-407*3_927-937*3_927-406*3_927-938*3_927-939*3_927-940*3_927-941*3_927-942*3_927-943*3_927-1026*3_927-1027*3_927-1028*3_927-512*3_927-944*3_927-513*3_927-1029*3_927-514*3_927-515*3_927-516*3_927-1030*3_927-507*3_927-517*3_927-1031*3_927-945*3_927-506*3_927-518*3_927-1032*3_927-505*3_927-519*3_927-504*3_927-520*3_927-1033*3_927-946*3_927-503*3_927-521*3_927-842*3_927-1034*3_927-502*3_927-522*3_927-843*3_927-947*3_927-1035*3_281-279*4_281-283*4_281-278*4_281-284*4_281-277*4_281-285*4_281-276*4_281-286*4_281-275*4_281-287*4_281-1280*4_281-1279*4_281-1281*4_281-1278*4_281-1282*4_281-1277*4_281-1283*4_281-1276*4_281-1284*4_281-1275*4_281-1285*4_281-1263*4_281-1262*4_434-1022*4_434-431*4_434-1021*4_434-1020*4_434-440*4_434-443*4_434-444*4_434-445*4_434-446*4_434-1036*4_434-447*4_434-1037*4_434-448*4_434-1120*4_434-1121*4_434-1038*4_434-1122*4_434-1123*4_434-1124*4_434-1125*4_434-449*4_434-1039*4_434-1126*4_434-1127*4_434-450*4_434-530*4_434-529*4_434-531*4_434-528*4_434-532*4_434-1040*4_434-1128*4_434-527*4_434-533*4_434-526*4_434-534*4_434-1129*4_434-535*4_434-451*4_434-536*4_434-1041*4_434-1130*4_434-537*4_434-1131*4_434-538*4_434-452*4_434-1042*4_434-539*4_434-1132*4_434-540*4_434-453*4_434-1043*4_434-1133*4_434-541*4_434-1134*4_434-454*4_434-542*4_1104-1114*4_1104-363*4_1104-1115*4_1104-364*4_1104-1116*4_1104-365*4_1104-1117*4_1104-366*4_1104-1118*4_1104-367*4_1104-1119*4_1104-369*4_1104-455*4_1104-456*4_1104-370*4_1104-457*4_1104-458*4_1104-371*4_1104-459*4_1104-372*4_1104-460*4_172-1162*4_172-1161*4_172-190*4_172-191*4_172-1264*4_1192-1198*4_719-715*4_719-292*4_1192-1199*4_719-714*4_719-724*4_719-293*4_719-713*4_719-725*4_719-294*4_719-712*4_719-726*4_719-295*4_719-711*4_719-727*4_719-296*4_719-710*4_719-728*4_719-709*4_719-729*4_719-708*4_719-730*4_719-731*4_719-732*4_719-733*4_719-734*4_719-735*4_719-388*4_719-389*4_719-390*4_719-391*4_719-392*4_719-393*4_719-394*4_719-699*4_416-405*3_416-404*3_416-399*3_416-398*3_416-397*3_416-523*3_416-396*3_416-524*3_416-948*3_840-844*4_840-845*4_840-846*4_840-847*4_840-496*4_840-848*4_840-495*4_840-497*4_840-494*4_840-498*4_840-493*4_840-499*4_840-849*4_840-850*4_840-851*4_840-852*4_840-853*4_840-854*4_840-855*4_840-856*4_840-857*4_840-858*4_840-859*4_840-860*4_529-1141*5_529-623*5_529-1142*5_529-629*5_529-1143*5_529-630*5_529-1144*5_529-631*5_529-632*5_529-1145*5_529-633*5_529-1146*5_529-634*5_529-1147*5_529-635*5_529-548*5_529-1148*5_527-508*5_529-636*5_529-1149*5_529-549*5_529-637*5_1002-317*4_362-368*5_362-1200*5_362-1201*5_362-1202*5_362-1203*5_362-1204*5_362-1205*5_362-1206*5_362-373*5_362-374*5_362-375*5_362-376*5_362-377*5_362-378*5_362-379*5_362-380*5_362-381*5_362-382*5_1264-1265*5_1264-1266*5_1264-1261*5_1264-1267*5_1264-1260*5_1264-1268*5_1264-1259*5_1264-1269*5_1264-1258*5_1264-1270*5_1264-1257*5_1264-1271*5_1264-1256*5_1264-1272*5_1264-1255*5_1264-1273*5_1264-1254*5_1264-1274*5_1264-1253*5_1264-1252*5_1264-1251*5_1264-1250*5_1264-1249*5_835-401*4_835-402*4_835-403*4_835-395*4_835-387*4_835-386*4_835-385*4_835-739*4_835-738*4_835-737*4_835-384*4_835-736*4_76-1157*5_76-1158*5_76-1159*5_76-1160*5_76-92*5_76-93*5_96-696*5_76-94*5_96-697*5_76-95*5_96-698*5_519-949*4_519-603*4_859-861*5_859-862*5_859-863*5_859-592*5_859-591*5_859-593*5_859-590*5_859-594*5_859-589*5_859-595*5_859-588*5_859-596*5_859-587*5_859-597*5_859-586*5_859-598*5_859-585*5_859-599*5_859-483*5_859-482*5_859-755*5_859-754*5_859-481*5_859-753*5_859-480*5_859-752*5_859-751*5_541-543*5_541-544*5_541-1136*5_541-1135*5_541-1137*5_541-1138*5_541-545*5_541-1139*5_541-546*5_541-1140*5_541-547*5_541-550*5_541-551*5_541-552*5_541-553*5_541-554*5_541-555*5_541-556*5_541-557*5_541-558*5_541-643*5_541-644*5_541-645*5_541-559*5_541-646*5_541-647*5_541-560*5_541-1232*5_541-1233*5_541-1234*5_541-1235*5_541-648*5_541-1236*5_541-1237*5_541-1238*5_541-561*5_541-649*5_514-511*4_514-510*4_514-509*4_514-950*4_514-951*4_514-952*4_514-953*4_514-954*4_514-525*4_514-955*4_514-956*4_514-501*4_514-957*4_514-500*4_514-958*4_514-959*4_514-610*4_514-609*4_514-611*4_514-608*4_514-612*4_514-607*4_514-613*4_514-606*4_514-614*4_514-615*4_514-616*4_514-1050*4_514-617*4_514-1051*4_514-618*4_514-619*4_514-1052*4_514-620*4_514-1053*4_514-621*4_514-1054*4_514-622*4_1283-1303*6_944-1044*4_944-1045*4_944-1046*4_944-1047*4_944-1048*4_944-1049*4_944-492*4_1142-1150*6_1142-1151*6_1142-640*6_1142-639*6_1142-641*6_1142-1227*6_1050-1055*5_1050-624*5_1050-625*5_1050-626*5_1050-627*5_1050-628*5_386-745*5_386-746*5_386-747*5_386-748*5_386-749*5_386-750*5_386-484*5_386-485*5_386-486*5_386-487*5_386-488*5_386-489*5_386-490*5_386-491*5_1251-1248*6_1303-1302*7_1303-1304*7_1303-1301*7_1303-1305*7_1303-1300*7_1303-1306*7_1303-1299*7_1303-1307*7_1303-1298*7_1303-1308*7_1303-1297*7_1303-1309*7_1303-1296*7_1303-1310*7_1303-383*7_1303-1295*7_1303-1311*7_1303-1294*7_1303-1312*7_1303-479*7_1303-478*7_1303-1293*7_1303-1313*7_1303-1292*7_1303-1314*7_1303-1291*7_1303-1315*7_1303-1290*7_1303-1316*7_1303-1289*7_1303-1317*7_1303-1288*7_1303-1318*7_1303-1287*7_1303-1319*7_1303-1286*7_1303-1320*7_1303-1321*7_1303-1322*7_1303-1323*7_560-1231*6_560-562*6_560-1230*6_560-563*6_560-1229*6_560-564*6_560-1228*6_560-565*6_560-566*6_560-1226*6_560-567*6_560-1225*6_560-1239*6_560-568*6_560-1224*6_560-1240*6_560-569*6_560-1223*6_560-1241*6_560-570*6_560-1222*6_560-1242*6_560-571*6_560-1221*6_560-1243*6_560-572*6_560-1220*6_560-1244*6_560-573*6_560-1219*6_560-1245*6_560-574*6_560-1218*6_560-1246*6_560-575*6_560-1217*6_560-1247*6_560-464*6_560-656*6_560-1216*6_560-1328*6_560-465*6_560-657*6_560-1329*6_560-466*6_560-658*6_560-1330*6_560-467*6_560-659*6_560-1331*6_560-660*6_560-1332*6_560-661*6_560-1333*6_560-1215*6_560-662*6_560-1334*6_560-663*6_560-1335*6_560-664*6_560-1336*6_560-1214*6_560-665*6_560-1337*6_560-666*6_560-1338*6_560-1213*6_560-667*6_560-1339*6_560-668*6_560-1212*6_560-1340*6_613-605*5_613-604*5_613-602*5_613-601*5_613-600*5_751-756*6_751-757*6_751-744*6_751-758*6_751-743*6_751-759*6_751-742*6_751-760*6_751-741*6_751-761*6_751-740*6_751-762*6_751-763*6_751-764*6_751-765*6_751-766*6_751-767*6_458-461*5_458-462*5_458-463*5_458-1211*5_458-1210*5_458-468*5_458-469*5_458-470*5_458-471*5_458-472*5_458-473*5_458-474*5_458-475*5_458-476*5_458-477*5_1323-1324*8_1323-1325*8_1323-1326*8_1323-1327*8_1323-1341*8_1323-1342*8_1323-1343*8_625-638*6_625-642*6_630-650*6_586-584*6_586-583*6_586-582*6_586-581*6_586-580*6_586-579*6_586-578*6_586-577*6_586-576*6_354-1207*7_354-1208*7_354-1209*7_643-651*7_643-652*7_643-653*7_643-654*7_643-655*7_1343-671*9_1343-670*9_668-669*7_
