"id","Scenario","Actual Range","Protocol","Buildings","Total nodes","Nodes on circ","Total coverage","Coverage on circ","Alert received mean time","Hops","Slots","Messages sent","Messages received", "Starting x", "Starting y","Starting node", "Vehicle distance", "Received node ids", "Node ids", "Transmission map", "Received on circ nodes", "Transmission vector"
0,1,100,500,0,2396,55,2205,48,3.43467e+06,18.9375,3457.5,384,2205,2110.65,2469.66,435,15,424_447_413_458_402_857_469_846_480_391_835_491_380_824_1090_369_502_813_1079_513_524_613_435_1068_1057_358_802_1046_347_535_546_558_569_580_591_602_2063_2174_1952_2285_2_624_635_646_657_669_680_780_1035_1024_1171_1013_1170_1002_1168_990_1167_1166_968_113_224_269_258_280_247_291_236_1841_302_1730_225_1619_313_213_1112_1_979_957_946_935_1561_1559_336_1558_1560_1562_1563_1565_1566_1567_1602_791_768_757_746_735_724_0_202_191_713_1177_702_1176_691_1175_1169_868_879_891_169_1165_1568_1164_1569_1163_1570_1162_688_1161_1607_687_1606_1605_1160_324_1604_1603_638_1601_637_636_1600_634_1599_686_1598_631_1596_1158_1147_1174_1136_1173_1114_1172_1101_1125_692_924_913_902_1557_1556_1555_1347_1554_180_158_147_136_557_1291_446_125_1258_114_1202_1336_1324_1546_1313_1535_1302_1524_630_632_629_639_628_640_633_641_627_663_642_626_664_643_690_689_679_1513_1611_1502_1610_1491_1609_1480_1469_102_91_80_1180_335_69_1191_58_625_623_536_530_531_617_532_1181_618_1182_533_1183_1458_1447_1435_1424_1590_1413_1595_620_619_1594_1593_1592_1591_678_681_677_676_675_693_674_673_644_645_647_648_649_650_651_1179_1280_1269_1247_672_529_528_527_534_1184_526_525_523_522_521_520_519_652_653_1236_1225_1213_1358_1369_1380_1402_1391_1588_2097_2086_2075_2064_2052_1579_1580_2041_1581_2030_1582_1583_1584_1585_1178_1185_1186_1187_1188_1189_658_660_1190_662_661_1192_1193_659_1587_1612_654_655_656_1157_1156_1155_1154_671_670_667_666_665_694_695_696_1194_1195_1196_1197_241_242_2019_2008_1997_1986_1975_1964_1613_1572_1589_697_698_699_700_701_703_740_739_738_737_736_1153_1152_1151_1150_1149_766_763_762_764_761_765_767_760_244_759_734_733_732_731_730_728_518_1625_1953_1624_1941_2319_1623_1930_1622_2308_1919_1616_1614_2297_1617_1577_1897_729_727_726_725_723_705_1908_2286_1578_2274_1576_1886_1574_240_239_238_237_235_601_600_603_599_537_517_516_515_579_578_514_577_512_722_721_720_708_307_306_719_305_718_304_717_303_716_301_715_714_1138_1139_758_1140_1141_1142_576_575_511_574_560_300_299_510_509_505_506_507_508_622_234_233_604_232_605_231_606_607_584_1615_1618_1621_230_229_228_243_227_226_223_621_495_494_1627_493_1626_492_2263_2252_2108_1143_1144_1145_1146_1148_246_245_248_249_221_222_798_321_220_496_497_2333_2334_483_797_775_776_774_777_773_778_772_781_771_794_770_769_782_783_784_785_786_787_795_805_801_806_800_298_297_296_295_753_752_294_751_750_744_741_2335_2332_2331_482_2067_2066_2068_481_479_2325_1540_2326_2065_478_2003_2062_1539_1538_477_1537_2002_2327_2001_2328_2061_2000_2329_2060_1640_1639_2059_2050_2058_2317_2051_2324_2316_1634_2119_2130_2141_2152_2163_2175_1664_1675_2197_1630_1638_1536_1534_1533_486_485_490_1549_2186_1550_1551_2208_1552_2053_2315_2323_293_292_290_749_289_799_748_747_288_745_803_287_219_218_217_322_216_215_214_1137_212_1135_211_612_614_608_210_616_615_209_208_207_611_1134_206_610_1127_1126_1129_205_1130_1629_1632_1628_1633_1635_1636_1637_1198_484_1199_487_1200_488_1201_465_466_467_489_464_1203_468_463_1204_2183_204_596_595_594_203_593_201_592_1121_1122_1119_1123_756_755_754_1118_1120_1117_1116_1115_1111_1124_1110_1109_2054_2055_2026_2027_2049_2056_2025_2028_2057_2024_2048_2029_2004_2005_2006_1108_910_326_909_325_908_323_2241_1643_1641_2230_1649_1644_1647_1645_1646_1648_2219_1650_1654_1652_1651_1773_200_156_157_159_160_804_808_2031_2047_2046_2032_2045_2033_2044_2034_2093_2092_2035_2043_2010_2036_2009_2011_2007_2012_2182_2181_2180_2184_2179_2185_2318_585_583_586_582_581_587_588_555_554_589_597_553_590_168_170_598_171_167_172_166_573_165_173_572_164_571_174_570_163_552_333_332_329_2042_2037_2091_2040_2090_2038_2089_2013_2039_1205_1206_1207_472_473_471_474_470_1208_475_1209_1210_1212_1216_476_2177_1750_1751_1752_1749_1450_2023_1448_2178_2187_2176_2188_2173_712_711_710_709_1133_1132_1131_904_1128_903_251_250_252_253_254_255_256_351_257_1217_1218_1219_1211_1214_1220_1215_1221_461_2357_2358_1222_2359_97_2171_1223_2360_96_98_1226_1748_1449_1747_1746_1445_1745_1655_1656_1657_1658_1659_788_789_807_155_161_154_350_320_259_260_349_319_793_348_318_792_2322_2321_2069_2070_1786_1742_1731_1753_1719_1797_1708_1697_1808_1764_1777_1775_1776_1774_1778_1779_1988_1989_1987_1990_1780_1992_1819_1830_1842_1686_1781_809_810_811_812_796_153_144_143_146_152_1660_1661_1982_1983_1981_1980_1662_1979_1984_1663_1978_1985_1665_1977_1666_1667_1227_1228_1229_1242_1230_90_2368_88_94_1231_814_815_816_831_832_817_818_819_820_790_821_822_834_823_162_327_331_1782_1783_1784_1994_1838_1993_1837_1995_1836_1835_1996_95_93_2169_2168_92_2170_2167_2166_89_2165_2162_2164_2157_2071_2072_2073_2074_2076_2189_2077_2190_2078_2079_2191_2085_2084_2087_328_2014_2172_825_826_827_317_330_175_176_177_2320_1991_1856_1854_1998_2192_2193_2194_2195_901_1744_1754_1733_1755_1732_1756_1743_1757_1741_1758_1740_1759_1693_1241_1243_1244_2370_1245_2369_1246_2371_1248_2367_2372_1249_2366_2373_1232_1250_2365_1233_2375_1692_1690_1689_1545_1834_1833_1999_1848_1849_1850_1847_1846_1851_1845_1844_1859_1843_1860_1840_1870_1839_1869_1920_1868_1867_1852_1866_316_315_314_312_311_310_433_151_150_149_148_2382_1668_1669_1858_1670_1857_1671_1771_1672_1855_1772_1673_1974_145_2381_2380_2379_1674_1676_1769_1677_1678_1770_1949_1679_1948_1680_1915_1971_1970_1972_1681_1969_1861_1914_1973_1968_1946_1976_1967_1865_1863_1862_1871_1916_1938_1872_1873_1913_1937_1900_1901_833_286_285_284_283_282_281_279_87_86_85_2156_2155_2158_828_829_830_262_263_261_264_887_265_886_308_836_267_839_1898_2154_2153_2151_2150_2159_2149_2160_2148_2161_2110_2107_2083_2082_2081_2088_2080_2209_2210_1441_1440_309_352_353_266_885_884_883_840_841_842_268_838_882_837_844_843_845_847_848_849_270_271_850_272_851_871_866_865_1947_1945_1944_1943_1966_1965_1963_1902_1961_1903_1439_1442_2211_1434_2212_1433_1443_2213_1432_1444_2214_1431_2215_1430_2216_1429_1737_2015_2016_2017_1683_1917_1874_1918_1876_1924_1923_1925_1922_1832_1926_1921_1877_1899_2217_1428_1427_2218_1682_1684_1685_2021_2020_1687_2018_1688_1962_2022_1927_1831_1928_1829_1929_1931_1817_1818_1816_1820_1932_1821_1815_1814_1933_1823_1960_1959_1958_1691_1957_1694_1695_1956_1696_1698_1822_1824_1825_1826_1827_1828_1934_1893_1544_1547_1543_1548_181_1542_179_182_178_183_1541_2354_2355_2353_2196_2198_2199_2200_2201_2202_2203_2094_2206_1904_1905_1906_1907_1909_1878_852_881_880_878_1910_1911_1912_1879_1888_1699_1700_1765_1701_1766_1702_1763_1767_1768_1762_1703_1955_1761_1704_1760_1251_2376_1252_937_936_430_429_431_428_432_934_434_385_1527_1526_1705_1525_1706_1523_1528_1522_1529_1707_1521_1520_2204_1426_1425_1739_1423_1738_1422_1436_1437_1736_1438_1735_1720_1723_2147_2146_2145_2112_2144_1253_1254_1255_1256_1257_1234_1237_2384_5_2395_6_7_1519_1530_1415_1531_1532_1414_1412_1411_1410_1409_1408_1407_1406_1709_1712_1235_1238_1239_1240_1259_9_11_1803_1804_1805_1806_1935_1936_1892_1891_1890_1894_1889_1895_1896_1884_1724_1284_4_2394_2393_99_2392_8_100_2391_101_2390_2388_1887_1885_1939_1940_1942_1883_1881_1882_1880_346_905_345_906_344_907_343_436_103_104_105_457_106_459_107_460_1080_1078_1081_108_1073_1083_1082_1084_1076_1071_1086_1072_427_1085_426_1070_425_1069_1087_1075_1074_1088_1066_1077_1065_1954_1951_1950_2205_2207_2101_2100_2102_2099_2103_2098_2104_2096_2105_2095_864_863_867_869_870_872_274_10_12_13_2109_2111_2106_2113_2114_2115_2236_1064_1063_1062_1061_1060_437_438_439_440_441_2235_2237_2234_2238_2233_2239_2232_2240_2231_2242_2229_1296_1297_1298_1285_1283_1286_1282_1287_1281_1325_1288_1279_1326_1289_1278_1327_1290_1277_2225_2226_2224_1292_384_386_383_387_382_388_389_381_390_392_894_895_1293_1294_2228_1295_1331_1330_2377_2378_1274_2220_2221_1718_1721_1722_1418_1717_1417_1416_1716_1715_1725_1726_1403_1404_1713_1275_1276_1710_1711_1714_2116_2117_2118_2120_2121_2356_2351_2350_2349_2361_2348_2362_1332_1329_1333_1328_1334_1421_1337_1420_1729_1419_1338_1728_1388_1389_1727_1340_442_933_932_931_443_342_930_341_1405_1401_84_15_83_82_16_81_17_79_18_78_896_897_898_899_1397_1393_2143_2142_2140_2139_2138_2137_2123_1339_1341_1342_1385_1343_1382_900_893_892_378_2136_20_2135_19_2134_2133_21_2125_2122_77_75_22_23_24_2132_26_2131_27_2129_28_2127_889_888_877_876_929_2222_2223_875_874_873_2227_74_76_73_72_71_70_68_32_444_445_448_449_928_927_339_340_338_450_337_925_923_1400_1399_1299_1300_1301_1303_1304_1305_1306_1307_1308_1309_2243_2245_67_66_65_34_64_35_31_1310_1311_2246_2247_2244_1350_1349_1314_379_1059_1058_1056_1055_1054_1053_974_972_971_1052_1045_1044_1047_1048_1067_1022_1049_1021_1050_975_976_1051_977_60_926_922_921_920_919_396_397_395_398_394_399_393_400_917_996_978_997_980_998_981_982_967_1344_1383_1381_1384_1392_1390_1394_1395_1396_1387_1351_1348_1352_1346_1353_1345_1354_1355_1356_1372_1373_401_938_939_940_403_941_942_943_354_355_356_357_944_29_30_853_854_855_856_858_33_37_1357_1359_1360_1361_1474_1362_1475_1367_1365_1371_1476_38_39_40_41_1260_359_360_361_999_1000_1003_1015_1004_983_1005_56_57_59_55_54_61_53_62_1261_1262_1263_1264_1265_1266_2267_2266_2269_63_1398_2124_2126_2128_404_405_406_918_407_374_408_373_945_409_916_372_410_1366_1368_1370_1364_1363_1374_1375_1312_1315_1316_1317_1318_1323_1322_1321_1320_2249_42_43_947_948_362_371_368_1319_2253_2254_2251_2255_2250_2256_2257_367_370_949_366_950_365_951_364_952_363_375_953_376_954_377_859_1089_1091_420_421_419_423_422_418_417_1092_416_110_2268_2270_2271_2272_2265_2273_2264_2275_2276_1515_1512_1473_993_995_973_969_966_970_965_415_414_412_2277_2278_2279_2280_1511_1510_2281_1509_2312_1494_1268_2282_1386_1379_1006_1007_1016_1008_2248_2258_1267_1270_1271_1272_1273_411_915_1103_1102_914_1100_1099_1098_52_2314_51_2313_50_48_44_45_46_49_860_2283_2284_2287_2288_2289_1497_1472_1514_1471_1470_1468_1467_1493_1492_1490_1466_1489_2290_2291_2292_2294_1378_1377_1376_1488_1487_1486_1485_1495_1484_1496_1500_1499_1501_1483_1503_1465_1482_2293_2295_2296_2298_2299_2300_2301_2302_2303_2304_2305_955_2306_2307_2309_2310_2311_1504_1464_1505_1506_1009_1010_1011_1030_1029_1031_1028_1012_1032_1027_1033_1026_1034_1507_1508_1518_1517_1516_1481_1014_1025_1041_1036_1042_1479_1478_2259_2260_2261_2262_994_992_991_989_1107_988_1106_987_1105_986_956_959_1020_985_984_960_958_961_1017_962_1018_963_1104_1019_1040_1039_1038_1037_861_862_1023_1043_964_,0_1_2_3_4_5_6_7_8_9_10_11_12_13_14_15_16_17_18_19_20_21_22_23_24_25_26_27_28_29_30_31_32_33_34_35_36_37_38_39_40_41_42_43_44_45_46_47_48_49_50_51_52_53_54_55_56_57_58_59_60_61_62_63_64_65_66_67_68_69_70_71_72_73_74_75_76_77_78_79_80_81_82_83_84_85_86_87_88_89_90_91_92_93_94_95_96_97_98_99_100_101_102_103_104_105_106_107_108_109_110_111_112_113_114_115_116_117_118_119_120_121_122_123_124_125_126_127_128_129_130_131_132_133_134_135_136_137_138_139_140_141_142_143_144_145_146_147_148_149_150_151_152_153_154_155_156_157_158_159_160_161_162_163_164_165_166_167_168_169_170_171_172_173_174_175_176_177_178_179_180_181_182_183_184_185_186_187_188_189_190_191_192_193_194_195_196_197_198_199_200_201_202_203_204_205_206_207_208_209_210_211_212_213_214_215_216_217_218_219_220_221_222_223_224_225_226_227_228_229_230_231_232_233_234_235_236_237_238_239_240_241_242_243_244_245_246_247_248_249_250_251_252_253_254_255_256_257_258_259_260_261_262_263_264_265_266_267_268_269_270_271_272_273_274_275_276_277_278_279_280_281_282_283_284_285_286_287_288_289_290_291_292_293_294_295_296_297_298_299_300_301_302_303_304_305_306_307_308_309_310_311_312_313_314_315_316_317_318_319_320_321_322_323_324_325_326_327_328_329_330_331_332_333_334_335_336_337_338_339_340_341_342_343_344_345_346_347_348_349_350_351_352_353_354_355_356_357_358_359_360_361_362_363_364_365_366_367_368_369_370_371_372_373_374_375_376_377_378_379_380_381_382_383_384_385_386_387_388_389_390_391_392_393_394_395_396_397_398_399_400_401_402_403_404_405_406_407_408_409_410_411_412_413_414_415_416_417_418_419_420_421_422_423_424_425_426_427_428_429_430_431_432_433_434_435_436_437_438_439_440_441_442_443_444_445_446_447_448_449_450_451_452_453_454_455_456_457_458_459_460_461_462_463_464_465_466_467_468_469_470_471_472_473_474_475_476_477_478_479_480_481_482_483_484_485_486_487_488_489_490_491_492_493_494_495_496_497_498_499_500_501_502_503_504_505_506_507_508_509_510_511_512_513_514_515_516_517_518_519_520_521_522_523_524_525_526_527_528_529_530_531_532_533_534_535_536_537_538_539_540_541_542_543_544_545_546_547_548_549_550_551_552_553_554_555_556_557_558_559_560_561_562_563_564_565_566_567_568_569_570_571_572_573_574_575_576_577_578_579_580_581_582_583_584_585_586_587_588_589_590_591_592_593_594_595_596_597_598_599_600_601_602_603_604_605_606_607_608_609_610_611_612_613_614_615_616_617_618_619_620_621_622_623_624_625_626_627_628_629_630_631_632_633_634_635_636_637_638_639_640_641_642_643_644_645_646_647_648_649_650_651_652_653_654_655_656_657_658_659_660_661_662_663_664_665_666_667_668_669_670_671_672_673_674_675_676_677_678_679_680_681_682_683_684_685_686_687_688_689_690_691_692_693_694_695_696_697_698_699_700_701_702_703_704_705_706_707_708_709_710_711_712_713_714_715_716_717_718_719_720_721_722_723_724_725_726_727_728_729_730_731_732_733_734_735_736_737_738_739_740_741_742_743_744_745_746_747_748_749_750_751_752_753_754_755_756_757_758_759_760_761_762_763_764_765_766_767_768_769_770_771_772_773_774_775_776_777_778_779_780_781_782_783_784_785_786_787_788_789_790_791_792_793_794_795_796_797_798_799_800_801_802_803_804_805_806_807_808_809_810_811_812_813_814_815_816_817_818_819_820_821_822_823_824_825_826_827_828_829_830_831_832_833_834_835_836_837_838_839_840_841_842_843_844_845_846_847_848_849_850_851_852_853_854_855_856_857_858_859_860_861_862_863_864_865_866_867_868_869_870_871_872_873_874_875_876_877_878_879_880_881_882_883_884_885_886_887_888_889_890_891_892_893_894_895_896_897_898_899_900_901_902_903_904_905_906_907_908_909_910_911_912_913_914_915_916_917_918_919_920_921_922_923_924_925_926_927_928_929_930_931_932_933_934_935_936_937_938_939_940_941_942_943_944_945_946_947_948_949_950_951_952_953_954_955_956_957_958_959_960_961_962_963_964_965_966_967_968_969_970_971_972_973_974_975_976_977_978_979_980_981_982_983_984_985_986_987_988_989_990_991_992_993_994_995_996_997_998_999_1000_1001_1002_1003_1004_1005_1006_1007_1008_1009_1010_1011_1012_1013_1014_1015_1016_1017_1018_1019_1020_1021_1022_1023_1024_1025_1026_1027_1028_1029_1030_1031_1032_1033_1034_1035_1036_1037_1038_1039_1040_1041_1042_1043_1044_1045_1046_1047_1048_1049_1050_1051_1052_1053_1054_1055_1056_1057_1058_1059_1060_1061_1062_1063_1064_1065_1066_1067_1068_1069_1070_1071_1072_1073_1074_1075_1076_1077_1078_1079_1080_1081_1082_1083_1084_1085_1086_1087_1088_1089_1090_1091_1092_1093_1094_1095_1096_1097_1098_1099_1100_1101_1102_1103_1104_1105_1106_1107_1108_1109_1110_1111_1112_1113_1114_1115_1116_1117_1118_1119_1120_1121_1122_1123_1124_1125_1126_1127_1128_1129_1130_1131_1132_1133_1134_1135_1136_1137_1138_1139_1140_1141_1142_1143_1144_1145_1146_1147_1148_1149_1150_1151_1152_1153_1154_1155_1156_1157_1158_1159_1160_1161_1162_1163_1164_1165_1166_1167_1168_1169_1170_1171_1172_1173_1174_1175_1176_1177_1178_1179_1180_1181_1182_1183_1184_1185_1186_1187_1188_1189_1190_1191_1192_1193_1194_1195_1196_1197_1198_1199_1200_1201_1202_1203_1204_1205_1206_1207_1208_1209_1210_1211_1212_1213_1214_1215_1216_1217_1218_1219_1220_1221_1222_1223_1224_1225_1226_1227_1228_1229_1230_1231_1232_1233_1234_1235_1236_1237_1238_1239_1240_1241_1242_1243_1244_1245_1246_1247_1248_1249_1250_1251_1252_1253_1254_1255_1256_1257_1258_1259_1260_1261_1262_1263_1264_1265_1266_1267_1268_1269_1270_1271_1272_1273_1274_1275_1276_1277_1278_1279_1280_1281_1282_1283_1284_1285_1286_1287_1288_1289_1290_1291_1292_1293_1294_1295_1296_1297_1298_1299_1300_1301_1302_1303_1304_1305_1306_1307_1308_1309_1310_1311_1312_1313_1314_1315_1316_1317_1318_1319_1320_1321_1322_1323_1324_1325_1326_1327_1328_1329_1330_1331_1332_1333_1334_1335_1336_1337_1338_1339_1340_1341_1342_1343_1344_1345_1346_1347_1348_1349_1350_1351_1352_1353_1354_1355_1356_1357_1358_1359_1360_1361_1362_1363_1364_1365_1366_1367_1368_1369_1370_1371_1372_1373_1374_1375_1376_1377_1378_1379_1380_1381_1382_1383_1384_1385_1386_1387_1388_1389_1390_1391_1392_1393_1394_1395_1396_1397_1398_1399_1400_1401_1402_1403_1404_1405_1406_1407_1408_1409_1410_1411_1412_1413_1414_1415_1416_1417_1418_1419_1420_1421_1422_1423_1424_1425_1426_1427_1428_1429_1430_1431_1432_1433_1434_1435_1436_1437_1438_1439_1440_1441_1442_1443_1444_1445_1446_1447_1448_1449_1450_1451_1452_1453_1454_1455_1456_1457_1458_1459_1460_1461_1462_1463_1464_1465_1466_1467_1468_1469_1470_1471_1472_1473_1474_1475_1476_1477_1478_1479_1480_1481_1482_1483_1484_1485_1486_1487_1488_1489_1490_1491_1492_1493_1494_1495_1496_1497_1498_1499_1500_1501_1502_1503_1504_1505_1506_1507_1508_1509_1510_1511_1512_1513_1514_1515_1516_1517_1518_1519_1520_1521_1522_1523_1524_1525_1526_1527_1528_1529_1530_1531_1532_1533_1534_1535_1536_1537_1538_1539_1540_1541_1542_1543_1544_1545_1546_1547_1548_1549_1550_1551_1552_1553_1554_1555_1556_1557_1558_1559_1560_1561_1562_1563_1564_1565_1566_1567_1568_1569_1570_1571_1572_1573_1574_1575_1576_1577_1578_1579_1580_1581_1582_1583_1584_1585_1586_1587_1588_1589_1590_1591_1592_1593_1594_1595_1596_1597_1598_1599_1600_1601_1602_1603_1604_1605_1606_1607_1608_1609_1610_1611_1612_1613_1614_1615_1616_1617_1618_1619_1620_1621_1622_1623_1624_1625_1626_1627_1628_1629_1630_1631_1632_1633_1634_1635_1636_1637_1638_1639_1640_1641_1642_1643_1644_1645_1646_1647_1648_1649_1650_1651_1652_1653_1654_1655_1656_1657_1658_1659_1660_1661_1662_1663_1664_1665_1666_1667_1668_1669_1670_1671_1672_1673_1674_1675_1676_1677_1678_1679_1680_1681_1682_1683_1684_1685_1686_1687_1688_1689_1690_1691_1692_1693_1694_1695_1696_1697_1698_1699_1700_1701_1702_1703_1704_1705_1706_1707_1708_1709_1710_1711_1712_1713_1714_1715_1716_1717_1718_1719_1720_1721_1722_1723_1724_1725_1726_1727_1728_1729_1730_1731_1732_1733_1734_1735_1736_1737_1738_1739_1740_1741_1742_1743_1744_1745_1746_1747_1748_1749_1750_1751_1752_1753_1754_1755_1756_1757_1758_1759_1760_1761_1762_1763_1764_1765_1766_1767_1768_1769_1770_1771_1772_1773_1774_1775_1776_1777_1778_1779_1780_1781_1782_1783_1784_1785_1786_1787_1788_1789_1790_1791_1792_1793_1794_1795_1796_1797_1798_1799_1800_1801_1802_1803_1804_1805_1806_1807_1808_1809_1810_1811_1812_1813_1814_1815_1816_1817_1818_1819_1820_1821_1822_1823_1824_1825_1826_1827_1828_1829_1830_1831_1832_1833_1834_1835_1836_1837_1838_1839_1840_1841_1842_1843_1844_1845_1846_1847_1848_1849_1850_1851_1852_1853_1854_1855_1856_1857_1858_1859_1860_1861_1862_1863_1864_1865_1866_1867_1868_1869_1870_1871_1872_1873_1874_1875_1876_1877_1878_1879_1880_1881_1882_1883_1884_1885_1886_1887_1888_1889_1890_1891_1892_1893_1894_1895_1896_1897_1898_1899_1900_1901_1902_1903_1904_1905_1906_1907_1908_1909_1910_1911_1912_1913_1914_1915_1916_1917_1918_1919_1920_1921_1922_1923_1924_1925_1926_1927_1928_1929_1930_1931_1932_1933_1934_1935_1936_1937_1938_1939_1940_1941_1942_1943_1944_1945_1946_1947_1948_1949_1950_1951_1952_1953_1954_1955_1956_1957_1958_1959_1960_1961_1962_1963_1964_1965_1966_1967_1968_1969_1970_1971_1972_1973_1974_1975_1976_1977_1978_1979_1980_1981_1982_1983_1984_1985_1986_1987_1988_1989_1990_1991_1992_1993_1994_1995_1996_1997_1998_1999_2000_2001_2002_2003_2004_2005_2006_2007_2008_2009_2010_2011_2012_2013_2014_2015_2016_2017_2018_2019_2020_2021_2022_2023_2024_2025_2026_2027_2028_2029_2030_2031_2032_2033_2034_2035_2036_2037_2038_2039_2040_2041_2042_2043_2044_2045_2046_2047_2048_2049_2050_2051_2052_2053_2054_2055_2056_2057_2058_2059_2060_2061_2062_2063_2064_2065_2066_2067_2068_2069_2070_2071_2072_2073_2074_2075_2076_2077_2078_2079_2080_2081_2082_2083_2084_2085_2086_2087_2088_2089_2090_2091_2092_2093_2094_2095_2096_2097_2098_2099_2100_2101_2102_2103_2104_2105_2106_2107_2108_2109_2110_2111_2112_2113_2114_2115_2116_2117_2118_2119_2120_2121_2122_2123_2124_2125_2126_2127_2128_2129_2130_2131_2132_2133_2134_2135_2136_2137_2138_2139_2140_2141_2142_2143_2144_2145_2146_2147_2148_2149_2150_2151_2152_2153_2154_2155_2156_2157_2158_2159_2160_2161_2162_2163_2164_2165_2166_2167_2168_2169_2170_2171_2172_2173_2174_2175_2176_2177_2178_2179_2180_2181_2182_2183_2184_2185_2186_2187_2188_2189_2190_2191_2192_2193_2194_2195_2196_2197_2198_2199_2200_2201_2202_2203_2204_2205_2206_2207_2208_2209_2210_2211_2212_2213_2214_2215_2216_2217_2218_2219_2220_2221_2222_2223_2224_2225_2226_2227_2228_2229_2230_2231_2232_2233_2234_2235_2236_2237_2238_2239_2240_2241_2242_2243_2244_2245_2246_2247_2248_2249_2250_2251_2252_2253_2254_2255_2256_2257_2258_2259_2260_2261_2262_2263_2264_2265_2266_2267_2268_2269_2270_2271_2272_2273_2274_2275_2276_2277_2278_2279_2280_2281_2282_2283_2284_2285_2286_2287_2288_2289_2290_2291_2292_2293_2294_2295_2296_2297_2298_2299_2300_2301_2302_2303_2304_2305_2306_2307_2308_2309_2310_2311_2312_2313_2314_2315_2316_2317_2318_2319_2320_2321_2322_2323_2324_2325_2326_2327_2328_2329_2330_2331_2332_2333_2334_2335_2336_2337_2338_2339_2340_2341_2342_2343_2344_2345_2346_2347_2348_2349_2350_2351_2352_2353_2354_2355_2356_2357_2358_2359_2360_2361_2362_2363_2364_2365_2366_2367_2368_2369_2370_2371_2372_2373_2374_2375_2376_2377_2378_2379_2380_2381_2382_2383_2384_2385_2386_2387_2388_2389_2390_2391_2392_2393_2394_2395_,0:{191;}1:{0;202;}2:{113;224;269;258;280;247;291;236;1841;302;1730;225;1619;313;213;1112;1;}12:{84;15;83;82;16;81;17;79;18;78;}21:{22;23;24;2132;26;2131;27;2129;28;2127;}26:{29;30;}30:{33;37;}35:{38;39;40;41;1260;}38:{42;43;}43:{44;45;46;49;}66:{63;}72:{67;66;65;34;64;35;31;}75:{74;76;73;72;71;70;68;32;}83:{77;75;}92:{87;86;85;2156;2155;2158;}96:{95;93;2169;2168;92;2170;2167;2166;89;2165;2162;2164;2157;}101:{103;104;105;457;106;459;107;460;1080;1078;1081;108;1073;1083;1082;1084;1076;1071;1086;}114:{102;91;80;1180;335;69;1191;58;}146:{145;2381;2380;2379;}155:{151;150;149;148;2382;}162:{328;}165:{162;327;331;}170:{598;171;167;172;166;573;165;173;572;164;571;174;570;163;552;333;332;329;}180:{446;125;1258;114;1202;}191:{180;158;147;136;557;1291;}200:{155;161;154;}203:{200;156;157;159;160;}207:{204;596;595;594;203;593;201;592;1121;1122;1119;1123;}211:{210;616;615;209;208;207;611;1134;206;610;1127;1126;1129;205;1130;}220:{219;218;217;322;216;215;214;1137;212;1135;211;612;614;608;}228:{220;}232:{230;229;228;243;227;226;223;}239:{234;233;604;232;605;231;606;607;584;}242:{240;239;238;237;235;601;600;603;599;}247:{868;879;891;169;}251:{250;252;253;254;255;256;351;257;}255:{350;320;259;260;349;319;793;348;318;792;}263:{266;885;884;883;840;841;842;268;838;882;837;844;}288:{804;808;}299:{298;297;296;295;753;752;294;751;750;744;741;}306:{300;299;}307:{306;719;305;718;304;717;303;716;301;715;714;}316:{309;352;353;}317:{316;315;314;312;311;310;433;}326:{153;144;143;146;152;}328:{1545;}329:{330;175;176;177;}349:{346;905;345;906;344;907;343;436;}353:{937;936;430;429;431;428;432;934;434;385;}354:{359;360;361;}358:{324;}365:{993;995;}368:{367;370;949;366;950;365;951;364;952;363;375;953;376;954;377;}371:{955;}384:{379;}385:{384;386;383;387;382;388;389;381;390;392;894;895;}396:{401;938;939;940;403;941;}401:{404;405;406;918;407;374;408;373;945;409;916;372;410;}402:{435;1068;1057;358;802;1046;347;}407:{411;915;1103;1102;914;1100;1099;1098;}421:{973;969;966;970;965;415;414;412;}430:{929;}435:{424;447;413;458;402;857;469;846;480;391;835;491;380;824;1090;369;502;813;1079;513;524;613;}437:{442;933;932;931;443;342;930;341;}442:{444;445;448;449;928;927;339;340;338;450;337;925;923;}459:{1072;427;1085;426;1070;425;1069;1087;1075;1074;1088;1066;1077;1065;}487:{2182;2181;2180;2184;2179;2185;2318;}490:{1198;484;1199;487;1200;488;1201;465;466;467;489;464;1203;468;463;1204;2183;}492:{496;497;2333;2334;483;}507:{621;495;494;1627;493;1626;492;}511:{510;509;505;506;507;508;622;}513:{535;546;558;569;580;591;}518:{537;517;516;515;579;578;514;577;512;}526:{519;}527:{526;525;523;522;521;520;}536:{529;528;527;534;1184;}537:{576;575;511;}558:{602;2063;2174;1952;2285;2;}575:{574;560;}584:{585;583;586;582;581;587;588;555;554;589;597;553;590;168;170;}613:{624;635;646;657;669;680;780;}626:{625;623;536;530;531;617;532;1181;618;1182;533;1183;}631:{630;632;629;639;628;640;633;641;627;663;642;626;664;643;}643:{644;645;647;648;649;650;651;1179;}644:{652;653;}653:{654;655;656;1157;1156;1155;1154;}672:{671;670;667;666;665;694;695;696;}677:{672;}679:{678;681;677;676;675;693;674;673;}692:{690;689;679;}694:{697;698;699;700;701;703;}701:{740;739;738;737;736;}724:{713;1177;702;1176;691;1175;1169;}727:{722;721;720;708;307;}730:{729;727;726;725;723;705;}736:{734;733;732;731;730;728;}753:{293;292;290;749;289;799;748;747;288;745;803;287;}754:{712;711;710;709;}758:{756;755;754;}763:{1138;1139;758;1140;1141;1142;}781:{782;783;784;785;786;787;795;805;801;806;800;}783:{788;789;807;}798:{797;775;776;774;777;773;778;772;781;771;794;770;769;}802:{791;768;757;746;735;724;}806:{809;810;811;812;796;}808:{814;815;816;831;832;}815:{817;818;819;820;790;821;822;834;823;}820:{825;826;827;317;}827:{828;829;830;262;263;261;264;887;265;886;308;836;267;839;}832:{833;286;285;284;283;282;281;279;}844:{843;845;847;848;849;270;271;850;272;851;871;866;865;}845:{852;881;880;878;}852:{853;854;855;856;858;}860:{861;862;}865:{864;863;867;869;870;872;274;}873:{860;}874:{859;}877:{875;874;873;}892:{889;888;877;876;}894:{896;897;898;899;}897:{900;893;892;378;}907:{437;438;439;440;441;}925:{926;922;921;920;919;396;397;395;398;394;399;393;400;917;}938:{942;943;354;355;356;357;944;}942:{947;948;362;371;368;}946:{924;913;902;1557;1556;1555;1347;1554;}984:{964;}988:{985;984;960;958;961;1017;962;1018;963;1104;}993:{994;992;991;989;1107;988;1106;987;1105;986;956;959;1020;}997:{999;1000;1003;1015;1004;983;1005;}999:{1006;1007;1016;1008;}1002:{979;957;946;935;1561;1559;336;}1007:{1009;1010;1011;1030;1029;1031;1028;1012;1032;1027;1033;1026;1034;}1014:{1023;1043;}1018:{1019;1040;1039;1038;1037;}1022:{996;978;997;980;998;981;982;967;}1029:{1014;1025;1041;1036;1042;}1046:{1035;1024;1171;1013;1170;1002;1168;990;1167;1166;968;}1050:{56;57;59;55;54;61;53;62;}1053:{1052;1045;1044;1047;1048;1067;1022;1049;1021;1050;975;976;1051;977;60;}1060:{1059;1058;1056;1055;1054;1053;974;972;971;}1069:{1064;1063;1062;1061;1060;}1085:{1089;1091;420;421;419;423;422;418;417;1092;416;110;}1115:{1108;910;326;909;325;908;323;}1119:{1118;1120;1117;1116;1115;1111;1124;1110;1109;}1132:{901;}1134:{1133;1132;1131;904;1128;903;251;}1139:{1143;1144;1145;}1143:{1146;1148;246;245;248;249;221;222;798;321;}1150:{766;763;762;764;761;765;767;760;244;759;}1154:{1153;1152;1151;1150;1149;}1174:{1125;692;}1175:{1158;1147;1174;1136;1173;1114;1172;1101;}1181:{1178;1185;1186;1187;1188;1189;658;660;}1187:{1190;662;661;1192;1193;659;}1193:{1194;1195;1196;1197;241;}1194:{242;}1204:{1205;1206;1207;472;473;471;474;470;1208;475;1209;1210;1212;1216;476;2177;}1216:{1217;1218;1219;1211;1214;1220;1215;1221;461;2357;2358;1222;2359;97;2171;}1217:{1223;2360;96;98;1226;}1223:{1227;1228;1229;1242;1230;90;2368;88;94;1231;}1236:{1213;1358;1369;1380;1402;}1237:{1235;1238;1239;1240;1259;9;11;}1239:{10;12;13;}1242:{1241;1243;1244;2370;1245;2369;1246;2371;1248;2367;2372;1249;2366;2373;1232;1250;2365;1233;2375;}1245:{1251;2376;1252;}1251:{1253;1254;1255;1256;1257;1234;1237;2384;5;2395;6;7;}1256:{4;2394;2393;99;2392;8;100;2391;101;2390;2388;}1260:{1261;1262;1263;1264;1265;1266;2267;2266;2269;}1265:{1267;1270;1271;1272;1273;}1270:{52;2314;51;2313;50;48;}1284:{1285;1283;1286;1282;1287;1281;1325;1288;1279;1326;1289;1278;1327;1290;1277;2225;2226;2224;1292;}1287:{1293;1294;2228;1295;1331;1330;}1291:{1236;1225;}1296:{1299;1300;1301;1303;}1303:{1304;1305;1306;1307;1308;1309;2243;2245;}1305:{1310;1311;2246;2247;2244;1350;1349;1314;}1311:{1312;1315;1316;1317;1318;}1313:{1280;1269;1247;}1319:{2248;2258;}1322:{1319;2253;2254;2251;2255;2250;2256;2257;}1331:{1332;1329;1333;1328;1334;1421;1337;1420;1729;1419;1338;1728;1388;1389;1727;1340;}1334:{1339;1341;1342;1385;1343;1382;}1339:{1344;1383;1381;1384;}1350:{1351;1348;1352;1346;1353;1345;1354;1355;1356;1372;1373;}1353:{1357;1359;1360;1361;1474;1362;1475;1367;1365;1371;1476;}1367:{1366;1368;1370;1364;1363;1374;1375;}1369:{2097;2086;2075;2064;2052;1579;1580;}1379:{1378;1377;1376;}1385:{1386;1379;}1396:{1398;}1405:{1400;1399;}1407:{1405;1401;}1412:{1409;1408;1407;1406;1709;1712;}1420:{1392;1390;1394;1395;1396;1387;}1423:{1724;1284;}1427:{1426;1425;1739;1423;1738;1422;1436;1437;1736;1438;1735;1720;1723;}1434:{2217;1428;1427;2218;}1440:{1439;1442;2211;1434;2212;1433;1443;2213;1432;1444;2214;1431;2215;1430;2216;1429;1737;}1458:{1391;1588;}1473:{1472;1514;1471;1470;1468;1467;1493;1492;1490;1466;1489;}1488:{1504;1464;1505;1506;}1489:{1488;1487;1486;1485;1495;1484;1496;1500;1499;1501;1483;1503;1465;1482;}1491:{1458;1447;1435;1424;1590;1413;}1504:{1507;1508;1518;1517;1516;1481;}1507:{1479;1478;}1520:{1519;1530;1415;1531;1532;1414;1412;1411;1410;}1535:{1513;1611;1502;1610;1491;1609;1480;1469;}1537:{1536;1534;1533;486;485;490;}1541:{2377;2378;}1545:{1544;1547;1543;1548;181;1542;179;182;178;183;1541;2354;2355;2353;}1552:{1786;1742;1731;1753;1719;1797;1708;1697;1808;1764;1777;1775;1776;}1557:{1336;1324;1546;1313;1535;1302;1524;}1559:{1558;1560;1562;1563;1565;1566;1567;1602;}1566:{1165;1568;1164;1569;1163;1570;1162;688;1161;1607;687;1606;1605;1160;}1581:{1582;1583;1584;1585;}1582:{518;}1583:{1587;1612;}1588:{1589;}1596:{1595;620;619;1594;1593;1592;1591;}1604:{1596;}1605:{1604;1603;638;1601;637;636;1600;634;1599;686;1598;631;}1612:{1615;1618;1621;}1630:{1629;1632;1628;1633;1635;1636;1637;}1636:{2241;1643;1641;2230;1649;1644;1647;}1644:{1645;1646;1648;2219;1650;1654;1652;1651;1773;}1652:{1655;1656;1657;1658;1659;}1655:{1660;1661;1982;1983;}1660:{1981;1980;1662;1979;1984;1663;1978;1985;1665;1977;1666;1667;}1666:{1668;1669;1858;1670;1857;1671;1771;1672;1855;1772;1673;1974;}1673:{1674;1676;1769;1677;1678;1770;1949;1679;1948;1680;1915;1971;1970;1972;1681;1969;1861;1914;1973;1968;1946;1976;1967;}1691:{1696;1698;}1698:{1699;1700;1765;1701;1766;1702;1763;1767;1768;1762;1703;1955;1761;1704;1760;}1704:{1527;1526;1705;1525;1706;1523;1528;1522;1529;1707;1521;1520;}1706:{1710;1711;1714;}1720:{1718;1721;1722;1418;1717;1417;1416;1716;1715;1725;1726;1403;1404;1713;}1726:{1397;1393;}1742:{1819;1830;1842;1686;1781;}1745:{1744;1754;1733;1755;1732;1756;1743;1757;1741;1758;1740;1759;1693;}1751:{1748;1449;1747;1746;1445;1745;}1754:{1692;1690;1689;}1768:{1954;1951;1950;}1773:{1774;1778;1779;1988;1989;1987;1990;1780;1992;}1781:{1782;1783;1784;1994;1838;1993;1837;1995;1836;1835;1996;}1823:{1822;1824;1825;1826;1827;1828;1934;1893;}1836:{1834;1833;1999;1848;1849;1850;1847;1846;1851;}1844:{1803;1804;1805;1806;}1846:{1845;1844;1859;1843;1860;1840;1870;1839;1869;1920;1868;1867;1852;1866;}1862:{1898;}1866:{1865;1863;1862;1871;1916;1938;1872;1873;1913;1937;1900;1901;}1889:{1882;1880;}1902:{1904;1905;1906;1907;1909;1878;}1905:{1910;1911;1912;1879;1888;}1910:{1887;1885;1939;1940;1942;1883;1881;}1925:{1927;1831;1928;1829;1929;1931;1817;1818;1816;1820;1932;1821;1815;1814;1933;1823;}1934:{1935;1936;1892;1891;1890;1894;1889;1895;1896;1884;}1937:{1917;1874;1918;1876;1924;1923;1925;1922;1832;1926;1921;1877;1899;}1941:{1908;2286;1578;2274;1576;1886;1574;}1948:{1947;1945;1944;1943;1966;1965;1963;1902;1961;1903;}1963:{1960;1959;1958;1691;1957;1694;1695;1956;}1968:{1682;1684;1685;2021;2020;1687;2018;1688;1962;2022;}1974:{2015;2016;2017;1683;}1989:{1991;1856;1854;1998;}1997:{1625;1953;1624;1941;2319;1623;1930;1622;2308;1919;1616;1614;2297;1617;1577;1897;}2003:{2002;2327;2001;2328;2061;2000;2329;2060;1640;1639;2059;2050;2058;2317;2051;2324;2316;1634;}2025:{2014;}2029:{2031;2047;2046;2032;2045;2033;2044;2034;2093;2092;2035;2043;2010;2036;2009;2011;2007;2012;}2030:{2019;2008;1997;1986;1975;1964;1613;1572;}2042:{1750;1751;1752;1749;1450;2023;1448;}2045:{2042;2037;2091;2040;2090;2038;2089;2013;2039;}2053:{2054;2055;2026;2027;2049;2056;2025;2028;2057;2024;2048;2029;2004;2005;2006;}2057:{2069;2070;}2070:{2071;2072;2073;2074;2076;2189;2077;2190;2078;2079;2191;2085;2084;2087;}2084:{2083;2082;2081;2088;2080;2209;2210;1441;1440;}2094:{1274;2220;2221;}2097:{2041;1581;2030;}2101:{1275;1276;}2108:{2119;2130;2141;2152;2163;2175;1664;1675;2197;}2110:{2109;2111;2106;2113;2114;2115;2236;}2114:{2116;2117;2118;2120;2121;}2122:{2124;2126;2128;}2124:{1323;1322;1321;1320;2249;}2140:{2136;20;2135;19;2134;2133;21;2125;2122;}2141:{1549;2186;1550;1551;2208;1552;}2144:{2143;2142;2140;2139;2138;2137;2123;}2151:{2147;2146;2145;2112;2144;}2155:{2154;2153;2151;2150;2159;2149;2160;2148;2161;2110;2107;}2166:{2204;}2173:{2172;}2181:{2178;2187;2176;2188;2173;}2188:{2192;2193;2194;2195;}2195:{2196;2198;2199;2200;2201;2202;2203;2094;2206;}2204:{2205;2207;2101;2100;2102;2099;2103;2098;2104;2096;2105;2095;}2217:{2222;2223;}2223:{2227;}2236:{2235;2237;2234;2238;2233;2239;2232;2240;2231;2242;2229;1296;1297;1298;}2252:{1630;1638;}2258:{2259;2260;2261;2262;}2269:{2268;2270;2271;2272;2265;2273;2264;2275;2276;1515;1512;1473;}2276:{2277;2278;2279;2280;1511;1510;2281;1509;2312;1494;1268;2282;}2281:{2283;2284;2287;2288;2289;1497;}2284:{2290;2291;2292;2294;}2286:{2263;2252;2108;}2294:{2293;2295;2296;2298;2299;2300;}2299:{2301;2302;2303;2304;2305;}2304:{2306;2307;2309;2310;2311;}2315:{2322;2321;}2321:{2320;}2328:{2053;2315;2323;}2334:{2335;2332;2331;482;2067;2066;2068;481;479;2325;1540;2326;2065;478;2003;2062;}2335:{1539;1538;477;1537;}2355:{2356;2351;2350;2349;2361;2348;2362;},166_167_174_175_176_220_221_300_301_333_464_588_589_610_611_771_772_1144_1145_1536_1537_1538_1539_1651_1652_1654_1655_1656_1833_1834_1835_1836_1837_1838_1985_1987_1988_1989_1990_1991_1992_1993_1994_1995_2060_2061_2328_2329_,435-424*0_435-447*0_435-413*0_435-458*0_435-402*0_435-857*0_435-469*0_435-846*0_435-480*0_435-391*0_435-835*0_435-491*0_435-380*0_435-824*0_435-1090*0_435-369*0_435-502*0_435-813*0_435-1079*0_435-513*0_435-524*0_435-613*0_402-435*1_402-1068*1_402-1057*1_402-358*1_402-802*1_402-1046*1_402-347*1_513-535*1_513-546*1_513-558*1_513-569*1_513-580*1_513-591*1_558-602*2_558-2063*2_558-2174*2_558-1952*2_558-2285*2_558-2*2_613-624*1_613-635*1_613-646*1_613-657*1_613-669*1_613-680*1_613-780*1_1046-1035*2_1046-1024*2_1046-1171*2_1046-1013*2_1046-1170*2_1046-1002*2_1046-1168*2_1046-990*2_1046-1167*2_1046-1166*2_1046-968*2_2-113*3_2-224*3_2-269*3_2-258*3_2-280*3_2-247*3_2-291*3_2-236*3_2-1841*3_2-302*3_2-1730*3_2-225*3_2-1619*3_2-313*3_2-213*3_2-1112*3_2-1*3_1002-979*3_1002-957*3_1002-946*3_1002-935*3_1002-1561*3_1002-1559*3_1002-336*3_1559-1558*4_1559-1560*4_1559-1562*4_1559-1563*4_1559-1565*4_1559-1566*4_1559-1567*4_1559-1602*4_802-791*2_802-768*2_802-757*2_802-746*2_802-735*2_802-724*2_1-0*4_1-202*4_0-191*5_724-713*3_724-1177*3_724-702*3_724-1176*3_724-691*3_724-1175*3_724-1169*3_247-868*4_247-879*4_247-891*4_247-169*4_1566-1165*5_1566-1568*5_1566-1164*5_1566-1569*5_1566-1163*5_1566-1570*5_1566-1162*5_1566-688*5_1566-1161*5_1566-1607*5_1566-687*5_1566-1606*5_1566-1605*5_1566-1160*5_358-324*2_1605-1604*6_1605-1603*6_1605-638*6_1605-1601*6_1605-637*6_1605-636*6_1605-1600*6_1605-634*6_1605-1599*6_1605-686*6_1605-1598*6_1605-631*6_1604-1596*7_1175-1158*4_1175-1147*4_1175-1174*4_1175-1136*4_1175-1173*4_1175-1114*4_1175-1172*4_1175-1101*4_1174-1125*5_1174-692*5_946-924*4_946-913*4_946-902*4_946-1557*4_946-1556*4_946-1555*4_946-1347*4_946-1554*4_191-180*6_191-158*6_191-147*6_191-136*6_191-557*6_191-1291*6_180-446*7_180-125*7_180-1258*7_180-114*7_180-1202*7_1557-1336*5_1557-1324*5_1557-1546*5_1557-1313*5_1557-1535*5_1557-1302*5_1557-1524*5_631-630*7_631-632*7_631-629*7_631-639*7_631-628*7_631-640*7_631-633*7_631-641*7_631-627*7_631-663*7_631-642*7_631-626*7_631-664*7_631-643*7_692-690*6_692-689*6_692-679*6_1535-1513*6_1535-1611*6_1535-1502*6_1535-1610*6_1535-1491*6_1535-1609*6_1535-1480*6_1535-1469*6_114-102*8_114-91*8_114-80*8_114-1180*8_114-335*8_114-69*8_114-1191*8_114-58*8_626-625*8_626-623*8_626-536*8_626-530*8_626-531*8_626-617*8_626-532*8_626-1181*8_626-618*8_626-1182*8_626-533*8_626-1183*8_1491-1458*7_1491-1447*7_1491-1435*7_1491-1424*7_1491-1590*7_1491-1413*7_1596-1595*8_1596-620*8_1596-619*8_1596-1594*8_1596-1593*8_1596-1592*8_1596-1591*8_679-678*7_679-681*7_679-677*7_679-676*7_679-675*7_679-693*7_679-674*7_679-673*7_643-644*8_643-645*8_643-647*8_643-648*8_643-649*8_643-650*8_643-651*8_643-1179*8_1313-1280*6_1313-1269*6_1313-1247*6_677-672*8_536-529*9_536-528*9_536-527*9_536-534*9_536-1184*9_527-526*10_527-525*10_527-523*10_527-522*10_527-521*10_527-520*10_526-519*11_644-652*9_644-653*9_1291-1236*7_1291-1225*7_1236-1213*8_1236-1358*8_1236-1369*8_1236-1380*8_1236-1402*8_1458-1391*8_1458-1588*8_1369-2097*9_1369-2086*9_1369-2075*9_1369-2064*9_1369-2052*9_1369-1579*9_1369-1580*9_2097-2041*10_2097-1581*10_2097-2030*10_1581-1582*11_1581-1583*11_1581-1584*11_1581-1585*11_1181-1178*9_1181-1185*9_1181-1186*9_1181-1187*9_1181-1188*9_1181-1189*9_1181-658*9_1181-660*9_1187-1190*10_1187-662*10_1187-661*10_1187-1192*10_1187-1193*10_1187-659*10_1583-1587*12_1583-1612*12_653-654*10_653-655*10_653-656*10_653-1157*10_653-1156*10_653-1155*10_653-1154*10_672-671*9_672-670*9_672-667*9_672-666*9_672-665*9_672-694*9_672-695*9_672-696*9_1193-1194*11_1193-1195*11_1193-1196*11_1193-1197*11_1193-241*11_1194-242*12_2030-2019*11_2030-2008*11_2030-1997*11_2030-1986*11_2030-1975*11_2030-1964*11_2030-1613*11_2030-1572*11_1588-1589*9_694-697*10_694-698*10_694-699*10_694-700*10_694-701*10_694-703*10_701-740*11_701-739*11_701-738*11_701-737*11_701-736*11_1154-1153*11_1154-1152*11_1154-1151*11_1154-1150*11_1154-1149*11_1150-766*12_1150-763*12_1150-762*12_1150-764*12_1150-761*12_1150-765*12_1150-767*12_1150-760*12_1150-244*12_1150-759*12_736-734*12_736-733*12_736-732*12_736-731*12_736-730*12_736-728*12_1582-518*12_1997-1625*12_1997-1953*12_1997-1624*12_1997-1941*12_1997-2319*12_1997-1623*12_1997-1930*12_1997-1622*12_1997-2308*12_1997-1919*12_1997-1616*12_1997-1614*12_1997-2297*12_1997-1617*12_1997-1577*12_1997-1897*12_730-729*13_730-727*13_730-726*13_730-725*13_730-723*13_730-705*13_1941-1908*13_1941-2286*13_1941-1578*13_1941-2274*13_1941-1576*13_1941-1886*13_1941-1574*13_242-240*13_242-239*13_242-238*13_242-237*13_242-235*13_242-601*13_242-600*13_242-603*13_242-599*13_518-537*13_518-517*13_518-516*13_518-515*13_518-579*13_518-578*13_518-514*13_518-577*13_518-512*13_727-722*14_727-721*14_727-720*14_727-708*14_727-307*14_307-306*15_307-719*15_307-305*15_307-718*15_307-304*15_307-717*15_307-303*15_307-716*15_307-301*15_307-715*15_307-714*15_763-1138*13_763-1139*13_763-758*13_763-1140*13_763-1141*13_763-1142*13_537-576*14_537-575*14_537-511*14_575-574*15_575-560*15_306-300*16_306-299*16_511-510*15_511-509*15_511-505*15_511-506*15_511-507*15_511-508*15_511-622*15_239-234*14_239-233*14_239-604*14_239-232*14_239-605*14_239-231*14_239-606*14_239-607*14_239-584*14_1612-1615*13_1612-1618*13_1612-1621*13_232-230*15_232-229*15_232-228*15_232-243*15_232-227*15_232-226*15_232-223*15_507-621*16_507-495*16_507-494*16_507-1627*16_507-493*16_507-1626*16_507-492*16_2286-2263*14_2286-2252*14_2286-2108*14_1139-1143*14_1139-1144*14_1139-1145*14_1143-1146*15_1143-1148*15_1143-246*15_1143-245*15_1143-248*15_1143-249*15_1143-221*15_1143-222*15_1143-798*15_1143-321*15_228-220*16_492-496*17_492-497*17_492-2333*17_492-2334*17_492-483*17_798-797*16_798-775*16_798-776*16_798-774*16_798-777*16_798-773*16_798-778*16_798-772*16_798-781*16_798-771*16_798-794*16_798-770*16_798-769*16_781-782*17_781-783*17_781-784*17_781-785*17_781-786*17_781-787*17_781-795*17_781-805*17_781-801*17_781-806*17_781-800*17_299-298*17_299-297*17_299-296*17_299-295*17_299-753*17_299-752*17_299-294*17_299-751*17_299-750*17_299-744*17_299-741*17_2334-2335*18_2334-2332*18_2334-2331*18_2334-482*18_2334-2067*18_2334-2066*18_2334-2068*18_2334-481*18_2334-479*18_2334-2325*18_2334-1540*18_2334-2326*18_2334-2065*18_2334-478*18_2334-2003*18_2334-2062*18_2335-1539*19_2335-1538*19_2335-477*19_2335-1537*19_2003-2002*19_2003-2327*19_2003-2001*19_2003-2328*19_2003-2061*19_2003-2000*19_2003-2329*19_2003-2060*19_2003-1640*19_2003-1639*19_2003-2059*19_2003-2050*19_2003-2058*19_2003-2317*19_2003-2051*19_2003-2324*19_2003-2316*19_2003-1634*19_2108-2119*15_2108-2130*15_2108-2141*15_2108-2152*15_2108-2163*15_2108-2175*15_2108-1664*15_2108-1675*15_2108-2197*15_2252-1630*15_2252-1638*15_1537-1536*20_1537-1534*20_1537-1533*20_1537-486*20_1537-485*20_1537-490*20_2141-1549*16_2141-2186*16_2141-1550*16_2141-1551*16_2141-2208*16_2141-1552*16_2328-2053*20_2328-2315*20_2328-2323*20_753-293*18_753-292*18_753-290*18_753-749*18_753-289*18_753-799*18_753-748*18_753-747*18_753-288*18_753-745*18_753-803*18_753-287*18_220-219*17_220-218*17_220-217*17_220-322*17_220-216*17_220-215*17_220-214*17_220-1137*17_220-212*17_220-1135*17_220-211*17_220-612*17_220-614*17_220-608*17_211-210*18_211-616*18_211-615*18_211-209*18_211-208*18_211-207*18_211-611*18_211-1134*18_211-206*18_211-610*18_211-1127*18_211-1126*18_211-1129*18_211-205*18_211-1130*18_1630-1629*16_1630-1632*16_1630-1628*16_1630-1633*16_1630-1635*16_1630-1636*16_1630-1637*16_490-1198*21_490-484*21_490-1199*21_490-487*21_490-1200*21_490-488*21_490-1201*21_490-465*21_490-466*21_490-467*21_490-489*21_490-464*21_490-1203*21_490-468*21_490-463*21_490-1204*21_490-2183*21_207-204*19_207-596*19_207-595*19_207-594*19_207-203*19_207-593*19_207-201*19_207-592*19_207-1121*19_207-1122*19_207-1119*19_207-1123*19_758-756*14_758-755*14_758-754*14_1119-1118*20_1119-1120*20_1119-1117*20_1119-1116*20_1119-1115*20_1119-1111*20_1119-1124*20_1119-1110*20_1119-1109*20_2053-2054*21_2053-2055*21_2053-2026*21_2053-2027*21_2053-2049*21_2053-2056*21_2053-2025*21_2053-2028*21_2053-2057*21_2053-2024*21_2053-2048*21_2053-2029*21_2053-2004*21_2053-2005*21_2053-2006*21_1115-1108*21_1115-910*21_1115-326*21_1115-909*21_1115-325*21_1115-908*21_1115-323*21_1636-2241*17_1636-1643*17_1636-1641*17_1636-2230*17_1636-1649*17_1636-1644*17_1636-1647*17_1644-1645*18_1644-1646*18_1644-1648*18_1644-2219*18_1644-1650*18_1644-1654*18_1644-1652*18_1644-1651*18_1644-1773*18_203-200*20_203-156*20_203-157*20_203-159*20_203-160*20_288-804*19_288-808*19_2029-2031*22_2029-2047*22_2029-2046*22_2029-2032*22_2029-2045*22_2029-2033*22_2029-2044*22_2029-2034*22_2029-2093*22_2029-2092*22_2029-2035*22_2029-2043*22_2029-2010*22_2029-2036*22_2029-2009*22_2029-2011*22_2029-2007*22_2029-2012*22_487-2182*22_487-2181*22_487-2180*22_487-2184*22_487-2179*22_487-2185*22_487-2318*22_584-585*15_584-583*15_584-586*15_584-582*15_584-581*15_584-587*15_584-588*15_584-555*15_584-554*15_584-589*15_584-597*15_584-553*15_584-590*15_584-168*15_584-170*15_170-598*16_170-171*16_170-167*16_170-172*16_170-166*16_170-573*16_170-165*16_170-173*16_170-572*16_170-164*16_170-571*16_170-174*16_170-570*16_170-163*16_170-552*16_170-333*16_170-332*16_170-329*16_2045-2042*23_2045-2037*23_2045-2091*23_2045-2040*23_2045-2090*23_2045-2038*23_2045-2089*23_2045-2013*23_2045-2039*23_1204-1205*22_1204-1206*22_1204-1207*22_1204-472*22_1204-473*22_1204-471*22_1204-474*22_1204-470*22_1204-1208*22_1204-475*22_1204-1209*22_1204-1210*22_1204-1212*22_1204-1216*22_1204-476*22_1204-2177*22_2042-1750*24_2042-1751*24_2042-1752*24_2042-1749*24_2042-1450*24_2042-2023*24_2042-1448*24_2181-2178*23_2181-2187*23_2181-2176*23_2181-2188*23_2181-2173*23_754-712*15_754-711*15_754-710*15_754-709*15_1134-1133*19_1134-1132*19_1134-1131*19_1134-904*19_1134-1128*19_1134-903*19_1134-251*19_251-250*20_251-252*20_251-253*20_251-254*20_251-255*20_251-256*20_251-351*20_251-257*20_1216-1217*23_1216-1218*23_1216-1219*23_1216-1211*23_1216-1214*23_1216-1220*23_1216-1215*23_1216-1221*23_1216-461*23_1216-2357*23_1216-2358*23_1216-1222*23_1216-2359*23_1216-97*23_1216-2171*23_1217-1223*24_1217-2360*24_1217-96*24_1217-98*24_1217-1226*24_1751-1748*25_1751-1449*25_1751-1747*25_1751-1746*25_1751-1445*25_1751-1745*25_1652-1655*19_1652-1656*19_1652-1657*19_1652-1658*19_1652-1659*19_783-788*18_783-789*18_783-807*18_200-155*21_200-161*21_200-154*21_255-350*21_255-320*21_255-259*21_255-260*21_255-349*21_255-319*21_255-793*21_255-348*21_255-318*21_255-792*21_2315-2322*21_2315-2321*21_2057-2069*22_2057-2070*22_1552-1786*17_1552-1742*17_1552-1731*17_1552-1753*17_1552-1719*17_1552-1797*17_1552-1708*17_1552-1697*17_1552-1808*17_1552-1764*17_1552-1777*17_1552-1775*17_1552-1776*17_1773-1774*19_1773-1778*19_1773-1779*19_1773-1988*19_1773-1989*19_1773-1987*19_1773-1990*19_1773-1780*19_1773-1992*19_1742-1819*18_1742-1830*18_1742-1842*18_1742-1686*18_1742-1781*18_806-809*18_806-810*18_806-811*18_806-812*18_806-796*18_326-153*22_326-144*22_326-143*22_326-146*22_326-152*22_1655-1660*20_1655-1661*20_1655-1982*20_1655-1983*20_1660-1981*21_1660-1980*21_1660-1662*21_1660-1979*21_1660-1984*21_1660-1663*21_1660-1978*21_1660-1985*21_1660-1665*21_1660-1977*21_1660-1666*21_1660-1667*21_1223-1227*25_1223-1228*25_1223-1229*25_1223-1242*25_1223-1230*25_1223-90*25_1223-2368*25_1223-88*25_1223-94*25_1223-1231*25_808-814*20_808-815*20_808-816*20_808-831*20_808-832*20_815-817*21_815-818*21_815-819*21_815-820*21_815-790*21_815-821*21_815-822*21_815-834*21_815-823*21_165-162*17_165-327*17_165-331*17_1781-1782*19_1781-1783*19_1781-1784*19_1781-1994*19_1781-1838*19_1781-1993*19_1781-1837*19_1781-1995*19_1781-1836*19_1781-1835*19_1781-1996*19_96-95*25_96-93*25_96-2169*25_96-2168*25_96-92*25_96-2170*25_96-2167*25_96-2166*25_96-89*25_96-2165*25_96-2162*25_96-2164*25_96-2157*25_2070-2071*23_2070-2072*23_2070-2073*23_2070-2074*23_2070-2076*23_2070-2189*23_2070-2077*23_2070-2190*23_2070-2078*23_2070-2079*23_2070-2191*23_2070-2085*23_2070-2084*23_2070-2087*23_162-328*18_2025-2014*22_2173-2172*24_820-825*22_820-826*22_820-827*22_820-317*22_329-330*17_329-175*17_329-176*17_329-177*17_2321-2320*22_1989-1991*20_1989-1856*20_1989-1854*20_1989-1998*20_2188-2192*24_2188-2193*24_2188-2194*24_2188-2195*24_1132-901*20_1745-1744*26_1745-1754*26_1745-1733*26_1745-1755*26_1745-1732*26_1745-1756*26_1745-1743*26_1745-1757*26_1745-1741*26_1745-1758*26_1745-1740*26_1745-1759*26_1745-1693*26_1242-1241*26_1242-1243*26_1242-1244*26_1242-2370*26_1242-1245*26_1242-2369*26_1242-1246*26_1242-2371*26_1242-1248*26_1242-2367*26_1242-2372*26_1242-1249*26_1242-2366*26_1242-2373*26_1242-1232*26_1242-1250*26_1242-2365*26_1242-1233*26_1242-2375*26_1754-1692*27_1754-1690*27_1754-1689*27_328-1545*19_1836-1834*20_1836-1833*20_1836-1999*20_1836-1848*20_1836-1849*20_1836-1850*20_1836-1847*20_1836-1846*20_1836-1851*20_1846-1845*21_1846-1844*21_1846-1859*21_1846-1843*21_1846-1860*21_1846-1840*21_1846-1870*21_1846-1839*21_1846-1869*21_1846-1920*21_1846-1868*21_1846-1867*21_1846-1852*21_1846-1866*21_317-316*23_317-315*23_317-314*23_317-312*23_317-311*23_317-310*23_317-433*23_155-151*22_155-150*22_155-149*22_155-148*22_155-2382*22_1666-1668*22_1666-1669*22_1666-1858*22_1666-1670*22_1666-1857*22_1666-1671*22_1666-1771*22_1666-1672*22_1666-1855*22_1666-1772*22_1666-1673*22_1666-1974*22_146-145*23_146-2381*23_146-2380*23_146-2379*23_1673-1674*23_1673-1676*23_1673-1769*23_1673-1677*23_1673-1678*23_1673-1770*23_1673-1949*23_1673-1679*23_1673-1948*23_1673-1680*23_1673-1915*23_1673-1971*23_1673-1970*23_1673-1972*23_1673-1681*23_1673-1969*23_1673-1861*23_1673-1914*23_1673-1973*23_1673-1968*23_1673-1946*23_1673-1976*23_1673-1967*23_1866-1865*22_1866-1863*22_1866-1862*22_1866-1871*22_1866-1916*22_1866-1938*22_1866-1872*22_1866-1873*22_1866-1913*22_1866-1937*22_1866-1900*22_1866-1901*22_832-833*21_832-286*21_832-285*21_832-284*21_832-283*21_832-282*21_832-281*21_832-279*21_92-87*26_92-86*26_92-85*26_92-2156*26_92-2155*26_92-2158*26_827-828*23_827-829*23_827-830*23_827-262*23_827-263*23_827-261*23_827-264*23_827-887*23_827-265*23_827-886*23_827-308*23_827-836*23_827-267*23_827-839*23_1862-1898*23_2155-2154*27_2155-2153*27_2155-2151*27_2155-2150*27_2155-2159*27_2155-2149*27_2155-2160*27_2155-2148*27_2155-2161*27_2155-2110*27_2155-2107*27_2084-2083*24_2084-2082*24_2084-2081*24_2084-2088*24_2084-2080*24_2084-2209*24_2084-2210*24_2084-1441*24_2084-1440*24_316-309*24_316-352*24_316-353*24_263-266*24_263-885*24_263-884*24_263-883*24_263-840*24_263-841*24_263-842*24_263-268*24_263-838*24_263-882*24_263-837*24_263-844*24_844-843*25_844-845*25_844-847*25_844-848*25_844-849*25_844-270*25_844-271*25_844-850*25_844-272*25_844-851*25_844-871*25_844-866*25_844-865*25_1948-1947*24_1948-1945*24_1948-1944*24_1948-1943*24_1948-1966*24_1948-1965*24_1948-1963*24_1948-1902*24_1948-1961*24_1948-1903*24_1440-1439*25_1440-1442*25_1440-2211*25_1440-1434*25_1440-2212*25_1440-1433*25_1440-1443*25_1440-2213*25_1440-1432*25_1440-1444*25_1440-2214*25_1440-1431*25_1440-2215*25_1440-1430*25_1440-2216*25_1440-1429*25_1440-1737*25_1974-2015*23_1974-2016*23_1974-2017*23_1974-1683*23_1937-1917*23_1937-1874*23_1937-1918*23_1937-1876*23_1937-1924*23_1937-1923*23_1937-1925*23_1937-1922*23_1937-1832*23_1937-1926*23_1937-1921*23_1937-1877*23_1937-1899*23_1434-2217*26_1434-1428*26_1434-1427*26_1434-2218*26_1968-1682*24_1968-1684*24_1968-1685*24_1968-2021*24_1968-2020*24_1968-1687*24_1968-2018*24_1968-1688*24_1968-1962*24_1968-2022*24_1925-1927*24_1925-1831*24_1925-1928*24_1925-1829*24_1925-1929*24_1925-1931*24_1925-1817*24_1925-1818*24_1925-1816*24_1925-1820*24_1925-1932*24_1925-1821*24_1925-1815*24_1925-1814*24_1925-1933*24_1925-1823*24_1963-1960*25_1963-1959*25_1963-1958*25_1963-1691*25_1963-1957*25_1963-1694*25_1963-1695*25_1963-1956*25_1691-1696*26_1691-1698*26_1823-1822*25_1823-1824*25_1823-1825*25_1823-1826*25_1823-1827*25_1823-1828*25_1823-1934*25_1823-1893*25_1545-1544*20_1545-1547*20_1545-1543*20_1545-1548*20_1545-181*20_1545-1542*20_1545-179*20_1545-182*20_1545-178*20_1545-183*20_1545-1541*20_1545-2354*20_1545-2355*20_1545-2353*20_2195-2196*25_2195-2198*25_2195-2199*25_2195-2200*25_2195-2201*25_2195-2202*25_2195-2203*25_2195-2094*25_2195-2206*25_1902-1904*25_1902-1905*25_1902-1906*25_1902-1907*25_1902-1909*25_1902-1878*25_845-852*26_845-881*26_845-880*26_845-878*26_1905-1910*26_1905-1911*26_1905-1912*26_1905-1879*26_1905-1888*26_1698-1699*27_1698-1700*27_1698-1765*27_1698-1701*27_1698-1766*27_1698-1702*27_1698-1763*27_1698-1767*27_1698-1768*27_1698-1762*27_1698-1703*27_1698-1955*27_1698-1761*27_1698-1704*27_1698-1760*27_1245-1251*27_1245-2376*27_1245-1252*27_353-937*25_353-936*25_353-430*25_353-429*25_353-431*25_353-428*25_353-432*25_353-934*25_353-434*25_353-385*25_1704-1527*28_1704-1526*28_1704-1705*28_1704-1525*28_1704-1706*28_1704-1523*28_1704-1528*28_1704-1522*28_1704-1529*28_1704-1707*28_1704-1521*28_1704-1520*28_2166-2204*26_1427-1426*27_1427-1425*27_1427-1739*27_1427-1423*27_1427-1738*27_1427-1422*27_1427-1436*27_1427-1437*27_1427-1736*27_1427-1438*27_1427-1735*27_1427-1720*27_1427-1723*27_2151-2147*28_2151-2146*28_2151-2145*28_2151-2112*28_2151-2144*28_1251-1253*28_1251-1254*28_1251-1255*28_1251-1256*28_1251-1257*28_1251-1234*28_1251-1237*28_1251-2384*28_1251-5*28_1251-2395*28_1251-6*28_1251-7*28_1520-1519*29_1520-1530*29_1520-1415*29_1520-1531*29_1520-1532*29_1520-1414*29_1520-1412*29_1520-1411*29_1520-1410*29_1412-1409*30_1412-1408*30_1412-1407*30_1412-1406*30_1412-1709*30_1412-1712*30_1237-1235*29_1237-1238*29_1237-1239*29_1237-1240*29_1237-1259*29_1237-9*29_1237-11*29_1844-1803*22_1844-1804*22_1844-1805*22_1844-1806*22_1934-1935*26_1934-1936*26_1934-1892*26_1934-1891*26_1934-1890*26_1934-1894*26_1934-1889*26_1934-1895*26_1934-1896*26_1934-1884*26_1423-1724*28_1423-1284*28_1256-4*29_1256-2394*29_1256-2393*29_1256-99*29_1256-2392*29_1256-8*29_1256-100*29_1256-2391*29_1256-101*29_1256-2390*29_1256-2388*29_1910-1887*27_1910-1885*27_1910-1939*27_1910-1940*27_1910-1942*27_1910-1883*27_1910-1881*27_1889-1882*27_1889-1880*27_349-346*22_349-905*22_349-345*22_349-906*22_349-344*22_349-907*22_349-343*22_349-436*22_101-103*30_101-104*30_101-105*30_101-457*30_101-106*30_101-459*30_101-107*30_101-460*30_101-1080*30_101-1078*30_101-1081*30_101-108*30_101-1073*30_101-1083*30_101-1082*30_101-1084*30_101-1076*30_101-1071*30_101-1086*30_459-1072*31_459-427*31_459-1085*31_459-426*31_459-1070*31_459-425*31_459-1069*31_459-1087*31_459-1075*31_459-1074*31_459-1088*31_459-1066*31_459-1077*31_459-1065*31_1768-1954*28_1768-1951*28_1768-1950*28_2204-2205*27_2204-2207*27_2204-2101*27_2204-2100*27_2204-2102*27_2204-2099*27_2204-2103*27_2204-2098*27_2204-2104*27_2204-2096*27_2204-2105*27_2204-2095*27_865-864*26_865-863*26_865-867*26_865-869*26_865-870*26_865-872*26_865-274*26_1239-10*30_1239-12*30_1239-13*30_2110-2109*28_2110-2111*28_2110-2106*28_2110-2113*28_2110-2114*28_2110-2115*28_2110-2236*28_1069-1064*32_1069-1063*32_1069-1062*32_1069-1061*32_1069-1060*32_907-437*23_907-438*23_907-439*23_907-440*23_907-441*23_2236-2235*29_2236-2237*29_2236-2234*29_2236-2238*29_2236-2233*29_2236-2239*29_2236-2232*29_2236-2240*29_2236-2231*29_2236-2242*29_2236-2229*29_2236-1296*29_2236-1297*29_2236-1298*29_1284-1285*29_1284-1283*29_1284-1286*29_1284-1282*29_1284-1287*29_1284-1281*29_1284-1325*29_1284-1288*29_1284-1279*29_1284-1326*29_1284-1289*29_1284-1278*29_1284-1327*29_1284-1290*29_1284-1277*29_1284-2225*29_1284-2226*29_1284-2224*29_1284-1292*29_385-384*26_385-386*26_385-383*26_385-387*26_385-382*26_385-388*26_385-389*26_385-381*26_385-390*26_385-392*26_385-894*26_385-895*26_1287-1293*30_1287-1294*30_1287-2228*30_1287-1295*30_1287-1331*30_1287-1330*30_1541-2377*21_1541-2378*21_2094-1274*26_2094-2220*26_2094-2221*26_1720-1718*28_1720-1721*28_1720-1722*28_1720-1418*28_1720-1717*28_1720-1417*28_1720-1416*28_1720-1716*28_1720-1715*28_1720-1725*28_1720-1726*28_1720-1403*28_1720-1404*28_1720-1713*28_2101-1275*28_2101-1276*28_1706-1710*29_1706-1711*29_1706-1714*29_2114-2116*29_2114-2117*29_2114-2118*29_2114-2120*29_2114-2121*29_2355-2356*21_2355-2351*21_2355-2350*21_2355-2349*21_2355-2361*21_2355-2348*21_2355-2362*21_1331-1332*31_1331-1329*31_1331-1333*31_1331-1328*31_1331-1334*31_1331-1421*31_1331-1337*31_1331-1420*31_1331-1729*31_1331-1419*31_1331-1338*31_1331-1728*31_1331-1388*31_1331-1389*31_1331-1727*31_1331-1340*31_437-442*24_437-933*24_437-932*24_437-931*24_437-443*24_437-342*24_437-930*24_437-341*24_1407-1405*31_1407-1401*31_12-84*31_12-15*31_12-83*31_12-82*31_12-16*31_12-81*31_12-17*31_12-79*31_12-18*31_12-78*31_894-896*27_894-897*27_894-898*27_894-899*27_1726-1397*29_1726-1393*29_2144-2143*29_2144-2142*29_2144-2140*29_2144-2139*29_2144-2138*29_2144-2137*29_2144-2123*29_1334-1339*32_1334-1341*32_1334-1342*32_1334-1385*32_1334-1343*32_1334-1382*32_897-900*28_897-893*28_897-892*28_897-378*28_2140-2136*30_2140-20*30_2140-2135*30_2140-19*30_2140-2134*30_2140-2133*30_2140-21*30_2140-2125*30_2140-2122*30_83-77*32_83-75*32_21-22*31_21-23*31_21-24*31_21-2132*31_21-26*31_21-2131*31_21-27*31_21-2129*31_21-28*31_21-2127*31_892-889*29_892-888*29_892-877*29_892-876*29_430-929*26_2217-2222*27_2217-2223*27_877-875*30_877-874*30_877-873*30_2223-2227*28_75-74*33_75-76*33_75-73*33_75-72*33_75-71*33_75-70*33_75-68*33_75-32*33_442-444*25_442-445*25_442-448*25_442-449*25_442-928*25_442-927*25_442-339*25_442-340*25_442-338*25_442-450*25_442-337*25_442-925*25_442-923*25_1405-1400*32_1405-1399*32_1296-1299*30_1296-1300*30_1296-1301*30_1296-1303*30_1303-1304*31_1303-1305*31_1303-1306*31_1303-1307*31_1303-1308*31_1303-1309*31_1303-2243*31_1303-2245*31_72-67*34_72-66*34_72-65*34_72-34*34_72-64*34_72-35*34_72-31*34_1305-1310*32_1305-1311*32_1305-2246*32_1305-2247*32_1305-2244*32_1305-1350*32_1305-1349*32_1305-1314*32_384-379*27_1060-1059*33_1060-1058*33_1060-1056*33_1060-1055*33_1060-1054*33_1060-1053*33_1060-974*33_1060-972*33_1060-971*33_1053-1052*34_1053-1045*34_1053-1044*34_1053-1047*34_1053-1048*34_1053-1067*34_1053-1022*34_1053-1049*34_1053-1021*34_1053-1050*34_1053-975*34_1053-976*34_1053-1051*34_1053-977*34_1053-60*34_925-926*26_925-922*26_925-921*26_925-920*26_925-919*26_925-396*26_925-397*26_925-395*26_925-398*26_925-394*26_925-399*26_925-393*26_925-400*26_925-917*26_1022-996*35_1022-978*35_1022-997*35_1022-980*35_1022-998*35_1022-981*35_1022-982*35_1022-967*35_1339-1344*33_1339-1383*33_1339-1381*33_1339-1384*33_1420-1392*32_1420-1390*32_1420-1394*32_1420-1395*32_1420-1396*32_1420-1387*32_1350-1351*33_1350-1348*33_1350-1352*33_1350-1346*33_1350-1353*33_1350-1345*33_1350-1354*33_1350-1355*33_1350-1356*33_1350-1372*33_1350-1373*33_396-401*27_396-938*27_396-939*27_396-940*27_396-403*27_396-941*27_938-942*28_938-943*28_938-354*28_938-355*28_938-356*28_938-357*28_938-944*28_26-29*32_26-30*32_852-853*27_852-854*27_852-855*27_852-856*27_852-858*27_30-33*33_30-37*33_1353-1357*34_1353-1359*34_1353-1360*34_1353-1361*34_1353-1474*34_1353-1362*34_1353-1475*34_1353-1367*34_1353-1365*34_1353-1371*34_1353-1476*34_35-38*35_35-39*35_35-40*35_35-41*35_35-1260*35_354-359*29_354-360*29_354-361*29_997-999*36_997-1000*36_997-1003*36_997-1015*36_997-1004*36_997-983*36_997-1005*36_1050-56*35_1050-57*35_1050-59*35_1050-55*35_1050-54*35_1050-61*35_1050-53*35_1050-62*35_1260-1261*36_1260-1262*36_1260-1263*36_1260-1264*36_1260-1265*36_1260-1266*36_1260-2267*36_1260-2266*36_1260-2269*36_66-63*35_1396-1398*33_2122-2124*31_2122-2126*31_2122-2128*31_401-404*28_401-405*28_401-406*28_401-918*28_401-407*28_401-374*28_401-408*28_401-373*28_401-945*28_401-409*28_401-916*28_401-372*28_401-410*28_1367-1366*35_1367-1368*35_1367-1370*35_1367-1364*35_1367-1363*35_1367-1374*35_1367-1375*35_1311-1312*33_1311-1315*33_1311-1316*33_1311-1317*33_1311-1318*33_2124-1323*32_2124-1322*32_2124-1321*32_2124-1320*32_2124-2249*32_38-42*36_38-43*36_942-947*29_942-948*29_942-362*29_942-371*29_942-368*29_1322-1319*33_1322-2253*33_1322-2254*33_1322-2251*33_1322-2255*33_1322-2250*33_1322-2256*33_1322-2257*33_368-367*30_368-370*30_368-949*30_368-366*30_368-950*30_368-365*30_368-951*30_368-364*30_368-952*30_368-363*30_368-375*30_368-953*30_368-376*30_368-954*30_368-377*30_874-859*31_1085-1089*32_1085-1091*32_1085-420*32_1085-421*32_1085-419*32_1085-423*32_1085-422*32_1085-418*32_1085-417*32_1085-1092*32_1085-416*32_1085-110*32_2269-2268*37_2269-2270*37_2269-2271*37_2269-2272*37_2269-2265*37_2269-2273*37_2269-2264*37_2269-2275*37_2269-2276*37_2269-1515*37_2269-1512*37_2269-1473*37_365-993*31_365-995*31_421-973*33_421-969*33_421-966*33_421-970*33_421-965*33_421-415*33_421-414*33_421-412*33_2276-2277*38_2276-2278*38_2276-2279*38_2276-2280*38_2276-1511*38_2276-1510*38_2276-2281*38_2276-1509*38_2276-2312*38_2276-1494*38_2276-1268*38_2276-2282*38_1385-1386*33_1385-1379*33_999-1006*37_999-1007*37_999-1016*37_999-1008*37_1319-2248*34_1319-2258*34_1265-1267*37_1265-1270*37_1265-1271*37_1265-1272*37_1265-1273*37_407-411*29_407-915*29_407-1103*29_407-1102*29_407-914*29_407-1100*29_407-1099*29_407-1098*29_1270-52*38_1270-2314*38_1270-51*38_1270-2313*38_1270-50*38_1270-48*38_43-44*37_43-45*37_43-46*37_43-49*37_873-860*31_2281-2283*39_2281-2284*39_2281-2287*39_2281-2288*39_2281-2289*39_2281-1497*39_1473-1472*38_1473-1514*38_1473-1471*38_1473-1470*38_1473-1468*38_1473-1467*38_1473-1493*38_1473-1492*38_1473-1490*38_1473-1466*38_1473-1489*38_2284-2290*40_2284-2291*40_2284-2292*40_2284-2294*40_1379-1378*34_1379-1377*34_1379-1376*34_1489-1488*39_1489-1487*39_1489-1486*39_1489-1485*39_1489-1495*39_1489-1484*39_1489-1496*39_1489-1500*39_1489-1499*39_1489-1501*39_1489-1483*39_1489-1503*39_1489-1465*39_1489-1482*39_2294-2293*41_2294-2295*41_2294-2296*41_2294-2298*41_2294-2299*41_2294-2300*41_2299-2301*42_2299-2302*42_2299-2303*42_2299-2304*42_2299-2305*42_371-955*30_2304-2306*43_2304-2307*43_2304-2309*43_2304-2310*43_2304-2311*43_1488-1504*40_1488-1464*40_1488-1505*40_1488-1506*40_1007-1009*38_1007-1010*38_1007-1011*38_1007-1030*38_1007-1029*38_1007-1031*38_1007-1028*38_1007-1012*38_1007-1032*38_1007-1027*38_1007-1033*38_1007-1026*38_1007-1034*38_1504-1507*41_1504-1508*41_1504-1518*41_1504-1517*41_1504-1516*41_1504-1481*41_1029-1014*39_1029-1025*39_1029-1041*39_1029-1036*39_1029-1042*39_1507-1479*42_1507-1478*42_2258-2259*35_2258-2260*35_2258-2261*35_2258-2262*35_993-994*32_993-992*32_993-991*32_993-989*32_993-1107*32_993-988*32_993-1106*32_993-987*32_993-1105*32_993-986*32_993-956*32_993-959*32_993-1020*32_988-985*33_988-984*33_988-960*33_988-958*33_988-961*33_988-1017*33_988-962*33_988-1018*33_988-963*33_988-1104*33_1018-1019*34_1018-1040*34_1018-1039*34_1018-1038*34_1018-1037*34_860-861*32_860-862*32_1014-1023*40_1014-1043*40_984-964*34_
