"id","Scenario","Actual Range","Protocol","Buildings","Total nodes","Nodes on circ","Total coverage","Coverage on circ","Alert received mean time","Hops","Slots","Messages sent","Messages received", "Starting x", "Starting y","Starting node", "Vehicle distance", "Received node ids", "Node ids", "Transmission map", "Received on circ nodes", "Transmission vector"
0,1,500,300,0,1344,26,1344,26,2181,3.38462,4.11538,827,1344,900,2100,272,25,1184_271_273_1183_1185_270_274_1182_1186_269_275_1181_1187_268_276_1180_1188_267_277_1179_1189_266_278_1178_1190_265_279_1177_1191_264_280_1176_1192_263_281_1175_1193_262_282_1174_1194_261_283_1173_1195_260_284_1172_1196_259_285_1171_1197_258_286_1170_1198_257_287_1169_1199_176_256_368_1088_1168_1200_1280_175_177_367_369_1087_1089_1279_1281_174_178_366_370_1086_1090_1278_1282_173_179_365_371_1085_1091_1277_1283_172_180_364_372_1084_1092_1276_1284_171_181_363_373_1083_1093_1275_1285_255_1167_1201_170_182_362_374_1082_1094_1274_1286_169_183_361_375_1081_1095_1273_1287_168_184_360_376_1080_1096_1272_1288_254_1166_1202_167_185_359_377_1079_1097_1271_1289_166_186_358_378_1078_1098_1270_1290_253_1165_1203_165_187_357_379_1077_1099_1269_1291_164_188_252_356_380_1076_1100_1164_1204_1268_1292_1300_1267_1301_1302_1266_1303_1265_1304_189_190_191_1264_1305_1263_1306_1262_1307_1261_1308_1205_1206_1309_1207_1208_1310_1209_1311_1210_476_475_477_474_478_473_479_1211_472_1312_471_1212_470_469_1313_1213_468_467_1214_1314_466_1215_465_1315_464_1216_1163_1162_1161_1160_1159_1158_1157_163_1156_162_1155_161_1154_160_1072_1071_1073_1153_1070_1074_1069_1075_1068_1067_79_159_78_80_1152_77_81_1066_355_76_82_75_83_1065_74_84_158_1064_462_73_85_354_461_72_86_1260_1063_1217_1259_460_71_87_157_1062_1258_459_353_70_88_1257_1218_1061_458_1256_69_89_156_457_1060_1255_352_1104_1103_1105_1102_1106_68_90_1101_1107_1219_456_1108_1254_1059_1109_67_91_155_1110_351_455_1253_1252_1251_1250_92_93_1249_94_95_272_1248_350_66_349_65_348_64_1056_347_1057_1058_1111_63_346_1112_345_62_1113_344_61_1114_343_60_1115_342_59_1116_341_58_1117_340_57_1118_339_56_1119_338_55_448_1120_337_447_449_54_446_450_445_451_444_443_1009_1121_336_1008_1010_53_1007_1011_442_1006_1012_1005_1013_441_1004_1014_440_1122_335_52_1003_1015_1230_1002_1016_439_251_1001_1017_1123_250_334_438_51_1231_562_1000_1018_249_437_561_248_999_1019_1124_333_50_154_560_1232_436_247_998_1020_559_246_435_1233_997_1021_1125_558_1331_557_1234_1332_556_1333_153_152_151_150_149_463_148_1220_147_1221_146_1222_1223_145_1224_144_976_975_977_974_978_973_979_972_980_1225_971_981_143_970_982_1226_969_983_142_968_984_1227_967_985_141_966_986_1228_140_965_987_454_1229_964_988_245_1316_139_1317_453_244_963_989_1318_243_138_1319_962_990_452_242_1320_961_991_49_137_241_1321_563_564_565_566_1322_567_568_1323_569_570_1324_555_571_554_572_1299_1325_381_553_573_1298_1326_1235_382_552_574_1297_1327_1126_383_551_575_1028_1029_1030_1031_1032_1033_1034_1035_1036_1037_536_535_537_534_1038_533_532_531_1039_530_529_528_1040_527_317_1041_526_421_525_921_1042_420_524_892_222_891_890_221_889_1236_1237_1238_1239_550_1240_549_1241_1242_1243_1244_1245_1246_1139_1140_1141_1247_1142_1143_654_653_655_652_656_1144_651_657_650_658_1145_649_659_648_660_1146_647_661_1147_646_662_1328_1329_1330_645_663_1148_644_664_1334_1149_1335_643_665_1336_1150_642_666_1293_1294_1295_1296_1138_1337_1338_667_330_329_328_327_326_129_325_128_880_879_881_882_324_996_883_884_127_885_323_995_886_126_322_887_125_888_321_124_320_912_911_913_910_914_909_915_908_916_123_907_917_319_906_918_905_919_122_904_920_318_903_893_121_902_922_894_901_923_120_227_316_900_924_226_895_225_119_224_896_419_523_223_118_897_117_1043_1044_522_1045_521_1046_520_1047_519_1048_518_1049_517_1050_516_1051_515_1052_430_514_429_428_427_1053_513_426_425_942_1054_941_943_424_512_940_944_939_945_938_946_423_937_947_1055_936_948_511_422_935_949_934_950_624_623_625_510_622_626_621_627_933_951_620_628_619_629_932_952_618_630_509_617_631_931_953_616_632_418_930_954_48_960_47_46_45_44_43_136_42_41_135_40_134_39_133_38_132_37_131_36_130_35_873_872_874_871_875_870_876_869_877_34_868_878_867_866_33_548_865_32_864_31_1339_1340_1341_1342_1343_671_670_669_668_409_408_407_1022_406_791_116_790_789_115_301_788_787_114_825_786_113_785_112_784_1127_1128_1129_1130_1131_1132_1133_1134_1135_544_1136_543_545_542_546_541_547_540_539_1137_434_538_433_1027_1026_1025_432_1024_1023_431_30_29_28_27_315_26_314_25_313_24_312_23_311_22_310_21_309_331_20_308_332_19_307_18_925_306_17_926_305_16_768_769_770_815_927_304_814_816_771_813_817_812_818_772_811_819_773_810_820_15_774_416_928_303_415_417_809_821_414_775_413_412_808_822_776_411_14_823_929_302_410_824_13_782_111_781_826_12_827_110_109_802_207_206_205_240_992_239_238_237_993_236_235_994_234_233_232_955_956_957_958_959_608_607_609_606_610_605_611_604_612_603_613_602_614_508_601_615_507_600_506_505_599_504_598_503_597_502_596_501_595_500_594_499_857_856_858_855_859_854_860_853_861_593_498_852_862_851_863_592_850_497_849_496_848_591_847_495_590_846_845_783_780_779_778_777_792_793_794_108_795_107_219_218_220_217_216_796_215_214_106_797_213_212_798_211_105_210_228_799_898_209_229_104_208_230_800_899_103_231_801_803_804_805_806_807_404_403_402_401_400_832_831_833_830_834_829_835_828_836_837_399_838_839_840_398_841_842_397_843_396_844_1151_640_639_641_638_637_636_635_634_633_204_203_494_493_492_491_490_489_488_487_486_485_484_483_482_481_585_754_753_755_480_584_752_756_751_757_750_758_583_749_759_748_760_582_747_761_581_746_762_745_763_580_744_764_579_743_765_578_742_766_11_10_9_8_7_6_5_4_3_2_1_0_672_391_390_195_389_731_707_194_388_732_706_202_201_200_199_198_197_196_297_296_295_193_294_708_709_710_293_705_711_192_704_712_703_713_292_702_714_701_715_291_700_716_699_717_290_698_718_289_697_719_288_696_720_405_395_394_393_392_387_386_695_694_693_692_691_721_690_722_689_723_298_299_96_688_724_97_98_99_100_300_101_687_725_686_726_589_588_587_586_577_576_767_673_674_675_676_677_678_679_680_685_684_683_682_681_741_740_739_738_737_384_736_385_735_734_733_730_729_728_727_102_,0_1_2_3_4_5_6_7_8_9_10_11_12_13_14_15_16_17_18_19_20_21_22_23_24_25_26_27_28_29_30_31_32_33_34_35_36_37_38_39_40_41_42_43_44_45_46_47_48_49_50_51_52_53_54_55_56_57_58_59_60_61_62_63_64_65_66_67_68_69_70_71_72_73_74_75_76_77_78_79_80_81_82_83_84_85_86_87_88_89_90_91_92_93_94_95_96_97_98_99_100_101_102_103_104_105_106_107_108_109_110_111_112_113_114_115_116_117_118_119_120_121_122_123_124_125_126_127_128_129_130_131_132_133_134_135_136_137_138_139_140_141_142_143_144_145_146_147_148_149_150_151_152_153_154_155_156_157_158_159_160_161_162_163_164_165_166_167_168_169_170_171_172_173_174_175_176_177_178_179_180_181_182_183_184_185_186_187_188_189_190_191_192_193_194_195_196_197_198_199_200_201_202_203_204_205_206_207_208_209_210_211_212_213_214_215_216_217_218_219_220_221_222_223_224_225_226_227_228_229_230_231_232_233_234_235_236_237_238_239_240_241_242_243_244_245_246_247_248_249_250_251_252_253_254_255_256_257_258_259_260_261_262_263_264_265_266_267_268_269_270_271_272_273_274_275_276_277_278_279_280_281_282_283_284_285_286_287_288_289_290_291_292_293_294_295_296_297_298_299_300_301_302_303_304_305_306_307_308_309_310_311_312_313_314_315_316_317_318_319_320_321_322_323_324_325_326_327_328_329_330_331_332_333_334_335_336_337_338_339_340_341_342_343_344_345_346_347_348_349_350_351_352_353_354_355_356_357_358_359_360_361_362_363_364_365_366_367_368_369_370_371_372_373_374_375_376_377_378_379_380_381_382_383_384_385_386_387_388_389_390_391_392_393_394_395_396_397_398_399_400_401_402_403_404_405_406_407_408_409_410_411_412_413_414_415_416_417_418_419_420_421_422_423_424_425_426_427_428_429_430_431_432_433_434_435_436_437_438_439_440_441_442_443_444_445_446_447_448_449_450_451_452_453_454_455_456_457_458_459_460_461_462_463_464_465_466_467_468_469_470_471_472_473_474_475_476_477_478_479_480_481_482_483_484_485_486_487_488_489_490_491_492_493_494_495_496_497_498_499_500_501_502_503_504_505_506_507_508_509_510_511_512_513_514_515_516_517_518_519_520_521_522_523_524_525_526_527_528_529_530_531_532_533_534_535_536_537_538_539_540_541_542_543_544_545_546_547_548_549_550_551_552_553_554_555_556_557_558_559_560_561_562_563_564_565_566_567_568_569_570_571_572_573_574_575_576_577_578_579_580_581_582_583_584_585_586_587_588_589_590_591_592_593_594_595_596_597_598_599_600_601_602_603_604_605_606_607_608_609_610_611_612_613_614_615_616_617_618_619_620_621_622_623_624_625_626_627_628_629_630_631_632_633_634_635_636_637_638_639_640_641_642_643_644_645_646_647_648_649_650_651_652_653_654_655_656_657_658_659_660_661_662_663_664_665_666_667_668_669_670_671_672_673_674_675_676_677_678_679_680_681_682_683_684_685_686_687_688_689_690_691_692_693_694_695_696_697_698_699_700_701_702_703_704_705_706_707_708_709_710_711_712_713_714_715_716_717_718_719_720_721_722_723_724_725_726_727_728_729_730_731_732_733_734_735_736_737_738_739_740_741_742_743_744_745_746_747_748_749_750_751_752_753_754_755_756_757_758_759_760_761_762_763_764_765_766_767_768_769_770_771_772_773_774_775_776_777_778_779_780_781_782_783_784_785_786_787_788_789_790_791_792_793_794_795_796_797_798_799_800_801_802_803_804_805_806_807_808_809_810_811_812_813_814_815_816_817_818_819_820_821_822_823_824_825_826_827_828_829_830_831_832_833_834_835_836_837_838_839_840_841_842_843_844_845_846_847_848_849_850_851_852_853_854_855_856_857_858_859_860_861_862_863_864_865_866_867_868_869_870_871_872_873_874_875_876_877_878_879_880_881_882_883_884_885_886_887_888_889_890_891_892_893_894_895_896_897_898_899_900_901_902_903_904_905_906_907_908_909_910_911_912_913_914_915_916_917_918_919_920_921_922_923_924_925_926_927_928_929_930_931_932_933_934_935_936_937_938_939_940_941_942_943_944_945_946_947_948_949_950_951_952_953_954_955_956_957_958_959_960_961_962_963_964_965_966_967_968_969_970_971_972_973_974_975_976_977_978_979_980_981_982_983_984_985_986_987_988_989_990_991_992_993_994_995_996_997_998_999_1000_1001_1002_1003_1004_1005_1006_1007_1008_1009_1010_1011_1012_1013_1014_1015_1016_1017_1018_1019_1020_1021_1022_1023_1024_1025_1026_1027_1028_1029_1030_1031_1032_1033_1034_1035_1036_1037_1038_1039_1040_1041_1042_1043_1044_1045_1046_1047_1048_1049_1050_1051_1052_1053_1054_1055_1056_1057_1058_1059_1060_1061_1062_1063_1064_1065_1066_1067_1068_1069_1070_1071_1072_1073_1074_1075_1076_1077_1078_1079_1080_1081_1082_1083_1084_1085_1086_1087_1088_1089_1090_1091_1092_1093_1094_1095_1096_1097_1098_1099_1100_1101_1102_1103_1104_1105_1106_1107_1108_1109_1110_1111_1112_1113_1114_1115_1116_1117_1118_1119_1120_1121_1122_1123_1124_1125_1126_1127_1128_1129_1130_1131_1132_1133_1134_1135_1136_1137_1138_1139_1140_1141_1142_1143_1144_1145_1146_1147_1148_1149_1150_1151_1152_1153_1154_1155_1156_1157_1158_1159_1160_1161_1162_1163_1164_1165_1166_1167_1168_1169_1170_1171_1172_1173_1174_1175_1176_1177_1178_1179_1180_1181_1182_1183_1184_1185_1186_1187_1188_1189_1190_1191_1192_1193_1194_1195_1196_1197_1198_1199_1200_1201_1202_1203_1204_1205_1206_1207_1208_1209_1210_1211_1212_1213_1214_1215_1216_1217_1218_1219_1220_1221_1222_1223_1224_1225_1226_1227_1228_1229_1230_1231_1232_1233_1234_1235_1236_1237_1238_1239_1240_1241_1242_1243_1244_1245_1246_1247_1248_1249_1250_1251_1252_1253_1254_1255_1256_1257_1258_1259_1260_1261_1262_1263_1264_1265_1266_1267_1268_1269_1270_1271_1272_1273_1274_1275_1276_1277_1278_1279_1280_1281_1282_1283_1284_1285_1286_1287_1288_1289_1290_1291_1292_1293_1294_1295_1296_1297_1298_1299_1300_1301_1302_1303_1304_1305_1306_1307_1308_1309_1310_1311_1312_1313_1314_1315_1316_1317_1318_1319_1320_1321_1322_1323_1324_1325_1326_1327_1328_1329_1330_1331_1332_1333_1334_1335_1336_1337_1338_1339_1340_1341_1342_1343_,18:{673;674;675;676;677;678;679;680;}20:{11;10;9;8;7;6;5;4;3;2;1;0;672;}70:{66;65;64;1056;1057;1058;63;62;61;60;59;58;57;56;55;54;53;52;51;50;154;}105:{102;}123:{783;780;779;778;777;792;793;794;108;795;107;219;218;220;217;216;796;215;214;106;797;213;212;798;211;105;210;228;799;898;209;229;104;208;230;800;899;103;}137:{129;128;880;879;881;882;883;884;127;885;886;126;887;125;888;124;123;122;893;121;894;120;227;226;895;225;119;224;896;223;118;897;117;}147:{240;992;239;238;237;993;236;235;994;234;233;232;}157:{153;152;151;150;149;148;147;146;145;144;976;975;977;974;978;973;979;972;980;971;981;143;970;982;969;983;142;968;984;967;985;141;966;986;140;965;987;964;988;245;139;244;963;989;243;138;962;990;242;961;991;49;137;241;}175:{1163;1162;1161;1160;1159;1158;1157;163;1156;162;1155;161;1154;160;1072;1071;1073;1153;1070;1074;1069;1075;1068;1067;79;159;78;80;1152;77;81;1066;76;82;75;83;1065;74;84;158;1064;73;85;72;86;1260;1063;1259;71;87;157;1062;1258;70;88;1257;1061;1256;69;89;156;1060;1255;68;90;1254;1059;67;91;155;}184:{1253;1252;1251;1250;92;93;1249;94;95;272;1248;}223:{204;203;}226:{231;801;803;804;805;806;807;}272:{1184;271;273;1183;1185;270;274;1182;1186;269;275;1181;1187;268;276;1180;1188;267;277;1179;1189;266;278;1178;1190;265;279;1177;1191;264;280;1176;1192;263;281;1175;1193;262;282;1174;1194;261;283;1173;1195;260;284;1172;1196;259;285;1171;1197;258;286;1170;1198;257;287;1169;1199;176;256;368;1088;1168;1200;1280;175;177;367;369;1087;1089;1279;1281;174;178;366;370;1086;1090;1278;1282;173;179;365;371;1085;1091;1277;1283;172;180;364;372;1084;1092;1276;1284;171;181;363;373;1083;1093;1275;1285;255;1167;1201;170;182;362;374;1082;1094;1274;1286;169;183;361;375;1081;1095;1273;1287;168;184;360;376;1080;1096;1272;1288;254;1166;1202;167;185;359;377;1079;1097;1271;1289;166;186;358;378;1078;1098;1270;1290;253;1165;1203;165;187;357;379;1077;1099;1269;1291;164;188;252;356;380;1076;1100;1164;1204;1268;1292;}285:{1267;1266;1265;189;190;191;1264;1263;1262;1261;}304:{391;390;389;731;388;732;}322:{409;408;407;1022;406;}336:{330;329;328;327;326;325;324;996;323;995;322;321;320;912;911;913;910;914;909;915;908;916;907;917;319;906;918;905;919;904;920;318;903;902;922;901;923;316;900;924;}371:{355;462;354;461;1217;460;459;353;1218;458;457;352;1104;1103;1105;1102;1106;1101;1107;1219;456;1108;1109;1110;351;455;}380:{1300;1301;1302;1303;1304;1305;1306;1307;1308;1205;1206;1309;1207;1208;1310;1209;1311;1210;476;475;477;474;478;473;479;1211;472;1312;471;1212;470;469;1313;1213;468;467;1214;1314;466;1215;465;1315;464;1216;}387:{734;733;730;729;728;727;}406:{405;395;394;393;392;387;386;}416:{404;403;402;401;400;832;831;833;830;834;829;835;828;836;837;399;838;839;840;398;841;842;397;843;396;844;}439:{419;523;}440:{1028;1029;1030;1031;1032;1033;1034;1035;1036;1037;536;535;537;534;1038;533;532;531;1039;530;529;528;1040;527;1041;526;421;525;1042;420;524;}451:{548;}467:{463;1220;1221;1222;1223;1224;1225;1226;1227;1228;454;1229;1316;1317;453;1318;1319;452;1320;1321;563;564;565;566;1322;567;568;1323;569;570;1324;555;571;554;572;1299;1325;381;553;573;1298;1326;1235;382;552;574;1297;1327;1126;383;551;575;}472:{1230;1231;562;561;560;1232;559;1233;558;557;1234;556;}558:{1236;1237;1238;1239;550;1240;549;1241;1242;1243;1244;1245;1246;1139;1140;1141;1247;1142;1143;654;653;655;652;656;1144;651;657;650;658;1145;649;659;648;660;1146;647;661;1147;646;662;1328;1329;1330;645;663;1148;644;664;1334;1149;1335;643;665;1336;1150;642;666;}559:{1138;1337;1338;667;}593:{589;588;587;586;577;576;767;}706:{695;694;693;692;691;721;690;722;689;723;298;299;96;688;724;97;98;99;100;300;101;687;725;686;726;}755:{741;740;739;738;737;384;736;385;735;}789:{685;684;683;682;681;}804:{202;201;200;199;198;197;196;297;296;295;193;294;708;709;710;293;705;711;192;704;712;703;713;292;702;714;701;715;291;700;716;699;717;290;698;718;289;697;719;288;696;720;}814:{195;707;194;706;}850:{494;493;492;491;490;489;488;487;486;485;484;483;482;481;585;754;753;755;480;584;752;756;751;757;750;758;583;749;759;748;760;582;747;761;581;746;762;745;763;580;744;764;579;743;765;578;742;766;}864:{30;29;28;27;26;25;24;23;22;21;20;19;18;17;16;768;769;770;771;772;773;15;774;775;776;14;13;12;}885:{782;111;781;110;109;}891:{802;207;206;205;}892:{791;116;790;789;115;788;787;114;786;113;785;112;784;}909:{301;825;}911:{315;314;313;312;311;310;309;331;308;332;307;925;306;926;305;815;927;304;814;816;813;817;812;818;811;819;810;820;416;928;303;415;417;809;821;414;413;412;808;822;411;823;929;302;410;824;826;827;}953:{955;956;957;958;959;608;607;609;606;610;605;611;604;612;603;613;602;614;508;601;615;507;600;506;505;599;504;598;503;597;502;596;501;595;500;594;499;857;856;858;855;859;854;860;853;861;593;498;852;862;851;863;592;850;497;849;496;848;591;847;495;590;846;845;}969:{48;960;47;46;45;44;43;136;42;41;135;40;134;39;133;38;132;37;131;36;130;35;873;872;874;871;875;870;876;869;877;34;868;878;867;866;33;865;32;864;31;}997:{892;222;891;890;221;889;}1005:{317;921;}1038:{1043;1044;522;1045;521;1046;520;1047;519;1048;518;1049;517;1050;516;1051;515;1052;430;514;429;428;427;1053;513;426;425;942;1054;941;943;424;512;940;944;939;945;938;946;423;937;947;1055;936;948;511;422;935;949;934;950;624;623;625;510;622;626;621;627;933;951;620;628;619;629;932;952;618;630;509;617;631;931;953;616;632;418;930;954;}1105:{350;349;348;347;1111;346;1112;345;1113;344;1114;343;1115;342;1116;341;1117;340;1118;339;1119;338;448;1120;337;447;449;446;450;445;451;444;443;1009;1121;336;1008;1010;1007;1011;442;1006;1012;1005;1013;441;1004;1014;440;1122;335;1003;1015;1002;1016;439;251;1001;1017;1123;250;334;438;1000;1018;249;437;248;999;1019;1124;333;436;247;998;1020;246;435;997;1021;1125;}1123:{1127;1128;1129;1130;1131;1132;1133;1134;1135;544;1136;543;545;542;546;541;547;540;539;1137;434;538;433;1027;1026;1025;432;1024;1023;431;}1144:{1151;640;639;641;638;637;636;635;634;633;}1277:{1293;1294;1295;1296;}1313:{1331;1332;1333;}1338:{1339;1340;1341;1342;1343;671;670;669;668;},55_56_57_139_140_231_232_233_331_332_439_440_441_967_968_969_1015_1016_1017_1124_1125_1223_1224_1225_1316_1317_,272-1184*0_272-271*0_272-273*0_272-1183*0_272-1185*0_272-270*0_272-274*0_272-1182*0_272-1186*0_272-269*0_272-275*0_272-1181*0_272-1187*0_272-268*0_272-276*0_272-1180*0_272-1188*0_272-267*0_272-277*0_272-1179*0_272-1189*0_272-266*0_272-278*0_272-1178*0_272-1190*0_272-265*0_272-279*0_272-1177*0_272-1191*0_272-264*0_272-280*0_272-1176*0_272-1192*0_272-263*0_272-281*0_272-1175*0_272-1193*0_272-262*0_272-282*0_272-1174*0_272-1194*0_272-261*0_272-283*0_272-1173*0_272-1195*0_272-260*0_272-284*0_272-1172*0_272-1196*0_272-259*0_272-285*0_272-1171*0_272-1197*0_272-258*0_272-286*0_272-1170*0_272-1198*0_272-257*0_272-287*0_272-1169*0_272-1199*0_272-176*0_272-256*0_272-368*0_272-1088*0_272-1168*0_272-1200*0_272-1280*0_272-175*0_272-177*0_272-367*0_272-369*0_272-1087*0_272-1089*0_272-1279*0_272-1281*0_272-174*0_272-178*0_272-366*0_272-370*0_272-1086*0_272-1090*0_272-1278*0_272-1282*0_272-173*0_272-179*0_272-365*0_272-371*0_272-1085*0_272-1091*0_272-1277*0_272-1283*0_272-172*0_272-180*0_272-364*0_272-372*0_272-1084*0_272-1092*0_272-1276*0_272-1284*0_272-171*0_272-181*0_272-363*0_272-373*0_272-1083*0_272-1093*0_272-1275*0_272-1285*0_272-255*0_272-1167*0_272-1201*0_272-170*0_272-182*0_272-362*0_272-374*0_272-1082*0_272-1094*0_272-1274*0_272-1286*0_272-169*0_272-183*0_272-361*0_272-375*0_272-1081*0_272-1095*0_272-1273*0_272-1287*0_272-168*0_272-184*0_272-360*0_272-376*0_272-1080*0_272-1096*0_272-1272*0_272-1288*0_272-254*0_272-1166*0_272-1202*0_272-167*0_272-185*0_272-359*0_272-377*0_272-1079*0_272-1097*0_272-1271*0_272-1289*0_272-166*0_272-186*0_272-358*0_272-378*0_272-1078*0_272-1098*0_272-1270*0_272-1290*0_272-253*0_272-1165*0_272-1203*0_272-165*0_272-187*0_272-357*0_272-379*0_272-1077*0_272-1099*0_272-1269*0_272-1291*0_272-164*0_272-188*0_272-252*0_272-356*0_272-380*0_272-1076*0_272-1100*0_272-1164*0_272-1204*0_272-1268*0_272-1292*0_380-1300*1_285-1267*1_380-1301*1_380-1302*1_285-1266*1_380-1303*1_285-1265*1_380-1304*1_285-189*1_285-190*1_285-191*1_285-1264*1_380-1305*1_285-1263*1_380-1306*1_285-1262*1_380-1307*1_285-1261*1_380-1308*1_380-1205*1_380-1206*1_380-1309*1_380-1207*1_380-1208*1_380-1310*1_380-1209*1_380-1311*1_380-1210*1_380-476*1_380-475*1_380-477*1_380-474*1_380-478*1_380-473*1_380-479*1_380-1211*1_380-472*1_380-1312*1_380-471*1_380-1212*1_380-470*1_380-469*1_380-1313*1_380-1213*1_380-468*1_380-467*1_380-1214*1_380-1314*1_380-466*1_380-1215*1_380-465*1_380-1315*1_380-464*1_380-1216*1_175-1163*1_175-1162*1_175-1161*1_175-1160*1_175-1159*1_175-1158*1_175-1157*1_175-163*1_175-1156*1_175-162*1_175-1155*1_175-161*1_175-1154*1_175-160*1_175-1072*1_175-1071*1_175-1073*1_175-1153*1_175-1070*1_175-1074*1_175-1069*1_175-1075*1_175-1068*1_175-1067*1_175-79*1_175-159*1_175-78*1_175-80*1_175-1152*1_175-77*1_175-81*1_175-1066*1_371-355*1_175-76*1_175-82*1_175-75*1_175-83*1_175-1065*1_175-74*1_175-84*1_175-158*1_175-1064*1_371-462*1_175-73*1_175-85*1_371-354*1_371-461*1_175-72*1_175-86*1_175-1260*1_175-1063*1_371-1217*1_175-1259*1_371-460*1_175-71*1_175-87*1_175-157*1_175-1062*1_175-1258*1_371-459*1_371-353*1_175-70*1_175-88*1_175-1257*1_371-1218*1_175-1061*1_371-458*1_175-1256*1_175-69*1_175-89*1_175-156*1_371-457*1_175-1060*1_175-1255*1_371-352*1_371-1104*1_371-1103*1_371-1105*1_371-1102*1_371-1106*1_175-68*1_175-90*1_371-1101*1_371-1107*1_371-1219*1_371-456*1_371-1108*1_175-1254*1_175-1059*1_371-1109*1_175-67*1_175-91*1_175-155*1_371-1110*1_371-351*1_371-455*1_184-1253*2_184-1252*2_184-1251*2_184-1250*2_184-92*2_184-93*2_184-1249*2_184-94*2_184-95*2_184-272*2_184-1248*2_1105-350*2_70-66*2_1105-349*2_70-65*2_1105-348*2_70-64*2_70-1056*2_1105-347*2_70-1057*2_70-1058*2_1105-1111*2_70-63*2_1105-346*2_1105-1112*2_1105-345*2_70-62*2_1105-1113*2_1105-344*2_70-61*2_1105-1114*2_1105-343*2_70-60*2_1105-1115*2_1105-342*2_70-59*2_1105-1116*2_1105-341*2_70-58*2_1105-1117*2_1105-340*2_70-57*2_1105-1118*2_1105-339*2_70-56*2_1105-1119*2_1105-338*2_70-55*2_1105-448*2_1105-1120*2_1105-337*2_1105-447*2_1105-449*2_70-54*2_1105-446*2_1105-450*2_1105-445*2_1105-451*2_1105-444*2_1105-443*2_1105-1009*2_1105-1121*2_1105-336*2_1105-1008*2_1105-1010*2_70-53*2_1105-1007*2_1105-1011*2_1105-442*2_1105-1006*2_1105-1012*2_1105-1005*2_1105-1013*2_1105-441*2_1105-1004*2_1105-1014*2_1105-440*2_1105-1122*2_1105-335*2_70-52*2_1105-1003*2_1105-1015*2_472-1230*2_1105-1002*2_1105-1016*2_1105-439*2_1105-251*2_1105-1001*2_1105-1017*2_1105-1123*2_1105-250*2_1105-334*2_1105-438*2_70-51*2_472-1231*2_472-562*2_1105-1000*2_1105-1018*2_1105-249*2_1105-437*2_472-561*2_1105-248*2_1105-999*2_1105-1019*2_1105-1124*2_1105-333*2_70-50*2_70-154*2_472-560*2_472-1232*2_1105-436*2_1105-247*2_1105-998*2_1105-1020*2_472-559*2_1105-246*2_1105-435*2_472-1233*2_1105-997*2_1105-1021*2_1105-1125*2_472-558*2_1313-1331*2_472-557*2_472-1234*2_1313-1332*2_472-556*2_1313-1333*2_157-153*2_157-152*2_157-151*2_157-150*2_157-149*2_467-463*2_157-148*2_467-1220*2_157-147*2_467-1221*2_157-146*2_467-1222*2_467-1223*2_157-145*2_467-1224*2_157-144*2_157-976*2_157-975*2_157-977*2_157-974*2_157-978*2_157-973*2_157-979*2_157-972*2_157-980*2_467-1225*2_157-971*2_157-981*2_157-143*2_157-970*2_157-982*2_467-1226*2_157-969*2_157-983*2_157-142*2_157-968*2_157-984*2_467-1227*2_157-967*2_157-985*2_157-141*2_157-966*2_157-986*2_467-1228*2_157-140*2_157-965*2_157-987*2_467-454*2_467-1229*2_157-964*2_157-988*2_157-245*2_467-1316*2_157-139*2_467-1317*2_467-453*2_157-244*2_157-963*2_157-989*2_467-1318*2_157-243*2_157-138*2_467-1319*2_157-962*2_157-990*2_467-452*2_157-242*2_467-1320*2_157-961*2_157-991*2_157-49*2_157-137*2_157-241*2_467-1321*2_467-563*2_467-564*2_467-565*2_467-566*2_467-1322*2_467-567*2_467-568*2_467-1323*2_467-569*2_467-570*2_467-1324*2_467-555*2_467-571*2_467-554*2_467-572*2_467-1299*2_467-1325*2_467-381*2_467-553*2_467-573*2_467-1298*2_467-1326*2_467-1235*2_467-382*2_467-552*2_467-574*2_467-1297*2_467-1327*2_467-1126*2_467-383*2_467-551*2_467-575*2_440-1028*3_440-1029*3_440-1030*3_440-1031*3_440-1032*3_440-1033*3_440-1034*3_440-1035*3_440-1036*3_440-1037*3_440-536*3_440-535*3_440-537*3_440-534*3_440-1038*3_440-533*3_440-532*3_440-531*3_440-1039*3_440-530*3_440-529*3_440-528*3_440-1040*3_440-527*3_1005-317*3_440-1041*3_440-526*3_440-421*3_440-525*3_1005-921*3_440-1042*3_440-420*3_440-524*3_997-892*3_997-222*3_997-891*3_997-890*3_997-221*3_997-889*3_558-1236*3_558-1237*3_558-1238*3_558-1239*3_558-550*3_558-1240*3_558-549*3_558-1241*3_558-1242*3_558-1243*3_558-1244*3_558-1245*3_558-1246*3_558-1139*3_558-1140*3_558-1141*3_558-1247*3_558-1142*3_558-1143*3_558-654*3_558-653*3_558-655*3_558-652*3_558-656*3_558-1144*3_558-651*3_558-657*3_558-650*3_558-658*3_558-1145*3_558-649*3_558-659*3_558-648*3_558-660*3_558-1146*3_558-647*3_558-661*3_558-1147*3_558-646*3_558-662*3_558-1328*3_558-1329*3_558-1330*3_558-645*3_558-663*3_558-1148*3_558-644*3_558-664*3_558-1334*3_558-1149*3_558-1335*3_558-643*3_558-665*3_558-1336*3_558-1150*3_558-642*3_558-666*3_1277-1293*3_1277-1294*3_1277-1295*3_1277-1296*3_559-1138*3_559-1337*3_559-1338*3_559-667*3_336-330*3_336-329*3_336-328*3_336-327*3_336-326*3_137-129*3_336-325*3_137-128*3_137-880*3_137-879*3_137-881*3_137-882*3_336-324*3_336-996*3_137-883*3_137-884*3_137-127*3_137-885*3_336-323*3_336-995*3_137-886*3_137-126*3_336-322*3_137-887*3_137-125*3_137-888*3_336-321*3_137-124*3_336-320*3_336-912*3_336-911*3_336-913*3_336-910*3_336-914*3_336-909*3_336-915*3_336-908*3_336-916*3_137-123*3_336-907*3_336-917*3_336-319*3_336-906*3_336-918*3_336-905*3_336-919*3_137-122*3_336-904*3_336-920*3_336-318*3_336-903*3_137-893*3_137-121*3_336-902*3_336-922*3_137-894*3_336-901*3_336-923*3_137-120*3_137-227*3_336-316*3_336-900*3_336-924*3_137-226*3_137-895*3_137-225*3_137-119*3_137-224*3_137-896*3_439-419*3_439-523*3_137-223*3_137-118*3_137-897*3_137-117*3_1038-1043*4_1038-1044*4_1038-522*4_1038-1045*4_1038-521*4_1038-1046*4_1038-520*4_1038-1047*4_1038-519*4_1038-1048*4_1038-518*4_1038-1049*4_1038-517*4_1038-1050*4_1038-516*4_1038-1051*4_1038-515*4_1038-1052*4_1038-430*4_1038-514*4_1038-429*4_1038-428*4_1038-427*4_1038-1053*4_1038-513*4_1038-426*4_1038-425*4_1038-942*4_1038-1054*4_1038-941*4_1038-943*4_1038-424*4_1038-512*4_1038-940*4_1038-944*4_1038-939*4_1038-945*4_1038-938*4_1038-946*4_1038-423*4_1038-937*4_1038-947*4_1038-1055*4_1038-936*4_1038-948*4_1038-511*4_1038-422*4_1038-935*4_1038-949*4_1038-934*4_1038-950*4_1038-624*4_1038-623*4_1038-625*4_1038-510*4_1038-622*4_1038-626*4_1038-621*4_1038-627*4_1038-933*4_1038-951*4_1038-620*4_1038-628*4_1038-619*4_1038-629*4_1038-932*4_1038-952*4_1038-618*4_1038-630*4_1038-509*4_1038-617*4_1038-631*4_1038-931*4_1038-953*4_1038-616*4_1038-632*4_1038-418*4_1038-930*4_1038-954*4_969-48*3_969-960*3_969-47*3_969-46*3_969-45*3_969-44*3_969-43*3_969-136*3_969-42*3_969-41*3_969-135*3_969-40*3_969-134*3_969-39*3_969-133*3_969-38*3_969-132*3_969-37*3_969-131*3_969-36*3_969-130*3_969-35*3_969-873*3_969-872*3_969-874*3_969-871*3_969-875*3_969-870*3_969-876*3_969-869*3_969-877*3_969-34*3_969-868*3_969-878*3_969-867*3_969-866*3_969-33*3_451-548*3_969-865*3_969-32*3_969-864*3_969-31*3_1338-1339*4_1338-1340*4_1338-1341*4_1338-1342*4_1338-1343*4_1338-671*4_1338-670*4_1338-669*4_1338-668*4_322-409*4_322-408*4_322-407*4_322-1022*4_322-406*4_892-791*4_892-116*4_892-790*4_892-789*4_892-115*4_909-301*4_892-788*4_892-787*4_892-114*4_909-825*4_892-786*4_892-113*4_892-785*4_892-112*4_892-784*4_1123-1127*3_1123-1128*3_1123-1129*3_1123-1130*3_1123-1131*3_1123-1132*3_1123-1133*3_1123-1134*3_1123-1135*3_1123-544*3_1123-1136*3_1123-543*3_1123-545*3_1123-542*3_1123-546*3_1123-541*3_1123-547*3_1123-540*3_1123-539*3_1123-1137*3_1123-434*3_1123-538*3_1123-433*3_1123-1027*3_1123-1026*3_1123-1025*3_1123-432*3_1123-1024*3_1123-1023*3_1123-431*3_864-30*4_864-29*4_864-28*4_864-27*4_911-315*4_864-26*4_911-314*4_864-25*4_911-313*4_864-24*4_911-312*4_864-23*4_911-311*4_864-22*4_911-310*4_864-21*4_911-309*4_911-331*4_864-20*4_911-308*4_911-332*4_864-19*4_911-307*4_864-18*4_911-925*4_911-306*4_864-17*4_911-926*4_911-305*4_864-16*4_864-768*4_864-769*4_864-770*4_911-815*4_911-927*4_911-304*4_911-814*4_911-816*4_864-771*4_911-813*4_911-817*4_911-812*4_911-818*4_864-772*4_911-811*4_911-819*4_864-773*4_911-810*4_911-820*4_864-15*4_864-774*4_911-416*4_911-928*4_911-303*4_911-415*4_911-417*4_911-809*4_911-821*4_911-414*4_864-775*4_911-413*4_911-412*4_911-808*4_911-822*4_864-776*4_911-411*4_864-14*4_911-823*4_911-929*4_911-302*4_911-410*4_911-824*4_864-13*4_885-782*4_885-111*4_885-781*4_911-826*4_864-12*4_911-827*4_885-110*4_885-109*4_891-802*4_891-207*4_891-206*4_891-205*4_147-240*4_147-992*4_147-239*4_147-238*4_147-237*4_147-993*4_147-236*4_147-235*4_147-994*4_147-234*4_147-233*4_147-232*4_953-955*5_953-956*5_953-957*5_953-958*5_953-959*5_953-608*5_953-607*5_953-609*5_953-606*5_953-610*5_953-605*5_953-611*5_953-604*5_953-612*5_953-603*5_953-613*5_953-602*5_953-614*5_953-508*5_953-601*5_953-615*5_953-507*5_953-600*5_953-506*5_953-505*5_953-599*5_953-504*5_953-598*5_953-503*5_953-597*5_953-502*5_953-596*5_953-501*5_953-595*5_953-500*5_953-594*5_953-499*5_953-857*5_953-856*5_953-858*5_953-855*5_953-859*5_953-854*5_953-860*5_953-853*5_953-861*5_953-593*5_953-498*5_953-852*5_953-862*5_953-851*5_953-863*5_953-592*5_953-850*5_953-497*5_953-849*5_953-496*5_953-848*5_953-591*5_953-847*5_953-495*5_953-590*5_953-846*5_953-845*5_123-783*5_123-780*5_123-779*5_123-778*5_123-777*5_123-792*5_123-793*5_123-794*5_123-108*5_123-795*5_123-107*5_123-219*5_123-218*5_123-220*5_123-217*5_123-216*5_123-796*5_123-215*5_123-214*5_123-106*5_123-797*5_123-213*5_123-212*5_123-798*5_123-211*5_123-105*5_123-210*5_123-228*5_123-799*5_123-898*5_123-209*5_123-229*5_123-104*5_123-208*5_123-230*5_123-800*5_123-899*5_123-103*5_226-231*4_226-801*4_226-803*4_226-804*4_226-805*4_226-806*4_226-807*4_416-404*5_416-403*5_416-402*5_416-401*5_416-400*5_416-832*5_416-831*5_416-833*5_416-830*5_416-834*5_416-829*5_416-835*5_416-828*5_416-836*5_416-837*5_416-399*5_416-838*5_416-839*5_416-840*5_416-398*5_416-841*5_416-842*5_416-397*5_416-843*5_416-396*5_416-844*5_1144-1151*5_1144-640*5_1144-639*5_1144-641*5_1144-638*5_1144-637*5_1144-636*5_1144-635*5_1144-634*5_1144-633*5_223-204*4_223-203*4_850-494*6_850-493*6_850-492*6_850-491*6_850-490*6_850-489*6_850-488*6_850-487*6_850-486*6_850-485*6_850-484*6_850-483*6_850-482*6_850-481*6_850-585*6_850-754*6_850-753*6_850-755*6_850-480*6_850-584*6_850-752*6_850-756*6_850-751*6_850-757*6_850-750*6_850-758*6_850-583*6_850-749*6_850-759*6_850-748*6_850-760*6_850-582*6_850-747*6_850-761*6_850-581*6_850-746*6_850-762*6_850-745*6_850-763*6_850-580*6_850-744*6_850-764*6_850-579*6_850-743*6_850-765*6_850-578*6_850-742*6_850-766*6_20-11*6_20-10*6_20-9*6_20-8*6_20-7*6_20-6*6_20-5*6_20-4*6_20-3*6_20-2*6_20-1*6_20-0*6_20-672*6_304-391*5_304-390*5_814-195*5_304-389*5_304-731*5_814-707*5_814-194*5_304-388*5_304-732*5_814-706*5_804-202*5_804-201*5_804-200*5_804-199*5_804-198*5_804-197*5_804-196*5_804-297*5_804-296*5_804-295*5_804-193*5_804-294*5_804-708*5_804-709*5_804-710*5_804-293*5_804-705*5_804-711*5_804-192*5_804-704*5_804-712*5_804-703*5_804-713*5_804-292*5_804-702*5_804-714*5_804-701*5_804-715*5_804-291*5_804-700*5_804-716*5_804-699*5_804-717*5_804-290*5_804-698*5_804-718*5_804-289*5_804-697*5_804-719*5_804-288*5_804-696*5_804-720*5_406-405*5_406-395*5_406-394*5_406-393*5_406-392*5_406-387*5_406-386*5_706-695*6_706-694*6_706-693*6_706-692*6_706-691*6_706-721*6_706-690*6_706-722*6_706-689*6_706-723*6_706-298*6_706-299*6_706-96*6_706-688*6_706-724*6_706-97*6_706-98*6_706-99*6_706-100*6_706-300*6_706-101*6_706-687*6_706-725*6_706-686*6_706-726*6_593-589*6_593-588*6_593-587*6_593-586*6_593-577*6_593-576*6_593-767*6_18-673*6_18-674*6_18-675*6_18-676*6_18-677*6_18-678*6_18-679*6_18-680*6_789-685*6_789-684*6_789-683*6_789-682*6_789-681*6_755-741*7_755-740*7_755-739*7_755-738*7_755-737*7_755-384*7_755-736*7_755-385*7_755-735*7_387-734*6_387-733*6_387-730*6_387-729*6_387-728*6_387-727*6_105-102*6_
