"id","Scenario","Actual Range","Protocol","Buildings","Total nodes","Nodes on circ","Total coverage","Coverage on circ","Alert received mean time","Hops","Slots","Messages sent","Messages received", "Starting x", "Starting y","Starting node", "Vehicle distance", "Received node ids", "Node ids", "Transmission map", "Received on circ nodes", "Transmission vector"
0,1,500,300,0,1344,73,1344,73,1399.18,3.38356,3.50685,662,1344,975,1300,1043,25,300_1042_1044_299_301_1041_1045_298_302_1040_1046_297_303_1039_1047_296_304_1038_1048_295_305_1037_1049_294_306_1036_1050_293_307_1035_1051_292_308_1034_1052_291_309_1033_1053_290_310_216_1032_1054_215_217_289_311_214_218_213_219_212_220_959_1031_1055_1127_288_312_958_960_1126_1128_211_221_957_961_1125_1129_956_962_1124_1130_210_222_955_963_1123_1131_384_954_964_1030_1056_1122_1132_209_223_287_313_383_385_382_386_381_387_953_965_1121_1133_208_224_380_388_952_966_1120_1134_379_389_1029_1057_286_314_207_225_378_390_951_967_1119_1135_377_391_206_226_950_968_1028_1058_1118_1136_285_315_376_392_205_227_949_969_1117_1137_375_393_1027_1059_284_316_204_228_948_970_1116_1138_374_394_947_971_1115_1139_1026_1060_203_229_283_317_373_395_372_396_946_972_1114_1140_202_230_1025_1061_282_318_371_397_945_973_1113_1141_201_231_1024_1062_281_319_370_398_944_974_1112_1142_200_232_369_399_943_975_1023_1063_1111_1143_1216_1217_400_1106_1218_401_402_1219_1105_403_1220_404_143_142_144_1104_1221_141_145_405_140_146_328_139_147_1222_406_138_148_1103_1223_137_149_1144_329_407_136_150_1102_408_1224_1194_135_151_1145_330_1193_409_1022_1225_134_152_1101_1192_1146_331_410_1021_133_153_1226_1191_1100_132_154_1020_411_1190_1147_1227_131_155_1019_1099_1189_130_156_1188_1018_245_1098_1187_129_157_1017_246_1097_1186_128_158_1016_1185_127_159_247_1015_1195_1014_1013_856_855_332_112_854_412_111_1228_110_853_333_413_109_108_852_107_851_265_106_850_248_105_353_264_792_791_793_790_794_789_795_160_104_849_352_788_796_249_787_797_1184_786_798_894_263_161_103_351_848_785_799_250_784_800_162_1183_102_930_895_262_350_847_181_163_251_101_929_846_100_180_780_1012_1011_1107_1108_1109_1010_1110_1009_51_50_52_1096_49_53_48_54_1008_47_55_1095_46_56_45_57_1094_44_58_1093_43_59_42_60_1092_41_61_40_62_39_63_928_927_38_64_926_37_65_233_925_36_66_234_924_35_67_235_861_860_859_858_857_114_113_189_269_188_187_186_473_185_474_475_184_902_442_354_183_903_441_992_904_182_440_905_993_472_1064_471_1065_470_1066_469_1067_1158_468_1068_1043_1069_1159_467_1070_466_1289_1290_1291_1245_1325_115_116_845_99_117_844_98_118_843_97_119_770_842_938_769_771_937_939_96_120_768_772_936_940_767_773_935_766_774_934_765_775_841_933_95_121_764_776_932_763_777_931_24_840_23_25_22_26_94_122_21_27_762_778_20_28_19_29_761_779_93_123_18_30_760_17_31_16_32_92_124_759_781_179_15_33_758_782_91_125_14_34_178_757_783_13_177_90_126_12_756_176_11_89_175_10_980_268_981_267_355_266_1182_1181_1180_1196_1179_1197_1178_1198_68_236_69_237_70_238_1177_1199_71_239_72_240_1176_1200_73_241_1201_74_164_242_75_243_941_1202_165_76_244_942_1203_77_166_1204_78_167_79_1272_1271_1273_1270_1274_80_1269_1275_1268_1276_1267_1277_1266_1278_81_443_444_900_899_901_898_439_445_897_438_446_437_447_436_448_906_435_449_907_434_450_465_1071_908_464_1072_1160_433_451_909_452_817_818_910_819_820_431_453_821_911_1295_1321_822_430_454_526_525_527_524_528_912_823_1294_1322_523_529_522_530_824_429_455_521_531_1293_1323_913_520_532_825_519_533_1292_1324_428_456_984_983_985_826_914_982_986_987_518_534_988_827_979_989_367_427_457_517_535_915_978_990_368_516_536_828_977_991_426_458_916_976_695_863_515_537_193_829_723_694_862_514_538_425_459_194_917_830_994_724_693_513_539_995_725_195_424_460_831_918_692_512_540_996_726_196_832_423_461_691_919_997_511_541_727_197_833_998_690_422_462_510_542_728_1288_1287_1286_1296_335_334_1297_1298_1299_1300_327_1301_326_1206_1302_1207_1208_1209_325_1210_1211_1303_324_1212_1213_1304_323_1214_1215_1305_322_1306_321_1307_320_1308_419_418_417_416_415_414_1309_1310_1265_1264_1263_82_1262_83_1261_1260_174_173_172_190_171_191_170_192_864_169_865_168_696_866_697_867_698_868_699_1073_463_1074_476_1075_477_1076_478_1077_479_1078_480_1152_1079_1151_1153_1150_1154_1149_1155_1156_481_553_552_554_1080_1157_551_555_550_556_549_557_482_548_558_1081_547_559_546_560_483_1082_1161_545_561_1162_484_544_562_1083_1163_543_563_485_1084_564_1164_565_486_1085_1165_566_1166_487_1086_567_1167_488_1087_568_1168_999_489_569_1284_1283_1285_1282_1281_1280_1279_1232_1233_1234_1235_490_491_492_1236_493_494_1237_495_1238_496_497_1239_498_1240_499_1311_1312_500_1241_1313_1314_1315_501_1242_1316_502_1317_1243_1318_503_420_732_731_733_730_836_729_837_920_838_921_605_604_606_839_603_607_922_602_608_601_609_808_600_610_923_599_611_807_598_612_597_613_722_806_596_614_342_341_343_340_344_339_345_721_805_595_615_338_346_337_347_594_616_336_348_720_804_349_593_617_719_803_592_618_718_802_591_619_752_717_801_590_620_753_1000_1001_754_1002_589_621_716_715_714_713_280_279_278_277_276_876_875_877_874_878_873_879_872_880_275_871_881_870_882_274_869_883_273_884_366_365_885_272_364_363_886_362_271_887_361_270_360_888_359_889_890_891_700_1229_1230_1231_1319_1320_1205_356_357_358_892_261_260_259_258_257_256_255_712_254_1088_1089_1090_1091_636_635_637_634_638_633_639_632_640_631_641_630_642_629_643_628_644_627_645_1169_1170_1003_1171_1004_1172_626_646_1005_1173_1006_1174_625_647_1007_1175_624_648_623_649_622_650_651_652_570_653_571_654_509_508_834_507_835_506_505_741_740_742_739_743_504_738_744_737_745_736_746_735_747_734_748_421_749_750_751_755_588_1334_1256_1335_1336_1257_1337_1258_1338_1259_1339_660_1340_88_87_86_85_688_687_689_686_685_84_684_683_682_681_680_679_678_9_677_8_7_676_6_5_675_701_4_3_674_702_2_673_703_1_0_672_704_199_432_816_815_814_813_812_811_810_809_1244_1326_1327_580_1328_581_582_1329_583_584_1330_705_706_707_252_708_253_709_655_656_657_658_659_1255_661_1254_1253_662_1252_1251_663_664_665_666_667_1341_1342_1343_671_670_669_1333_668_1332_587_586_1331_896_1148_893_585_198_711_710_572_573_574_575_1249_1250_576_1248_577_578_1247_579_1246_,0_1_2_3_4_5_6_7_8_9_10_11_12_13_14_15_16_17_18_19_20_21_22_23_24_25_26_27_28_29_30_31_32_33_34_35_36_37_38_39_40_41_42_43_44_45_46_47_48_49_50_51_52_53_54_55_56_57_58_59_60_61_62_63_64_65_66_67_68_69_70_71_72_73_74_75_76_77_78_79_80_81_82_83_84_85_86_87_88_89_90_91_92_93_94_95_96_97_98_99_100_101_102_103_104_105_106_107_108_109_110_111_112_113_114_115_116_117_118_119_120_121_122_123_124_125_126_127_128_129_130_131_132_133_134_135_136_137_138_139_140_141_142_143_144_145_146_147_148_149_150_151_152_153_154_155_156_157_158_159_160_161_162_163_164_165_166_167_168_169_170_171_172_173_174_175_176_177_178_179_180_181_182_183_184_185_186_187_188_189_190_191_192_193_194_195_196_197_198_199_200_201_202_203_204_205_206_207_208_209_210_211_212_213_214_215_216_217_218_219_220_221_222_223_224_225_226_227_228_229_230_231_232_233_234_235_236_237_238_239_240_241_242_243_244_245_246_247_248_249_250_251_252_253_254_255_256_257_258_259_260_261_262_263_264_265_266_267_268_269_270_271_272_273_274_275_276_277_278_279_280_281_282_283_284_285_286_287_288_289_290_291_292_293_294_295_296_297_298_299_300_301_302_303_304_305_306_307_308_309_310_311_312_313_314_315_316_317_318_319_320_321_322_323_324_325_326_327_328_329_330_331_332_333_334_335_336_337_338_339_340_341_342_343_344_345_346_347_348_349_350_351_352_353_354_355_356_357_358_359_360_361_362_363_364_365_366_367_368_369_370_371_372_373_374_375_376_377_378_379_380_381_382_383_384_385_386_387_388_389_390_391_392_393_394_395_396_397_398_399_400_401_402_403_404_405_406_407_408_409_410_411_412_413_414_415_416_417_418_419_420_421_422_423_424_425_426_427_428_429_430_431_432_433_434_435_436_437_438_439_440_441_442_443_444_445_446_447_448_449_450_451_452_453_454_455_456_457_458_459_460_461_462_463_464_465_466_467_468_469_470_471_472_473_474_475_476_477_478_479_480_481_482_483_484_485_486_487_488_489_490_491_492_493_494_495_496_497_498_499_500_501_502_503_504_505_506_507_508_509_510_511_512_513_514_515_516_517_518_519_520_521_522_523_524_525_526_527_528_529_530_531_532_533_534_535_536_537_538_539_540_541_542_543_544_545_546_547_548_549_550_551_552_553_554_555_556_557_558_559_560_561_562_563_564_565_566_567_568_569_570_571_572_573_574_575_576_577_578_579_580_581_582_583_584_585_586_587_588_589_590_591_592_593_594_595_596_597_598_599_600_601_602_603_604_605_606_607_608_609_610_611_612_613_614_615_616_617_618_619_620_621_622_623_624_625_626_627_628_629_630_631_632_633_634_635_636_637_638_639_640_641_642_643_644_645_646_647_648_649_650_651_652_653_654_655_656_657_658_659_660_661_662_663_664_665_666_667_668_669_670_671_672_673_674_675_676_677_678_679_680_681_682_683_684_685_686_687_688_689_690_691_692_693_694_695_696_697_698_699_700_701_702_703_704_705_706_707_708_709_710_711_712_713_714_715_716_717_718_719_720_721_722_723_724_725_726_727_728_729_730_731_732_733_734_735_736_737_738_739_740_741_742_743_744_745_746_747_748_749_750_751_752_753_754_755_756_757_758_759_760_761_762_763_764_765_766_767_768_769_770_771_772_773_774_775_776_777_778_779_780_781_782_783_784_785_786_787_788_789_790_791_792_793_794_795_796_797_798_799_800_801_802_803_804_805_806_807_808_809_810_811_812_813_814_815_816_817_818_819_820_821_822_823_824_825_826_827_828_829_830_831_832_833_834_835_836_837_838_839_840_841_842_843_844_845_846_847_848_849_850_851_852_853_854_855_856_857_858_859_860_861_862_863_864_865_866_867_868_869_870_871_872_873_874_875_876_877_878_879_880_881_882_883_884_885_886_887_888_889_890_891_892_893_894_895_896_897_898_899_900_901_902_903_904_905_906_907_908_909_910_911_912_913_914_915_916_917_918_919_920_921_922_923_924_925_926_927_928_929_930_931_932_933_934_935_936_937_938_939_940_941_942_943_944_945_946_947_948_949_950_951_952_953_954_955_956_957_958_959_960_961_962_963_964_965_966_967_968_969_970_971_972_973_974_975_976_977_978_979_980_981_982_983_984_985_986_987_988_989_990_991_992_993_994_995_996_997_998_999_1000_1001_1002_1003_1004_1005_1006_1007_1008_1009_1010_1011_1012_1013_1014_1015_1016_1017_1018_1019_1020_1021_1022_1023_1024_1025_1026_1027_1028_1029_1030_1031_1032_1033_1034_1035_1036_1037_1038_1039_1040_1041_1042_1043_1044_1045_1046_1047_1048_1049_1050_1051_1052_1053_1054_1055_1056_1057_1058_1059_1060_1061_1062_1063_1064_1065_1066_1067_1068_1069_1070_1071_1072_1073_1074_1075_1076_1077_1078_1079_1080_1081_1082_1083_1084_1085_1086_1087_1088_1089_1090_1091_1092_1093_1094_1095_1096_1097_1098_1099_1100_1101_1102_1103_1104_1105_1106_1107_1108_1109_1110_1111_1112_1113_1114_1115_1116_1117_1118_1119_1120_1121_1122_1123_1124_1125_1126_1127_1128_1129_1130_1131_1132_1133_1134_1135_1136_1137_1138_1139_1140_1141_1142_1143_1144_1145_1146_1147_1148_1149_1150_1151_1152_1153_1154_1155_1156_1157_1158_1159_1160_1161_1162_1163_1164_1165_1166_1167_1168_1169_1170_1171_1172_1173_1174_1175_1176_1177_1178_1179_1180_1181_1182_1183_1184_1185_1186_1187_1188_1189_1190_1191_1192_1193_1194_1195_1196_1197_1198_1199_1200_1201_1202_1203_1204_1205_1206_1207_1208_1209_1210_1211_1212_1213_1214_1215_1216_1217_1218_1219_1220_1221_1222_1223_1224_1225_1226_1227_1228_1229_1230_1231_1232_1233_1234_1235_1236_1237_1238_1239_1240_1241_1242_1243_1244_1245_1246_1247_1248_1249_1250_1251_1252_1253_1254_1255_1256_1257_1258_1259_1260_1261_1262_1263_1264_1265_1266_1267_1268_1269_1270_1271_1272_1273_1274_1275_1276_1277_1278_1279_1280_1281_1282_1283_1284_1285_1286_1287_1288_1289_1290_1291_1292_1293_1294_1295_1296_1297_1298_1299_1300_1301_1302_1303_1304_1305_1306_1307_1308_1309_1310_1311_1312_1313_1314_1315_1316_1317_1318_1319_1320_1321_1322_1323_1324_1325_1326_1327_1328_1329_1330_1331_1332_1333_1334_1335_1336_1337_1338_1339_1340_1341_1342_1343_,97:{174;173;172;190;171;191;170;192;864;169;865;168;696;866;697;867;698;868;699;}135:{1012;1011;1107;1108;1109;1010;1110;1009;51;50;52;1096;49;53;48;54;1008;47;55;1095;46;56;45;57;1094;44;58;1093;43;59;42;60;1092;41;61;40;62;39;63;928;927;38;64;926;37;65;233;925;36;66;234;924;35;67;235;}149:{1182;1181;1180;1196;1179;1197;1178;1198;68;236;69;237;70;238;1177;1199;71;239;72;240;1176;1200;73;241;1201;74;164;242;75;243;1202;165;76;244;1203;77;166;1204;78;167;79;1272;1271;1273;1270;1274;80;1269;1275;1268;1276;1267;1277;1266;1278;81;}200:{856;855;112;854;111;110;853;109;108;852;107;851;106;850;105;104;849;103;848;102;930;847;181;101;929;846;100;180;780;}202:{861;860;859;858;857;114;113;189;188;187;186;185;184;183;182;}213:{1015;1014;1013;}227:{1106;1105;143;142;144;1104;141;145;140;146;139;147;138;148;1103;137;149;136;150;1102;1194;135;151;1193;1022;134;152;1101;1192;1021;133;153;1191;1100;132;154;1020;1190;131;155;1019;1099;1189;130;156;1188;1018;245;1098;1187;129;157;1017;246;1097;1186;128;158;1016;1185;127;159;247;}231:{1195;248;160;249;1184;161;250;162;1183;163;251;}251:{1284;1283;1285;1282;1281;1280;1279;}282:{265;353;264;792;791;793;790;794;789;795;352;788;796;787;797;786;798;894;263;351;785;799;784;800;895;262;350;}284:{268;267;355;266;}285:{280;279;278;277;276;876;875;877;874;878;873;879;872;880;275;871;881;870;882;274;869;883;273;884;366;365;885;272;364;363;886;362;271;887;361;270;360;888;359;889;890;891;}313:{332;412;1228;333;413;}338:{711;710;}354:{356;357;358;892;261;260;259;258;257;256;255;712;254;}373:{893;}375:{473;474;475;}398:{472;1064;471;1065;470;1066;469;1067;1158;468;1068;1043;1069;1159;467;1070;466;}403:{1232;1233;1234;1235;490;491;492;1236;493;494;1237;495;1238;496;497;1239;498;1240;499;1311;1312;500;1241;1313;1314;1315;501;1242;1316;502;1317;1243;1318;503;}409:{1229;1230;1231;1319;1320;1205;}411:{1295;1321;1294;1322;1293;1323;1292;1324;}422:{432;816;815;814;813;812;811;810;809;}426:{420;732;731;733;730;729;808;807;722;806;342;341;343;340;344;339;345;721;805;338;346;337;347;336;348;720;804;349;719;803;718;802;717;801;716;715;714;713;}442:{443;444;900;899;901;898;439;445;897;438;446;437;447;436;448;906;435;449;907;434;450;908;433;451;909;452;817;818;910;819;820;431;453;821;911;822;430;454;526;525;527;524;528;912;823;523;529;522;530;824;429;455;521;531;913;520;532;825;519;533;428;456;984;983;985;826;914;982;986;987;518;534;988;827;979;989;367;427;457;517;535;915;978;990;368;516;536;828;977;991;426;458;916;976;515;537;829;514;538;425;459;917;830;994;513;539;995;424;460;831;918;512;540;996;832;423;461;919;997;511;541;833;998;422;462;510;542;}455:{896;}469:{1073;463;1074;476;1075;477;1076;478;1077;479;1078;480;1152;1079;1151;1153;1150;1154;1149;1155;1156;481;553;552;554;1080;1157;551;555;550;556;549;557;482;548;558;1081;547;559;546;560;483;1082;1161;545;561;1162;484;544;562;1083;1163;543;563;485;1084;564;1164;565;486;1085;1165;566;1166;487;1086;567;1167;488;1087;568;1168;999;489;569;}485:{1148;}521:{836;837;920;838;921;605;604;606;839;603;607;922;602;608;601;609;600;610;923;599;611;598;612;597;613;596;614;595;615;594;616;593;617;592;618;591;619;752;590;620;753;1000;1001;754;1002;589;621;}569:{1246;}571:{576;1248;577;}647:{655;656;657;658;659;1255;661;1254;1253;662;1252;1251;663;664;665;666;667;}699:{705;706;707;252;708;253;709;}768:{700;}772:{88;87;86;85;688;687;689;686;685;84;684;683;682;681;680;679;678;9;677;8;7;676;6;5;675;701;4;3;674;702;2;673;703;1;0;672;704;}790:{695;863;193;694;862;194;693;195;692;196;691;197;690;}796:{723;724;725;726;727;728;}825:{509;508;834;507;835;506;505;741;740;742;739;743;504;738;744;737;745;736;746;735;747;734;748;421;749;750;751;755;588;}854:{115;116;845;99;117;844;98;118;843;97;119;770;842;938;769;771;937;939;96;120;768;772;936;940;767;773;935;766;774;934;765;775;841;933;95;121;764;776;932;763;777;931;24;840;23;25;22;26;94;122;21;27;762;778;20;28;19;29;761;779;93;123;18;30;760;17;31;16;32;92;124;759;781;179;15;33;758;782;91;125;14;34;178;757;783;13;177;90;126;12;756;176;11;89;175;10;}933:{198;}961:{980;981;}962:{269;}973:{902;442;354;903;441;992;904;440;905;993;}1010:{941;942;}1024:{199;}1043:{300;1042;1044;299;301;1041;1045;298;302;1040;1046;297;303;1039;1047;296;304;1038;1048;295;305;1037;1049;294;306;1036;1050;293;307;1035;1051;292;308;1034;1052;291;309;1033;1053;290;310;216;1032;1054;215;217;289;311;214;218;213;219;212;220;959;1031;1055;1127;288;312;958;960;1126;1128;211;221;957;961;1125;1129;956;962;1124;1130;210;222;955;963;1123;1131;384;954;964;1030;1056;1122;1132;209;223;287;313;383;385;382;386;381;387;953;965;1121;1133;208;224;380;388;952;966;1120;1134;379;389;1029;1057;286;314;207;225;378;390;951;967;1119;1135;377;391;206;226;950;968;1028;1058;1118;1136;285;315;376;392;205;227;949;969;1117;1137;375;393;1027;1059;284;316;204;228;948;970;1116;1138;374;394;947;971;1115;1139;1026;1060;203;229;283;317;373;395;372;396;946;972;1114;1140;202;230;1025;1061;282;318;371;397;945;973;1113;1141;201;231;1024;1062;281;319;370;398;944;974;1112;1142;200;232;369;399;943;975;1023;1063;1111;1143;}1084:{1088;1089;1090;1091;636;635;637;634;638;633;639;632;640;631;641;630;642;629;643;628;644;627;645;1169;1170;1003;1171;1004;1172;626;646;1005;1173;1006;1174;625;647;1007;1175;624;648;623;649;622;650;651;652;570;653;571;654;}1127:{1216;1217;400;1218;401;402;1219;403;1220;404;1221;405;328;1222;406;1223;1144;329;407;408;1224;1145;330;409;1225;1146;331;410;1226;411;1147;1227;}1140:{465;1071;464;1072;1160;}1156:{572;573;574;575;1249;1250;}1185:{1265;1264;1263;82;1262;83;1261;1260;}1192:{1289;1290;1291;}1225:{1245;1325;}1230:{1244;1326;1327;580;1328;581;582;1329;583;584;1330;}1240:{1334;1256;1335;1336;1257;1337;1258;1338;1259;1339;660;1340;}1251:{578;1247;579;}1258:{585;}1290:{1288;1287;1286;1296;335;334;1297;1298;1299;1300;327;1301;326;1206;1302;1207;1208;1209;325;1210;1211;1303;324;1212;1213;1304;323;1214;1215;1305;322;1306;321;1307;320;1308;419;418;417;416;415;414;1309;1310;}1339:{1341;1342;1343;671;670;669;1333;668;1332;587;586;1331;},27_28_29_30_66_67_68_69_99_100_164_165_177_178_260_261_346_347_436_437_438_498_499_500_535_536_537_538_539_565_566_567_568_569_772_773_774_775_776_806_807_808_809_810_842_843_844_906_907_908_997_998_1082_1083_1084_1165_1166_1178_1179_1180_1242_1243_1244_1276_1277_1278_1279_1280_1310_1311_1312_1313_1314_,1043-300*0_1043-1042*0_1043-1044*0_1043-299*0_1043-301*0_1043-1041*0_1043-1045*0_1043-298*0_1043-302*0_1043-1040*0_1043-1046*0_1043-297*0_1043-303*0_1043-1039*0_1043-1047*0_1043-296*0_1043-304*0_1043-1038*0_1043-1048*0_1043-295*0_1043-305*0_1043-1037*0_1043-1049*0_1043-294*0_1043-306*0_1043-1036*0_1043-1050*0_1043-293*0_1043-307*0_1043-1035*0_1043-1051*0_1043-292*0_1043-308*0_1043-1034*0_1043-1052*0_1043-291*0_1043-309*0_1043-1033*0_1043-1053*0_1043-290*0_1043-310*0_1043-216*0_1043-1032*0_1043-1054*0_1043-215*0_1043-217*0_1043-289*0_1043-311*0_1043-214*0_1043-218*0_1043-213*0_1043-219*0_1043-212*0_1043-220*0_1043-959*0_1043-1031*0_1043-1055*0_1043-1127*0_1043-288*0_1043-312*0_1043-958*0_1043-960*0_1043-1126*0_1043-1128*0_1043-211*0_1043-221*0_1043-957*0_1043-961*0_1043-1125*0_1043-1129*0_1043-956*0_1043-962*0_1043-1124*0_1043-1130*0_1043-210*0_1043-222*0_1043-955*0_1043-963*0_1043-1123*0_1043-1131*0_1043-384*0_1043-954*0_1043-964*0_1043-1030*0_1043-1056*0_1043-1122*0_1043-1132*0_1043-209*0_1043-223*0_1043-287*0_1043-313*0_1043-383*0_1043-385*0_1043-382*0_1043-386*0_1043-381*0_1043-387*0_1043-953*0_1043-965*0_1043-1121*0_1043-1133*0_1043-208*0_1043-224*0_1043-380*0_1043-388*0_1043-952*0_1043-966*0_1043-1120*0_1043-1134*0_1043-379*0_1043-389*0_1043-1029*0_1043-1057*0_1043-286*0_1043-314*0_1043-207*0_1043-225*0_1043-378*0_1043-390*0_1043-951*0_1043-967*0_1043-1119*0_1043-1135*0_1043-377*0_1043-391*0_1043-206*0_1043-226*0_1043-950*0_1043-968*0_1043-1028*0_1043-1058*0_1043-1118*0_1043-1136*0_1043-285*0_1043-315*0_1043-376*0_1043-392*0_1043-205*0_1043-227*0_1043-949*0_1043-969*0_1043-1117*0_1043-1137*0_1043-375*0_1043-393*0_1043-1027*0_1043-1059*0_1043-284*0_1043-316*0_1043-204*0_1043-228*0_1043-948*0_1043-970*0_1043-1116*0_1043-1138*0_1043-374*0_1043-394*0_1043-947*0_1043-971*0_1043-1115*0_1043-1139*0_1043-1026*0_1043-1060*0_1043-203*0_1043-229*0_1043-283*0_1043-317*0_1043-373*0_1043-395*0_1043-372*0_1043-396*0_1043-946*0_1043-972*0_1043-1114*0_1043-1140*0_1043-202*0_1043-230*0_1043-1025*0_1043-1061*0_1043-282*0_1043-318*0_1043-371*0_1043-397*0_1043-945*0_1043-973*0_1043-1113*0_1043-1141*0_1043-201*0_1043-231*0_1043-1024*0_1043-1062*0_1043-281*0_1043-319*0_1043-370*0_1043-398*0_1043-944*0_1043-974*0_1043-1112*0_1043-1142*0_1043-200*0_1043-232*0_1043-369*0_1043-399*0_1043-943*0_1043-975*0_1043-1023*0_1043-1063*0_1043-1111*0_1043-1143*0_1127-1216*1_1127-1217*1_1127-400*1_227-1106*1_1127-1218*1_1127-401*1_1127-402*1_1127-1219*1_227-1105*1_1127-403*1_1127-1220*1_1127-404*1_227-143*1_227-142*1_227-144*1_227-1104*1_1127-1221*1_227-141*1_227-145*1_1127-405*1_227-140*1_227-146*1_1127-328*1_227-139*1_227-147*1_1127-1222*1_1127-406*1_227-138*1_227-148*1_227-1103*1_1127-1223*1_227-137*1_227-149*1_1127-1144*1_1127-329*1_1127-407*1_227-136*1_227-150*1_227-1102*1_1127-408*1_1127-1224*1_227-1194*1_227-135*1_227-151*1_1127-1145*1_1127-330*1_227-1193*1_1127-409*1_227-1022*1_1127-1225*1_227-134*1_227-152*1_227-1101*1_227-1192*1_1127-1146*1_1127-331*1_1127-410*1_227-1021*1_227-133*1_227-153*1_1127-1226*1_227-1191*1_227-1100*1_227-132*1_227-154*1_227-1020*1_1127-411*1_227-1190*1_1127-1147*1_1127-1227*1_227-131*1_227-155*1_227-1019*1_227-1099*1_227-1189*1_227-130*1_227-156*1_227-1188*1_227-1018*1_227-245*1_227-1098*1_227-1187*1_227-129*1_227-157*1_227-1017*1_227-246*1_227-1097*1_227-1186*1_227-128*1_227-158*1_227-1016*1_227-1185*1_227-127*1_227-159*1_227-247*1_213-1015*1_231-1195*1_213-1014*1_213-1013*1_200-856*1_200-855*1_313-332*1_200-112*1_200-854*1_313-412*1_200-111*1_313-1228*1_200-110*1_200-853*1_313-333*1_313-413*1_200-109*1_200-108*1_200-852*1_200-107*1_200-851*1_282-265*1_200-106*1_200-850*1_231-248*1_200-105*1_282-353*1_282-264*1_282-792*1_282-791*1_282-793*1_282-790*1_282-794*1_282-789*1_282-795*1_231-160*1_200-104*1_200-849*1_282-352*1_282-788*1_282-796*1_231-249*1_282-787*1_282-797*1_231-1184*1_282-786*1_282-798*1_282-894*1_282-263*1_231-161*1_200-103*1_282-351*1_200-848*1_282-785*1_282-799*1_231-250*1_282-784*1_282-800*1_231-162*1_231-1183*1_200-102*1_200-930*1_282-895*1_282-262*1_282-350*1_200-847*1_200-181*1_231-163*1_231-251*1_200-101*1_200-929*1_200-846*1_200-100*1_200-180*1_200-780*1_135-1012*2_135-1011*2_135-1107*2_135-1108*2_135-1109*2_135-1010*2_135-1110*2_135-1009*2_135-51*2_135-50*2_135-52*2_135-1096*2_135-49*2_135-53*2_135-48*2_135-54*2_135-1008*2_135-47*2_135-55*2_135-1095*2_135-46*2_135-56*2_135-45*2_135-57*2_135-1094*2_135-44*2_135-58*2_135-1093*2_135-43*2_135-59*2_135-42*2_135-60*2_135-1092*2_135-41*2_135-61*2_135-40*2_135-62*2_135-39*2_135-63*2_135-928*2_135-927*2_135-38*2_135-64*2_135-926*2_135-37*2_135-65*2_135-233*2_135-925*2_135-36*2_135-66*2_135-234*2_135-924*2_135-35*2_135-67*2_135-235*2_202-861*1_202-860*1_202-859*1_202-858*1_202-857*1_202-114*1_202-113*1_202-189*1_962-269*1_202-188*1_202-187*1_202-186*1_375-473*1_202-185*1_375-474*1_375-475*1_202-184*1_973-902*1_973-442*1_973-354*1_202-183*1_973-903*1_973-441*1_973-992*1_973-904*1_202-182*1_973-440*1_973-905*1_973-993*1_398-472*2_398-1064*2_398-471*2_398-1065*2_398-470*2_398-1066*2_398-469*2_398-1067*2_398-1158*2_398-468*2_398-1068*2_398-1043*2_398-1069*2_398-1159*2_398-467*2_398-1070*2_398-466*2_1192-1289*2_1192-1290*2_1192-1291*2_1225-1245*2_1225-1325*2_854-115*2_854-116*2_854-845*2_854-99*2_854-117*2_854-844*2_854-98*2_854-118*2_854-843*2_854-97*2_854-119*2_854-770*2_854-842*2_854-938*2_854-769*2_854-771*2_854-937*2_854-939*2_854-96*2_854-120*2_854-768*2_854-772*2_854-936*2_854-940*2_854-767*2_854-773*2_854-935*2_854-766*2_854-774*2_854-934*2_854-765*2_854-775*2_854-841*2_854-933*2_854-95*2_854-121*2_854-764*2_854-776*2_854-932*2_854-763*2_854-777*2_854-931*2_854-24*2_854-840*2_854-23*2_854-25*2_854-22*2_854-26*2_854-94*2_854-122*2_854-21*2_854-27*2_854-762*2_854-778*2_854-20*2_854-28*2_854-19*2_854-29*2_854-761*2_854-779*2_854-93*2_854-123*2_854-18*2_854-30*2_854-760*2_854-17*2_854-31*2_854-16*2_854-32*2_854-92*2_854-124*2_854-759*2_854-781*2_854-179*2_854-15*2_854-33*2_854-758*2_854-782*2_854-91*2_854-125*2_854-14*2_854-34*2_854-178*2_854-757*2_854-783*2_854-13*2_854-177*2_854-90*2_854-126*2_854-12*2_854-756*2_854-176*2_854-11*2_854-89*2_854-175*2_854-10*2_961-980*1_284-268*1_961-981*1_284-267*1_284-355*1_284-266*1_149-1182*3_149-1181*3_149-1180*3_149-1196*3_149-1179*3_149-1197*3_149-1178*3_149-1198*3_149-68*3_149-236*3_149-69*3_149-237*3_149-70*3_149-238*3_149-1177*3_149-1199*3_149-71*3_149-239*3_149-72*3_149-240*3_149-1176*3_149-1200*3_149-73*3_149-241*3_149-1201*3_149-74*3_149-164*3_149-242*3_149-75*3_149-243*3_1010-941*3_149-1202*3_149-165*3_149-76*3_149-244*3_1010-942*3_149-1203*3_149-77*3_149-166*3_149-1204*3_149-78*3_149-167*3_149-79*3_149-1272*3_149-1271*3_149-1273*3_149-1270*3_149-1274*3_149-80*3_149-1269*3_149-1275*3_149-1268*3_149-1276*3_149-1267*3_149-1277*3_149-1266*3_149-1278*3_149-81*3_442-443*2_442-444*2_442-900*2_442-899*2_442-901*2_442-898*2_442-439*2_442-445*2_442-897*2_442-438*2_442-446*2_442-437*2_442-447*2_442-436*2_442-448*2_442-906*2_442-435*2_442-449*2_442-907*2_442-434*2_442-450*2_1140-465*2_1140-1071*2_442-908*2_1140-464*2_1140-1072*2_1140-1160*2_442-433*2_442-451*2_442-909*2_442-452*2_442-817*2_442-818*2_442-910*2_442-819*2_442-820*2_442-431*2_442-453*2_442-821*2_442-911*2_411-1295*2_411-1321*2_442-822*2_442-430*2_442-454*2_442-526*2_442-525*2_442-527*2_442-524*2_442-528*2_442-912*2_442-823*2_411-1294*2_411-1322*2_442-523*2_442-529*2_442-522*2_442-530*2_442-824*2_442-429*2_442-455*2_442-521*2_442-531*2_411-1293*2_411-1323*2_442-913*2_442-520*2_442-532*2_442-825*2_442-519*2_442-533*2_411-1292*2_411-1324*2_442-428*2_442-456*2_442-984*2_442-983*2_442-985*2_442-826*2_442-914*2_442-982*2_442-986*2_442-987*2_442-518*2_442-534*2_442-988*2_442-827*2_442-979*2_442-989*2_442-367*2_442-427*2_442-457*2_442-517*2_442-535*2_442-915*2_442-978*2_442-990*2_442-368*2_442-516*2_442-536*2_442-828*2_442-977*2_442-991*2_442-426*2_442-458*2_442-916*2_442-976*2_790-695*2_790-863*2_442-515*2_442-537*2_790-193*2_442-829*2_796-723*2_790-694*2_790-862*2_442-514*2_442-538*2_442-425*2_442-459*2_790-194*2_442-917*2_442-830*2_442-994*2_796-724*2_790-693*2_442-513*2_442-539*2_442-995*2_796-725*2_790-195*2_442-424*2_442-460*2_442-831*2_442-918*2_790-692*2_442-512*2_442-540*2_442-996*2_796-726*2_790-196*2_442-832*2_442-423*2_442-461*2_790-691*2_442-919*2_442-997*2_442-511*2_442-541*2_796-727*2_790-197*2_442-833*2_442-998*2_790-690*2_442-422*2_442-462*2_442-510*2_442-542*2_796-728*2_1290-1288*3_1290-1287*3_1290-1286*3_1290-1296*3_1290-335*3_1290-334*3_1290-1297*3_1290-1298*3_1290-1299*3_1290-1300*3_1290-327*3_1290-1301*3_1290-326*3_1290-1206*3_1290-1302*3_1290-1207*3_1290-1208*3_1290-1209*3_1290-325*3_1290-1210*3_1290-1211*3_1290-1303*3_1290-324*3_1290-1212*3_1290-1213*3_1290-1304*3_1290-323*3_1290-1214*3_1290-1215*3_1290-1305*3_1290-322*3_1290-1306*3_1290-321*3_1290-1307*3_1290-320*3_1290-1308*3_1290-419*3_1290-418*3_1290-417*3_1290-416*3_1290-415*3_1290-414*3_1290-1309*3_1290-1310*3_1185-1265*2_1185-1264*2_1185-1263*2_1185-82*2_1185-1262*2_1185-83*2_1185-1261*2_1185-1260*2_97-174*3_97-173*3_97-172*3_97-190*3_97-171*3_97-191*3_97-170*3_97-192*3_97-864*3_97-169*3_97-865*3_97-168*3_97-696*3_97-866*3_97-697*3_97-867*3_97-698*3_97-868*3_97-699*3_469-1073*3_469-463*3_469-1074*3_469-476*3_469-1075*3_469-477*3_469-1076*3_469-478*3_469-1077*3_469-479*3_469-1078*3_469-480*3_469-1152*3_469-1079*3_469-1151*3_469-1153*3_469-1150*3_469-1154*3_469-1149*3_469-1155*3_469-1156*3_469-481*3_469-553*3_469-552*3_469-554*3_469-1080*3_469-1157*3_469-551*3_469-555*3_469-550*3_469-556*3_469-549*3_469-557*3_469-482*3_469-548*3_469-558*3_469-1081*3_469-547*3_469-559*3_469-546*3_469-560*3_469-483*3_469-1082*3_469-1161*3_469-545*3_469-561*3_469-1162*3_469-484*3_469-544*3_469-562*3_469-1083*3_469-1163*3_469-543*3_469-563*3_469-485*3_469-1084*3_469-564*3_469-1164*3_469-565*3_469-486*3_469-1085*3_469-1165*3_469-566*3_469-1166*3_469-487*3_469-1086*3_469-567*3_469-1167*3_469-488*3_469-1087*3_469-568*3_469-1168*3_469-999*3_469-489*3_469-569*3_251-1284*2_251-1283*2_251-1285*2_251-1282*2_251-1281*2_251-1280*2_251-1279*2_403-1232*2_403-1233*2_403-1234*2_403-1235*2_403-490*2_403-491*2_403-492*2_403-1236*2_403-493*2_403-494*2_403-1237*2_403-495*2_403-1238*2_403-496*2_403-497*2_403-1239*2_403-498*2_403-1240*2_403-499*2_403-1311*2_403-1312*2_403-500*2_403-1241*2_403-1313*2_403-1314*2_403-1315*2_403-501*2_403-1242*2_403-1316*2_403-502*2_403-1317*2_403-1243*2_403-1318*2_403-503*2_426-420*3_426-732*3_426-731*3_426-733*3_426-730*3_521-836*3_426-729*3_521-837*3_521-920*3_521-838*3_521-921*3_521-605*3_521-604*3_521-606*3_521-839*3_521-603*3_521-607*3_521-922*3_521-602*3_521-608*3_521-601*3_521-609*3_426-808*3_521-600*3_521-610*3_521-923*3_521-599*3_521-611*3_426-807*3_521-598*3_521-612*3_521-597*3_521-613*3_426-722*3_426-806*3_521-596*3_521-614*3_426-342*3_426-341*3_426-343*3_426-340*3_426-344*3_426-339*3_426-345*3_426-721*3_426-805*3_521-595*3_521-615*3_426-338*3_426-346*3_426-337*3_426-347*3_521-594*3_521-616*3_426-336*3_426-348*3_426-720*3_426-804*3_426-349*3_521-593*3_521-617*3_426-719*3_426-803*3_521-592*3_521-618*3_426-718*3_426-802*3_521-591*3_521-619*3_521-752*3_426-717*3_426-801*3_521-590*3_521-620*3_521-753*3_521-1000*3_521-1001*3_521-754*3_521-1002*3_521-589*3_521-621*3_426-716*3_426-715*3_426-714*3_426-713*3_285-280*1_285-279*1_285-278*1_285-277*1_285-276*1_285-876*1_285-875*1_285-877*1_285-874*1_285-878*1_285-873*1_285-879*1_285-872*1_285-880*1_285-275*1_285-871*1_285-881*1_285-870*1_285-882*1_285-274*1_285-869*1_285-883*1_285-273*1_285-884*1_285-366*1_285-365*1_285-885*1_285-272*1_285-364*1_285-363*1_285-886*1_285-362*1_285-271*1_285-887*1_285-361*1_285-270*1_285-360*1_285-888*1_285-359*1_285-889*1_285-890*1_285-891*1_768-700*3_409-1229*2_409-1230*2_409-1231*2_409-1319*2_409-1320*2_409-1205*2_354-356*2_354-357*2_354-358*2_354-892*2_354-261*2_354-260*2_354-259*2_354-258*2_354-257*2_354-256*2_354-255*2_354-712*2_354-254*2_1084-1088*4_1084-1089*4_1084-1090*4_1084-1091*4_1084-636*4_1084-635*4_1084-637*4_1084-634*4_1084-638*4_1084-633*4_1084-639*4_1084-632*4_1084-640*4_1084-631*4_1084-641*4_1084-630*4_1084-642*4_1084-629*4_1084-643*4_1084-628*4_1084-644*4_1084-627*4_1084-645*4_1084-1169*4_1084-1170*4_1084-1003*4_1084-1171*4_1084-1004*4_1084-1172*4_1084-626*4_1084-646*4_1084-1005*4_1084-1173*4_1084-1006*4_1084-1174*4_1084-625*4_1084-647*4_1084-1007*4_1084-1175*4_1084-624*4_1084-648*4_1084-623*4_1084-649*4_1084-622*4_1084-650*4_1084-651*4_1084-652*4_1084-570*4_1084-653*4_1084-571*4_1084-654*4_825-509*3_825-508*3_825-834*3_825-507*3_825-835*3_825-506*3_825-505*3_825-741*3_825-740*3_825-742*3_825-739*3_825-743*3_825-504*3_825-738*3_825-744*3_825-737*3_825-745*3_825-736*3_825-746*3_825-735*3_825-747*3_825-734*3_825-748*3_825-421*3_825-749*3_825-750*3_825-751*3_825-755*3_825-588*3_1240-1334*3_1240-1256*3_1240-1335*3_1240-1336*3_1240-1257*3_1240-1337*3_1240-1258*3_1240-1338*3_1240-1259*3_1240-1339*3_1240-660*3_1240-1340*3_772-88*3_772-87*3_772-86*3_772-85*3_772-688*3_772-687*3_772-689*3_772-686*3_772-685*3_772-84*3_772-684*3_772-683*3_772-682*3_772-681*3_772-680*3_772-679*3_772-678*3_772-9*3_772-677*3_772-8*3_772-7*3_772-676*3_772-6*3_772-5*3_772-675*3_772-701*3_772-4*3_772-3*3_772-674*3_772-702*3_772-2*3_772-673*3_772-703*3_772-1*3_772-0*3_772-672*3_772-704*3_1024-199*2_422-432*3_422-816*3_422-815*3_422-814*3_422-813*3_422-812*3_422-811*3_422-810*3_422-809*3_1230-1244*3_1230-1326*3_1230-1327*3_1230-580*3_1230-1328*3_1230-581*3_1230-582*3_1230-1329*3_1230-583*3_1230-584*3_1230-1330*3_699-705*4_699-706*4_699-707*4_699-252*4_699-708*4_699-253*4_699-709*4_647-655*5_647-656*5_647-657*5_647-658*5_647-659*5_647-1255*5_647-661*5_647-1254*5_647-1253*5_647-662*5_647-1252*5_647-1251*5_647-663*5_647-664*5_647-665*5_647-666*5_647-667*5_1339-1341*4_1339-1342*4_1339-1343*4_1339-671*4_1339-670*4_1339-669*4_1339-1333*4_1339-668*4_1339-1332*4_1339-587*4_1339-586*4_1339-1331*4_455-896*4_485-1148*3_373-893*2_1258-585*6_933-198*3_338-711*3_338-710*3_1156-572*4_1156-573*4_1156-574*4_1156-575*4_1156-1249*4_1156-1250*4_571-576*5_571-1248*5_571-577*5_1251-578*5_1251-1247*5_1251-579*5_569-1246*4_
