"id","Scenario","Actual Range","Protocol","Buildings","Total nodes","Nodes on circ","Total coverage","Coverage on circ","Alert received mean time","Hops","Slots","Messages sent","Messages received", "Starting x", "Starting y","Starting node", "Vehicle distance", "Received node ids", "Node ids", "Transmission map", "Received on circ nodes", "Transmission vector"
0,1,500,0,0,8096,109,8096,109,13456.1,7.10092,8,6457,8096,3300,3975,2971,25,2970_2972_2969_2973_2968_2974_7520_7519_7521_7518_7522_2967_2975_7517_7523_2966_2976_7516_7524_7696_7695_7697_7694_7698_7515_7525_7693_7699_2965_2977_7692_7700_7514_7526_2964_2978_7691_7701_7513_7527_7690_7702_2795_2963_2979_3147_2794_2796_3146_3148_2793_2797_3145_3149_2792_2798_3144_3150_7512_7528_7689_7703_2791_2799_3143_3151_2962_2980_2790_2800_3142_3152_7688_7704_7511_7529_2789_2801_2961_2981_3141_3153_7687_7705_7510_7530_2788_2802_3140_3154_2960_2982_7344_7343_7345_7342_7346_7686_7706_2787_2803_3139_3155_7341_7347_7509_7531_7340_7348_2959_2983_2786_2804_3138_3156_7339_7349_7685_7707_7508_7532_7338_7350_2785_2805_3137_3157_2958_2984_7684_7708_7872_7337_7351_7871_7873_7870_7874_7507_7533_7869_7875_2784_2806_3136_3158_7336_7352_7868_7876_7683_7709_7867_7877_2957_2985_7335_7353_7506_7534_7866_7878_2783_2807_3135_3159_7865_7879_7334_7354_7682_7710_2956_2986_2782_2808_3134_3160_7864_7880_7505_7535_7333_7355_7681_7711_7863_7881_2619_2955_2987_3323_2618_2620_3322_3324_2617_2621_2781_2809_3133_3161_3321_3325_2616_2622_3320_3326_7332_7356_7504_7536_7862_7882_2615_2623_3319_3327_2614_2624_3318_3328_7680_7712_2780_2810_2954_2988_3132_3162_7331_7357_7861_7883_2613_2625_3317_3329_7503_7537_2612_2626_3316_3330_7860_7884_7679_7713_7330_7358_2611_2627_2779_2811_3131_3163_3315_3331_2953_2989_7502_7538_2628_3332_7859_7885_7329_7359_7678_7714_2778_2812_3130_3164_3313_3333_2952_7168_7167_7166_7170_7858_7165_7539_2608_3312_3334_7172_7328_7360_7163_2813_7174_2951_3335_7500_7161_7361_3336_7362_7363_7364_7365_7366_7367_3488_7368_3487_3489_3486_3490_3485_7369_3484_3483_7370_3482_3481_7371_7372_2610_7886_7887_3311_7857_7888_3310_3314_3337_7327_2632_7856_2631_2633_2630_2634_3309_2635_7855_2636_3308_7854_2637_3307_7853_2638_2814_3306_7852_8036_2639_2815_8035_8037_8034_8038_8033_8039_3305_8032_8040_7851_8031_8041_3304_7184_7183_7185_7182_7186_7850_8030_8042_3491_7181_7187_8029_3492_7180_7188_3303_7179_7189_8028_3302_7178_7190_8027_3129_7177_7191_2460_3301_8026_2461_3128_3480_7176_7192_2462_8025_3300_3127_3479_7193_3478_7194_3299_3477_7195_3298_3476_7196_3297_3475_7010_2609_2607_2971_2606_7326_2605_7501_2777_2604_7325_2603_2776_7160_7324_7159_7158_7162_7157_7499_2602_7156_7164_7155_7323_2775_7154_7498_2601_7153_7322_2774_2600_7152_7497_7677_7151_7169_7321_2437_2773_2436_2438_2435_2439_2599_2434_2440_7496_7676_7150_2433_2441_2432_2442_7320_2598_2772_2950_7149_7171_7675_2431_2443_7495_2430_2444_7148_7319_7674_2429_2445_2597_2629_2949_2771_7494_2428_7147_7173_7673_7318_2427_2447_2770_2426_2448_7317_2595_2947_7175_8043_8044_8045_2990_8046_2991_8047_8048_8049_8050_8051_7849_8052_2454_2453_2455_2452_2456_7848_2451_2457_8053_2450_2458_2449_2459_7672_7847_8054_3165_2446_7671_8055_7846_2463_8056_7845_3166_3167_8057_8058_8059_8060_8061_3338_3339_3340_8062_3341_7889_3342_8063_3343_7890_8064_7891_8065_7893_7715_7892_8066_8067_7894_7716_8068_7717_7895_8069_7718_8070_3512_7896_3511_3513_3510_3514_3509_3515_3508_3516_3507_3517_7719_8071_3518_7897_3505_3519_7720_3506_3504_7898_3503_7721_7899_3502_7722_3501_7900_7723_3500_8072_7901_7724_8073_3499_7902_8074_7725_3498_7540_7541_8075_7903_7542_7726_3497_8076_7543_3686_3685_3687_3496_3684_3688_7544_7904_7727_3683_3689_8077_3682_3690_7545_3681_3691_3495_3680_3692_7728_7905_7546_8078_3679_3693_7547_3494_3678_3694_7729_8079_7906_3677_3695_7730_7549_8081_7316_7315_2425_7314_2424_7144_7143_7145_7313_7142_7146_7141_2255_2423_2254_2256_7140_7312_2253_2257_2252_2258_7139_2251_2259_2422_7311_7138_2250_2260_7493_7492_7137_2249_2261_2421_7310_7491_2248_2262_7136_7490_2420_7309_2247_2263_7135_7489_2419_2246_2264_7308_7488_7134_7487_2245_2265_2418_7133_7307_7486_2244_2266_2596_7132_2417_7306_7485_2243_2267_7131_2416_6968_7484_6967_6969_7305_6966_6970_2242_2268_2594_6965_6971_6964_6972_7130_6963_6973_7483_2079_2415_2078_2080_7304_2077_2081_2241_2269_2593_6962_6974_2076_2082_2075_2083_6961_6975_7129_7482_2074_2084_2240_2270_2414_2592_6960_6976_7303_2073_2085_7670_7669_2072_2086_7128_7668_6959_6977_7481_7667_2071_2087_2239_2271_2591_2413_6958_6978_7302_2070_2088_7127_6957_2238_2590_7664_2069_2412_7301_6956_6980_2067_2588_3493_7548_7550_3676_3675_7551_3674_3673_3672_7552_3671_7731_3670_3669_7554_3668_7733_7908_7909_7844_7843_7842_7841_2280_7840_2279_2281_2278_2282_2277_2283_7839_2276_2284_2275_2285_7838_8022_8021_8023_8020_8024_2274_2286_8019_7666_8018_7837_2273_2287_7665_8017_2272_7836_8016_7663_8015_7835_7662_8014_7834_7661_8013_7660_8012_7833_7659_8011_2104_7832_2103_2105_2102_2106_2101_2107_7658_8010_2100_2108_2099_2109_7831_2098_2110_7657_8009_2097_2111_7830_2096_7656_8008_2095_7655_7829_8007_2094_2093_7654_8006_7828_2092_8005_2091_8004_7373_7374_7375_3664_7376_3663_3665_3662_3666_3661_3667_3660_7377_3659_7197_3658_7198_7378_3657_7199_7379_3656_7200_7380_3655_7201_7553_3654_7202_7381_3653_7203_7555_3474_7382_3652_7204_7556_3473_7383_3651_7205_7557_3472_3840_7016_7384_3839_3841_7015_7017_3650_3838_3842_7014_7018_7206_7558_3837_3843_7013_7019_3836_3844_7012_7020_3835_3845_7011_7021_3471_3649_7207_7385_7559_3834_3846_7022_3833_3847_7009_7023_3296_3648_3832_3848_7008_7024_7208_7560_3470_7386_3831_3849_3295_3647_7561_3126_3830_3850_7026_3469_7387_3829_7562_3852_2237_2236_2235_2234_6955_2233_6954_2232_6784_6783_6785_6953_6782_6786_6781_6787_2063_2231_2062_2064_6780_6788_6952_2061_2065_2060_2066_6779_6789_2059_2411_2230_6951_6778_6790_2058_2068_2410_6777_6791_2057_2229_2409_6950_2056_2408_6776_6792_2228_6949_2055_2407_6775_6793_2227_2054_2406_6948_6774_6794_2053_2405_2226_6773_6795_6947_7126_2052_2404_6772_6796_2225_6946_7125_2051_2403_6771_6797_2224_6608_7124_6607_6609_6945_6606_6610_2050_2402_6605_6611_6604_6612_6770_6798_6603_6613_7123_1887_2223_1886_1888_6944_1885_1889_2049_2401_2589_6602_6614_1884_1890_1883_1891_2587_6601_6615_6769_6799_7122_1882_1892_2586_2048_2222_2400_6600_6616_6943_1881_1893_2585_1880_1894_2584_6768_6800_6599_6617_7121_1879_1895_2047_2399_2583_2221_6618_6942_2582_7120_6767_6597_6619_2046_6941_6979_6620_1898_2045_2397_7300_7299_7298_1896_1897_1900_7297_1903_2089_8080_8082_7907_8083_8084_8085_7910_8086_7911_8087_3867_3866_3868_3865_3869_3864_3870_7732_7912_3863_3871_3862_8088_3861_7913_3860_8089_7734_3859_7914_3858_7735_8090_3857_7915_3856_6981_6982_6983_2769_2768_6984_2767_6985_2766_6986_2765_6987_2764_6801_6802_6988_2763_6803_6805_6989_6990_6807_8003_7827_8002_7826_8001_7825_1933_1932_1934_1931_1935_1930_8000_1929_1928_7824_1927_7999_1926_7823_7997_7736_3855_3854_3853_7737_7738_2948_2946_6991_2945_2762_2944_6992_2761_2943_6804_6993_6806_2942_2760_6808_6994_2941_6809_6810_2940_2759_6811_6995_6812_6813_2581_2936_7998_7996_7995_7822_7994_7821_7993_7820_1925_7819_1924_7992_1759_1758_1757_1756_7818_1755_1923_7991_1754_7817_1753_1922_7990_1752_7816_1751_1921_7653_7989_7652_7651_7815_7650_1750_7649_1920_7648_7814_7988_1749_7647_7646_1748_1919_7645_7813_7987_7644_1747_7643_1746_7811_7985_6996_6997_2939_3125_6998_3124_3123_2938_3122_6999_3121_3120_7000_2937_6814_3119_6815_7001_6816_3118_6817_3117_6818_2935_2758_6819_3116_6820_3115_7004_2756_7739_8091_3851_7917_7480_7479_2090_7478_7477_7476_7475_7474_7473_1912_7472_1911_1913_1910_1914_1909_1915_1908_1916_7471_1907_1917_1906_1918_7470_1905_7469_1904_7296_7295_7468_1902_7294_7467_1901_7293_7466_7292_1899_7465_7291_1736_7290_7464_7642_1735_1737_1734_1738_1733_1739_1732_1740_1731_1741_7289_7641_7463_1730_1742_1729_7640_7119_7462_7287_1725_7002_7003_7005_7006_7007_3294_3114_3293_3292_3113_3291_6823_3112_6822_6824_6821_6825_6826_6827_3290_6828_3111_6829_6830_3289_6831_3110_6832_6834_3288_6833_6835_3468_6836_3287_3467_6837_3286_3466_6838_3465_6839_3285_3464_6840_3284_3463_6841_3462_6842_3283_3109_3461_6843_3282_3108_3460_6844_3281_3107_3459_6845_3280_6656_6655_6657_3106_3458_3646_6654_6658_6846_3645_6653_6659_3644_6652_6660_3643_6651_6661_3105_3279_3457_6847_7025_3642_6650_6662_3641_6649_6663_3456_6648_6664_3278_6647_6665_2934_3638_6646_3637_6621_2398_2580_6622_2579_2578_6623_2577_2396_2576_6624_2575_6625_2395_2574_6626_2394_2573_6627_2220_2572_2393_2219_2571_2392_6440_6439_6441_6438_6442_6437_6443_2218_2570_6436_6444_6435_6445_2391_6434_6446_2217_2569_6433_6447_2390_2216_6432_6448_6431_2215_6430_6429_2214_6428_2044_2933_2932_2931_2930_6644_2929_6643_6645_6642_6641_2928_6640_6639_2927_3103_6638_6637_2926_6636_2925_6635_2757_2924_6634_2755_2754_6633_2753_6631_1745_1744_1743_7639_7638_7812_7637_6940_6939_6766_7118_1878_6938_6765_7117_1877_6764_7116_6937_1876_6763_7115_1712_6936_1711_1713_1710_1714_1709_1715_1875_6762_7114_1708_1716_1707_1717_6935_1706_1718_1874_6761_7113_1705_1719_6598_6934_1704_1720_6596_6760_7112_1873_6595_6594_1703_1721_6593_6759_6933_7111_1872_6592_1702_1722_6591_1701_1723_6590_6758_7110_6932_1871_6589_6757_6588_1870_6931_1699_7108_1726_6586_6930_1697_1868_1700_6756_1698_6587_6754_6584_7027_7028_7029_7030_7031_3824_7032_3823_3825_3822_3826_3821_3827_7033_3820_3828_3819_6850_7034_6849_6851_3640_6848_6852_3818_6853_6854_7035_3639_3817_6855_3816_6856_7036_6857_7209_3815_7037_6858_7210_3814_7038_6859_7211_3636_3813_6860_7212_7039_3635_3812_6861_7213_4000_3999_4001_3634_3998_4002_3811_3997_4003_6862_7214_3996_4004_3995_4005_3633_3810_3994_4006_6863_7215_3993_4007_6674_6673_6675_3632_3992_4008_6672_6676_3809_6671_6677_6670_6678_3991_4009_6669_6679_3808_6668_6680_3631_3990_4010_6667_6681_3989_4011_6666_6682_3807_3630_6683_6684_7810_7809_1577_1576_1578_7808_1575_1579_1574_1580_1573_1581_7807_7986_1572_1582_7636_1571_1583_7806_7635_1570_7984_7634_7805_8092_1569_7633_7983_1568_7632_7804_7982_7631_1567_7803_7981_7630_1566_7980_7802_7629_1565_7979_7628_7801_1564_7978_7627_1401_1400_1402_7800_1399_1403_1563_1398_1404_1397_1405_7977_7626_1396_1406_1562_7799_1395_1407_7461_1394_7460_7976_7625_1393_7624_7457_7797_7974_7796_1869_2043_2042_1867_2041_1866_6585_6422_6421_6423_1696_2040_6420_6424_1865_6419_6425_6418_6426_1695_6417_6427_6583_1864_6416_2039_1694_6415_1693_6414_6582_1863_2038_6413_6581_6412_1862_6755_1691_6411_2036_3629_3628_3455_3627_3454_3806_3626_3453_3805_3625_3452_3804_3451_3803_3624_6496_6495_6497_6494_6498_6493_6499_3450_3802_6492_6500_6491_6501_6685_3623_6490_6502_3449_3801_6489_6503_6686_3622_3448_3800_6488_6504_6487_6505_6687_3621_3988_3447_3799_3987_3986_6486_6506_3985_3984_3446_3620_3798_6485_6507_3983_3982_6484_6508_3277_3445_3797_3981_3619_3276_6483_6509_3444_3796_3618_3795_7459_7458_1561_1560_7456_7455_1559_7454_1558_7453_1392_1391_7452_1557_1390_7623_7451_1387_7798_1386_1385_7916_7918_8093_7919_8094_4041_4040_4042_4039_4043_4038_4044_4045_4036_4046_1861_6410_1692_1860_6409_1690_1689_1688_6408_1859_1687_6407_1686_1858_1685_2037_6406_1857_1684_6405_1856_6240_1683_2035_6239_6241_6238_6242_6237_6243_6236_6244_6404_6580_1682_2034_1855_6235_6245_6234_6246_1681_2033_6403_6579_6233_6247_1854_1680_2032_6232_6248_6402_6578_1853_6231_6249_1679_2031_6401_6577_6230_6250_1516_1852_1515_1517_1514_1518_1678_2030_1513_1519_6229_6251_1512_1520_6400_6576_1511_1521_6228_6252_1677_1851_2029_1510_1522_1509_6399_6575_6227_6253_1508_1524_1676_2028_2212_1850_1507_2211_6226_6398_6574_1675_1849_6255_1504_6065_6061_6060_2207_1556_1728_7288_7286_1555_7285_1727_7284_1554_7283_7282_7450_1389_1388_1552_1724_7448_2752_6632_2751_6630_6629_2750_6628_2749_2748_2747_2923_3104_2746_2922_2745_2921_3102_6460_6459_6461_6458_6462_3101_6457_6463_2744_2920_6456_6464_6455_6465_3100_6454_6466_2743_2919_6467_6468_6469_2917_1523_1525_1526_6753_1527_1528_6752_1529_6573_6751_1530_6572_6750_1531_1532_6397_6571_6396_6570_6395_7622_7621_7620_7449_7619_1384_7795_7447_7618_1383_7446_7794_1382_7617_7445_7793_7975_1219_1218_1220_1217_1221_1381_1216_1222_7444_7616_1215_1223_1214_1224_7792_1380_7443_7973_1213_1225_7615_1212_1226_7972_7791_7442_1211_1227_1379_7614_1228_7971_1229_7613_7969_1231_7968_6749_6748_6569_1533_6747_1344_6568_1343_1345_1342_1346_1506_6394_6746_1341_1347_1340_1339_1349_1505_6393_6745_1338_1350_1337_1336_6224_6392_1335_6223_7388_7389_7390_4012_4013_7391_4014_4015_4016_4017_4018_7563_2568_2567_2566_6449_2565_2564_6450_2389_2563_6451_2388_2562_6452_2387_2561_2386_6269_6453_6268_6270_6267_6271_2560_6266_6272_2385_6265_6273_2384_6264_6274_2559_6263_6275_2383_2558_6262_6276_2382_2742_6261_6277_2557_2741_2740_6260_6278_2381_2739_2556_2738_6259_6279_2380_2737_2213_2555_2736_6258_6280_2379_2735_2210_2554_6257_6281_2209_2378_2734_2208_6256_6282_2553_2733_2377_6093_6092_6094_6091_6095_6283_2552_2732_6090_6096_2206_6089_6097_2376_6098_6284_2731_6099_2551_2375_2730_6085_6285_2729_1503_6225_1502_6222_1501_6221_1500_6220_1499_6219_1498_6218_1497_6217_1328_1496_6048_6216_1327_1329_6047_6049_1326_1330_6046_6050_1325_1331_6045_6051_1324_1332_6044_6052_1495_6215_1323_1333_6043_6053_1322_1334_1494_1674_6042_6054_6214_1321_1673_6041_6055_1493_6213_1320_1672_6040_6056_1492_6212_1319_1671_6039_6057_6391_1318_1670_6038_6058_6390_1491_6211_1317_1669_6037_6059_6389_1490_6210_1316_1668_6036_6388_1489_6209_1315_1667_6035_6387_1152_1488_5872_6208_1151_1153_5871_5873_1150_1154_1314_1666_5870_5874_6034_6386_1149_1155_5869_5875_1148_1156_5868_5876_1147_1157_5867_5877_1313_1487_1665_6033_6207_6385_1146_1158_5866_5878_1145_1159_5865_5879_1144_1312_1664_5864_5880_6384_1486_6206_1143_1161_5863_5881_1311_6031_6383_1142_1162_6566_1485_6205_5861_6565_1662_6382_1140_7564_7565_7566_4019_4020_4021_7567_4022_4023_4024_4025_4027_7740_4028_6254_7790_7789_1230_7788_7787_7970_7967_7786_7966_7785_7965_7612_7964_1048_7784_1047_1049_1046_1050_7611_7963_1045_1051_1044_1052_7783_7610_7962_1043_1053_1042_1054_7609_7961_7782_1041_1055_1040_7608_7960_7781_1039_1210_7607_7959_1038_7780_7606_7958_1209_1037_7779_7441_7605_7957_1036_1208_7440_7439_7438_7604_7778_7956_1035_7437_1207_7436_1034_7603_7955_7777_7434_1033_871_873_870_868_7432_867_877_878_7741_7742_7743_4030_4029_4031_4032_4033_4026_4034_4035_4037_3617_3443_6318_6317_6319_3616_6316_6320_3442_6315_6321_6314_6322_3441_3615_6313_6323_3440_6312_6324_3614_6311_6325_3439_3613_6310_6326_3438_3794_6482_6309_6327_3612_3793_3437_3792_6308_6328_6481_3611_3436_3791_6307_6329_3272_6480_3271_3273_3270_3274_3610_3790_3269_3275_3435_6306_6330_3268_3267_3789_6479_3609_3266_3434_6305_6331_3788_3265_6142_6478_6510_6141_6143_3264_3608_6140_6144_6304_6332_3433_6139_6145_3787_6138_6146_3263_6137_6147_6303_6333_6511_3432_6136_6148_3607_3262_3786_6135_6149_3261_6150_6302_6476_3431_3785_3975_3977_3606_3974_3978_3973_3979_6151_3260_3972_3980_3971_6335_3784_6152_3970_3969_2205_2204_2203_2202_2201_6084_6083_6082_6086_6081_6087_2200_6080_6088_6079_6078_2199_6077_2027_6076_6075_2026_2198_2374_6074_2025_1378_1377_1206_1205_1376_7272_7271_7273_7270_7274_1204_7269_7275_7268_7276_1203_1375_7267_7277_1202_7266_7278_1374_1201_1553_7265_7279_1373_1200_7264_7280_7263_7281_1199_1551_1372_7435_7262_1198_1550_1371_7261_1197_1549_1370_7260_7433_1196_1548_7259_1369_1032_1031_1195_1547_1030_1029_7258_1028_1194_1368_1546_7096_7095_7097_7431_1027_7094_7098_7093_1026_7092_7100_7257_7091_1025_1193_1545_1367_7090_7102_7430_1024_7256_7103_7088_7429_7087_8095_4047_6477_6301_6300_6299_6298_1483_5696_1478_6475_6474_6473_3098_3097_2373_2197_7954_7953_875_874_876_872_7776_879_7952_869_7775_7951_7602_7774_866_7950_7772_7599_2024_6072_6071_6073_6070_6069_6068_2023_6067_2022_6066_2021_1848_6064_2020_1847_6063_1846_6062_2019_1845_2018_1844_2196_2017_1843_2195_2016_5896_5895_5897_1842_2194_5894_5898_5893_5899_5892_5900_5891_5901_1841_2015_2193_5890_5902_5889_5903_1840_2192_5888_5904_2014_5887_5905_1839_2191_5886_5906_5907_2012_3099_3096_6472_3095_6470_7109_7107_7106_7105_1544_7104_1543_1542_1541_1540_7101_1539_1538_7099_1537_6929_1536_6928_6927_1535_6926_1534_1366_6924_6923_2372_2371_2370_5908_5909_2369_5910_5911_2368_5912_5913_5914_2189_2366_5862_1310_5860_1309_5859_1308_5858_1307_5857_1138_1306_1137_1139_1136_5856_1135_1141_1134_1305_5855_1133_1132_1304_1484_5688_6032_5687_5689_5686_5690_5854_5685_5691_1131_5684_5692_1303_5683_5693_5853_1130_1482_5682_5694_6030_1302_1129_1481_5852_5681_5695_6029_1128_1480_5680_1301_5851_6028_5679_5697_1127_1479_1300_5678_5698_5850_6027_1126_5677_5699_1299_5849_6026_1125_1477_5676_5700_962_1298_961_963_960_964_1124_1476_5848_6025_959_965_1663_5675_5701_958_966_957_967_1661_1123_1297_1475_956_968_1660_6024_5847_5674_955_969_954_970_1122_1474_1296_5512_5511_5513_5673_5703_6023_5510_5514_5509_953_971_5516_6204_5507_5517_1121_5704_5506_6022_1295_5505_951_6021_7949_7948_7773_7947_7946_7601_7770_7944_700_699_2550_2549_2548_2547_6100_2546_6101_2545_5918_6102_5917_5919_2544_5916_5920_5915_5921_5922_6103_2543_5923_2728_5924_6104_2727_2542_2726_2725_5925_2724_2367_6105_2541_2723_5926_2722_6106_5927_2540_2721_2365_2720_5928_6107_2539_2364_2719_5929_6108_2538_2718_2363_5930_2717_6109_2537_2362_5931_2716_5742_6110_5741_5743_2536_5740_5744_5932_2361_5739_5745_2715_5738_5746_5737_5747_5933_6111_2360_5736_5748_2535_2190_2714_5735_5749_5734_5750_5934_6286_6112_2359_2713_2534_2902_5733_5751_2900_6287_2712_5732_5752_2187_3976_2188_2186_5731_5730_2185_5729_2358_2184_5728_5727_2183_2357_5726_5725_2182_2356_2013_5724_2181_2355_2010_865_864_7600_863_862_7598_861_860_7597_7771_7428_859_7596_858_7425_3605_6153_3783_3604_6134_6154_6334_3430_3782_6133_6155_3603_3429_3781_6132_6156_3602_3428_3780_3968_3967_6131_6157_3966_3965_3427_3601_3779_3964_6130_6158_3259_3963_3258_3426_3778_3962_3600_5968_5967_5969_6129_6159_5966_5970_5971_3257_5964_5972_5963_5973_3425_3777_5962_5974_3255_3776_5960_5976_3958_6567_1160_6564_1163_1164_6563_1165_6562_1166_6561_1167_6381_1168_1348_6560_1169_6559_6380_1170_6558_6379_1171_6557_1172_6378_1351_6556_1173_6377_1352_6744_6203_6555_6743_6742_6741_1174_6740_984_6202_6376_6554_983_985_1353_6739_982_986_981_987_980_988_6738_1175_979_989_6201_978_990_977_976_992_6200_6374_7427_7426_857_856_7424_855_7423_854_7255_853_7254_7422_1023_7253_852_7252_7595_851_7250_6471_2918_3094_3961_3960_3959_3957_3956_5885_5884_5883_5882_1838_1837_1835_7945_703_702_701_698_697_696_7768_695_1836_1834_1659_1833_1658_5710_5709_5711_1832_5708_5712_1657_5707_5713_2011_5706_5714_5705_5715_1656_5716_1831_5717_5702_5718_1655_2009_2008_1829_5721_5722_3955_3954_3953_3952_5983_5982_5981_5980_5979_3951_5978_5977_3950_5975_3949_3775_3774_3948_3773_3947_3946_5720_5719_2007_5723_2006_2005_2004_2003_1830_2002_2001_1828_2180_2000_5544_1827_2179_5543_5545_5542_5546_5541_5547_5540_5548_1826_2178_1999_5539_5549_5538_5550_1825_2177_5537_5551_1998_1824_2176_5536_5552_1997_5535_5553_1823_2175_5534_5554_1996_1822_2174_5533_5555_5532_5556_1821_1995_2173_1654_1653_5557_1652_1820_2172_1994_1651_5530_1819_2171_1993_2170_5528_5367_5371_1354_1355_1356_1357_6737_1358_1176_6736_1177_1178_1359_6735_1179_1180_1360_6920_6919_6921_6734_6918_6922_6917_1181_6916_1361_6733_6915_6925_1182_6914_1362_1183_6732_6913_1184_6912_1363_6731_6911_1185_1364_6730_6910_1186_6909_1365_6729_1187_6908_998_997_999_996_1000_1188_6728_6553_995_1001_6907_994_1002_993_1003_1189_1004_6552_6727_6906_991_1005_6726_1007_6550_7769_694_693_7767_692_691_7766_690_7594_689_7593_7765_688_7592_7764_7591_7943_687_7763_7590_7942_686_7589_7941_7762_685_7588_7940_684_7761_7587_7939_683_520_7760_519_521_518_522_7586_7938_517_523_516_524_682_515_525_7759_7421_7585_7937_514_526_7420_7419_513_527_681_7418_512_7584_7758_7936_7417_680_7416_511_7583_7935_7757_510_7414_7934_7413_7412_7933_3772_3599_3598_3771_3597_5965_3770_3596_3769_3595_3768_5800_5799_5801_3594_5798_5802_5797_5803_5796_5804_5795_5805_3593_3767_3945_5794_5806_5793_5807_3424_3592_3944_5792_5791_3591_972_973_6020_974_6019_975_6018_6017_6199_6198_6197_793_792_794_6016_6196_791_795_790_796_6195_789_797_6015_5846_6194_788_798_5845_5844_6193_787_799_6014_5843_786_800_6192_5842_6013_785_801_5841_6191_784_802_5840_6012_6190_5839_783_803_6011_6189_5838_782_804_6188_6010_5837_781_805_6187_5836_6009_6375_780_806_6373_6372_6186_5835_6371_617_616_618_6008_615_619_779_807_6370_614_620_613_621_6185_6369_5834_612_622_778_808_952_5672_6368_5671_6007_611_623_5670_5669_610_624_5668_6184_5833_6367_5667_625_777_809_5666_6006_6366_626_5832_5665_6183_6365_627_950_6364_6182_628_6363_5935_2896_5936_2895_2897_5753_2894_2898_5754_2893_2899_5755_2892_5756_2711_5937_2891_2901_5757_2710_2890_5758_5938_2889_2903_5759_2709_5939_2888_2904_5760_2708_5940_2887_2905_5761_6113_2886_2906_5762_6114_2707_5941_2533_2885_2907_5763_6115_2706_5942_2532_2884_2908_5764_6116_2705_5943_2531_2883_2909_5765_6117_2704_3072_5576_5944_3071_3073_5575_5577_2530_2882_2910_3070_3074_5574_5578_5766_6118_3069_3075_5573_5579_3068_3076_5572_5580_3067_3077_5571_5581_2529_2703_2881_2911_5767_5945_6119_3066_3078_5570_5582_3065_3079_5569_5583_2528_2880_2912_3064_3080_5568_5584_5768_6120_6288_2702_5946_3063_5567_5585_2527_2879_2913_6121_5586_2701_5587_2878_7756_7755_7582_7581_7754_509_7580_7932_508_7753_7579_7931_507_344_7752_343_345_342_346_7578_7930_341_347_340_348_506_339_349_7415_7751_7577_7929_338_350_7411_337_351_505_7410_336_7576_7750_7928_679_7409_504_7408_335_7407_7575_7927_7749_334_7406_503_7574_7926_7405_332_7925_776_5664_609_608_5663_607_775_949_5662_606_5831_605_604_773_5566_5565_5564_5563_2354_5562_2526_2353_5561_2352_5560_2525_5559_2351_2524_5558_2350_2523_2349_2522_2348_2700_2347_2521_2699_2346_2698_2520_5392_5391_5390_5395_5388_5387_5397_2345_5386_2344_5382_3943_3942_3590_3589_3588_5790_5789_678_677_676_850_675_7244_810_811_812_6551_813_6549_6548_814_6547_6546_815_6545_816_6544_6543_6362_817_6542_818_6361_6541_629_630_631_819_632_6360_6540_633_634_820_6539_635_6359_636_6538_637_821_6358_638_6537_6357_6536_5961_3423_3422_5959_3421_5958_3420_5957_3419_5956_3418_5955_3417_5786_5954_5785_5787_3416_5784_5788_5783_5782_5953_3415_5781_3248_5780_5952_3247_3249_3246_3250_3414_3245_3251_5779_3244_3252_5951_3243_3253_3413_5778_3242_3254_5950_5777_3412_3241_3240_3256_5776_6128_5949_3411_3239_5775_6127_3238_3410_3587_5774_6126_3237_3409_3586_5773_3236_5610_5609_5611_3408_5608_5612_5772_3585_5607_5613_3235_5606_5614_5605_5615_3584_5604_5616_3407_3234_3766_5603_5617_3765_5618_5770_3233_5601_5619_3764_3582_3405_5531_5529_1648_1647_1649_1646_1650_1645_5527_1644_1818_5526_1643_1817_1642_5357_5525_5356_5358_5355_5359_1816_5354_5360_1641_5353_5361_5524_1640_5352_5362_1815_5351_5363_5523_1639_1814_5350_5364_5522_1638_5349_5365_1813_5521_5348_5366_1637_1812_5347_1472_1636_5520_1471_1473_1470_1469_1811_1468_1992_5346_5368_1467_1635_5519_1991_1466_1810_5345_5369_1465_1634_1990_5518_1464_5344_5370_1809_1989_1463_1633_5181_5180_5182_5179_5183_5343_1808_1988_5178_5184_1462_5177_5185_1632_5176_5186_5342_5372_1461_1987_5175_5187_1807_5174_1460_1631_1986_5173_5189_5373_5515_1806_1459_1985_5340_5171_5191_1984_6005_6004_6003_6181_5830_6180_6002_5829_6179_5828_6001_6178_5827_441_440_442_6000_439_443_603_438_444_437_445_6177_5826_436_446_602_5999_435_447_5661_434_448_5660_6176_5825_5659_433_449_5658_5824_6175_5656_431_774_5997_5655_6174_598_3763_3762_5620_5621_3583_5622_3761_5623_3760_5624_5625_3581_3759_5626_5627_3406_3758_3580_3941_5628_3757_3940_3579_3404_5630_3937_3939_3938_3936_5631_5629_3935_3934_3933_3932_3931_3756_3930_3755_3929_3928_5455_5454_5453_3752_2916_2915_2914_5588_5589_2877_5590_2876_5591_2875_3056_5592_3055_3057_2874_3054_3058_3053_3059_5593_3052_3060_2873_3051_3061_5410_5594_5409_5411_2872_5408_5412_3050_3062_5407_5413_5406_5414_5595_2871_3049_5405_5415_3048_5404_5416_5596_2870_5403_5417_5769_3047_5597_2869_5402_5418_3046_5598_5401_5419_5771_2868_2697_3045_2696_5400_5420_5599_2867_3044_2695_5399_5421_3232_5600_3231_2694_2866_3230_3043_3229_5398_5422_3228_2693_3227_2865_3042_3226_5423_2692_3225_5234_5602_5233_5235_2864_3224_5232_5236_5396_5424_3041_5231_5237_2691_5230_5238_3223_5229_5239_5425_3040_5228_5240_2863_2690_3222_5241_3221_5226_5394_2689_3220_3038_1294_1293_1292_1291_5508_1290_1289_1288_5336_5335_5337_5334_5338_5333_5339_1119_1287_1118_1120_5332_5504_1117_1116_5331_5341_1115_1286_5503_5330_1114_5329_1113_1285_5502_1112_5328_1284_5501_1111_5327_1283_1110_5500_5326_1109_1282_5325_5499_1108_5324_1281_5498_1107_5323_1280_5160_5159_5161_5497_5158_1106_5163_5322_5155_942_944_941_945_1105_5154_940_939_938_5152_935_7748_7747_333_7573_7746_7572_7924_7745_331_7571_7923_168_7744_167_169_166_170_330_7570_7922_165_171_164_172_7404_163_173_7403_329_7569_7921_162_174_7402_161_175_7401_160_328_7568_7920_502_7399_7398_326_7395_5227_5225_2862_2688_5224_5393_5223_2687_2861_3039_5222_5242_2519_5221_2518_2860_5244_3037_2859_5245_5218_2858_1458_1457_1456_5168_5167_5169_5166_5170_1455_5165_5164_5172_1454_1453_5162_1452_1451_1279_1278_1450_1630_1277_1629_1449_1276_1628_5157_1448_4992_1275_1627_4991_4993_4990_4994_4989_4995_4988_4996_5156_1274_1626_1447_4987_4997_4986_4998_1273_1625_4985_4999_1446_1272_1624_4984_5000_1445_4983_5001_1271_1623_5153_4982_5002_1444_1270_1622_4981_5003_1104_1103_4980_5004_1269_1443_1621_1102_1101_1805_5151_4979_5005_1100_1268_1620_1804_1442_1803_4978_5006_1267_1619_1098_1441_5149_4813_1265_6356_450_6355_451_452_6354_453_454_6353_455_456_6352_6173_457_6351_458_6172_5998_6350_639_459_6171_6349_460_640_6535_6534_5996_6170_6348_461_641_462_5995_6347_6531_6169_642_5994_6168_273_274_275_6528_266_6526_7400_501_327_500_7397_499_325_7396_159_158_324_498_157_156_7394_155_323_497_154_7393_322_674_153_7232_7233_7235_321_151_5947_5948_6122_6123_6124_3081_6125_3082_3083_7089_1192_1191_7086_1190_7085_7084_7083_1022_1021_7082_1020_1019_1018_7081_1017_1016_1015_7079_1013_272_271_270_269_6346_268_276_267_277_6167_278_5993_6345_265_279_6166_6533_264_280_5992_6344_6532_463_6530_263_281_6529_5991_6165_6343_432_262_282_5823_6527_261_283_5822_5990_6342_5821_6525_284_6341_5820_430_259_1802_5007_1801_1800_5008_1799_5009_1798_5188_5010_1797_1618_5011_1796_5012_1617_5190_1795_5013_1616_4824_4823_4825_4822_4826_1794_4821_4827_4820_4828_5014_4819_4829_1615_1983_1982_5192_1793_1981_4818_4830_1980_1979_4817_4831_5015_1978_1440_1614_1792_4816_4832_5193_1977_1976_5016_4815_4833_1439_1975_1613_4814_4834_5194_1974_5017_4835_1973_4836_1437_1789_4837_5427_5428_5430_7251_846_845_844_843_7080_7078_7077_842_7076_7075_7074_841_7073_1014_840_7072_7071_839_838_1011_601_5657_600_599_5654_5653_772_597_5652_771_596_5651_770_429_595_5650_428_427_769_426_594_5649_948_425_5486_5485_5487_424_768_5484_5488_5648_593_5483_5489_947_5482_5490_423_5481_5491_5647_592_5480_5492_767_422_946_5479_421_5478_5494_5646_591_5477_5645_5476_590_765_5474_417_416_5426_5429_3219_3218_3403_5243_5431_3402_3217_3401_5246_3400_5432_5247_3216_5248_3399_5249_5433_3398_3215_3397_5251_3214_1791_1790_1972_1971_4838_1970_5018_4839_1788_1969_1968_4840_5019_1787_1612_1967_4841_5020_1786_1966_1611_4842_1965_5021_1785_1610_4843_5195_1964_4654_5022_4653_4655_1784_4652_4656_4844_5196_1609_4651_4657_1963_4650_4658_4649_4659_4845_5023_4648_1783_1962_4647_4661_4662_1607_2151_1782_2149_2155_2148_1435_1781_1012_7249_848_7248_847_849_1010_7247_7246_5819_5496_5818_5495_5493_943_5817_260_258_256_5250_5252_3213_3036_5253_3212_3035_3396_5254_3211_3395_3034_3394_5255_3393_3210_5434_3392_5256_3033_3209_3391_5067_5435_5066_5068_5065_5069_5257_3032_5064_5070_3390_5063_5071_3208_5062_5072_5258_5436_3389_5061_5073_3031_5060_5074_3388_3207_5059_5075_5259_5437_3030_5076_3387_2857_3206_5260_5057_5077_3386_5056_3205_3385_5439_3028_1438_4812_4811_4810_4809_1264_1266_4808_1263_1262_1261_4807_1260_4806_4805_4663_1960_5058_2856_5055_2685_7245_7243_7242_7070_7241_7069_672_7068_7240_671_673_670_669_7067_668_7239_667_837_7066_666_7238_7065_836_665_664_7064_7237_835_663_7063_7236_662_834_7062_661_833_7061_660_6898_7234_6897_6899_832_6896_6900_7060_1009_6895_6901_659_6894_6902_6893_6903_7059_1008_6904_6905_6890_496_495_494_830_493_492_491_7057_490_7231_489_488_257_5816_255_5989_5815_254_5814_5988_253_252_5813_5987_5644_251_5812_6164_250_5811_6163_3093_3092_3091_3090_3089_6297_3088_6296_6295_3087_6294_6293_3086_6292_3085_152_7392_1961_4666_1780_4668_1779_4846_4669_1778_4847_4670_2141_2140_2142_2139_2143_2138_2144_4848_4671_2137_2145_4478_4477_4476_2136_2146_4672_4849_2135_2147_1775_4850_4851_2150_5643_5642_420_5641_249_419_248_5640_247_418_5639_246_5638_245_5475_5473_5637_244_5472_5471_5470_5636_5810_243_5469_415_5468_242_5467_5635_5809_414_5466_5634_80_5808_79_77_83_413_76_84_75_5985_86_72_588_150_149_148_147_146_145_144_7216_7217_7218_7219_7220_143_7221_7222_142_7223_320_7224_141_140_5389_2517_2516_5385_2515_5384_2343_2342_2514_2341_5383_2340_2513_2339_5214_5213_5215_2512_5212_5216_2338_5211_5217_5210_5381_2337_2511_5209_5219_2336_5208_5220_5380_2510_5207_2335_5379_2509_5206_2334_5378_5205_2508_2333_5204_5377_2507_2332_5203_2168_5376_2167_2169_2166_2506_2686_2165_2331_5202_2164_2163_5375_2505_2162_2330_5201_2684_2161_5038_5374_5037_5039_2160_2504_5036_5040_5200_2329_5035_5041_2683_5034_5042_2159_5033_5043_5199_2328_5032_5044_2503_2158_2682_5031_5045_2157_5030_2681_5029_5197_2680_5028_5048_2326_2501_2325_589_587_586_585_584_5304_5303_5305_5302_5306_5301_5307_5300_5308_583_5299_5309_582_5298_5310_581_580_579_5198_2156_2154_4977_1096_4976_1095_1097_1094_1093_1099_4975_1092_4974_1091_4973_1090_4804_4972_1089_4803_4802_4801_1088_4800_4971_4799_1087_4798_4970_5150_4797_1086_4969_4796_5148_1085_920_4968_919_921_4795_5147_918_922_917_923_916_924_1084_4794_5146_915_925_4967_914_926_1083_1259_4793_5145_913_927_4966_912_928_4792_5144_1082_1258_911_929_4965_4791_5143_1081_1257_910_930_4628_4964_4627_4629_4626_4630_4790_5142_909_931_4625_4631_1080_1256_4624_4632_4623_4633_908_932_1436_4789_4963_5141_4622_4634_1079_1255_4621_4635_907_933_4620_4636_4788_5140_4962_4619_4637_906_934_1078_1254_1434_4787_4618_4638_4961_1433_4639_904_745_741_3384_5080_5079_5081_5078_5082_3383_5083_3382_5084_3381_5085_3380_5086_3379_5087_5261_3378_3562_3561_3563_3560_3564_5088_5262_3559_3565_3558_3566_3377_5089_5263_3557_3567_3204_3376_3556_3568_4904_5264_4903_4905_4902_4906_5090_4901_4907_3203_3555_3569_4900_4908_5265_3375_4899_4909_5091_3202_3554_3570_4898_4910_5266_3374_3201_3553_3571_5092_4897_4911_5267_3200_3552_3572_4896_4912_3373_5093_5268_4895_4913_3199_3551_3573_3372_4894_4914_5094_5269_3198_3550_3574_4893_4915_3371_5095_5270_5438_3197_3549_3575_4892_4916_3370_3738_3737_3739_3196_3548_3576_3736_3740_5096_5440_5271_3735_3741_4891_4917_3734_3742_5441_3029_3733_3743_3195_3369_3547_3577_3732_3744_5272_5097_4890_4918_5442_3027_3731_3745_3026_3194_3546_3730_3746_3368_4728_4727_4729_4889_4919_5273_4730_5098_4725_4731_3025_3729_4724_4732_4723_4733_3024_3728_3748_4888_4920_4722_3023_3749_4736_5986_82_81_85_87_78_88_5984_89_90_91_74_92_5633_93_1432_4640_4641_4642_4643_1431_4644_4645_1430_4646_1429_1428_1608_1253_1427_1606_1252_1426_1605_1251_1604_1425_1250_1603_4463_1424_4462_4464_4461_4465_4460_4466_4459_4467_1249_1602_4458_4468_1423_4457_4469_1248_4470_1601_4455_4471_1422_1600_4454_1247_1077_4473_1421_1599_4887_4886_4885_3022_4884_3021_2855_4883_2854_2853_2852_3020_4882_2851_2850_3019_4881_2849_5054_2848_4880_3018_2847_5053_4879_3017_3193_2846_4716_4715_4717_4714_4718_4878_2845_4713_4719_3016_3192_4712_4720_4711_4721_2844_4877_5051_4710_3015_3191_4709_2843_4708_4876_2842_3014_3190_4726_6162_6161_6160_95_97_99_100_6340_101_6339_102_6338_103_6337_104_106_766_3927_3926_5452_3925_5451_3924_5450_3923_5449_3922_5448_3751_3753_3921_3750_3754_5279_5447_3920_5278_5277_5276_3747_5275_5446_3919_5274_5445_3918_3917_5443_3916_3915_3914_3913_5103_3912_5321_936_4673_2134_4674_2133_4675_2132_4676_2131_4667_4677_2130_4678_2129_4665_4679_2128_2312_4496_4664_4680_1959_2311_2313_4495_4497_1958_2310_2314_4494_4498_1957_2309_2315_4493_4499_1956_2308_2316_4492_4500_4852_2127_4681_1955_2307_2317_4491_4501_4853_1954_2126_2306_2318_4490_4502_4682_4854_1953_2305_2319_4489_4503_4855_2125_4683_1952_2304_2320_4488_4504_4856_2124_4660_4684_1951_2303_2321_4487_4505_4857_1950_2302_2322_4486_4506_4858_2123_4685_1949_2301_2323_4485_4507_4859_2122_4686_1948_2300_2324_4484_4508_4860_2121_4687_1947_2299_4483_4509_4861_2120_2152_2488_4320_4688_5024_2487_2489_4319_4321_5025_1946_2298_2486_2490_4318_4322_4482_4510_4862_5026_2485_2491_4317_4323_5027_2484_2492_4316_4324_2483_2493_4315_4325_1945_2119_2153_2297_2327_4481_4511_4689_4863_2482_2494_4314_4326_1777_2481_2495_4313_4327_1776_1944_2296_2480_2496_4312_4328_4480_4512_4864_2118_4690_2479_2497_4311_4329_4479_4513_1774_2478_2498_4330_2117_1773_4331_2294_4866_4692_285_286_287_288_6336_6520_105_6519_6521_6518_6522_107_6517_6523_108_6516_6524_289_109_6515_98_110_290_6514_111_6513_291_96_112_464_6512_292_113_465_94_114_466_293_115_467_294_116_468_295_117_469_296_6696_6695_6697_118_470_6694_6698_6693_6699_6692_6700_6691_119_471_6690_6702_6689_120_4475_4474_1772_4472_1771_1598_1770_1597_1769_1596_4306_4305_4307_1768_4304_4308_4303_4309_1595_4302_4310_4301_4300_1767_1594_4299_1593_1766_1592_3013_4707_3012_4706_3011_4705_3010_2840_4704_2839_2841_3009_2838_2837_4535_4703_2836_3008_4534_4536_4533_4537_4532_4538_2835_4531_4539_4702_3007_2834_4530_4540_3189_3188_2833_4529_4541_4701_3006_3187_2832_4528_4542_3186_4700_3005_4527_4543_2831_3185_3004_3184_4526_4544_2830_3183_4525_4545_2829_3003_3182_4524_4546_2828_3002_3181_4523_4547_2827_3180_3001_4548_2826_3179_4359_3000_4358_4360_4361_4362_4364_2999_5465_240_5464_239_241_238_5463_237_236_5462_235_5461_412_234_5460_411_233_410_5291_5459_5290_5292_5289_5293_232_5288_5294_409_5287_5295_5458_408_5286_5296_231_5285_5297_5457_407_230_5284_64_5456_63_65_62_66_406_5283_61_67_229_60_68_5282_59_69_405_228_58_70_5281_404_57_71_227_56_5280_5632_403_55_73_226_54_402_225_53_401_5115_5114_5116_5113_5117_52_224_5112_5118_5111_5119_400_5110_5120_51_5109_5121_223_5108_5122_399_50_5107_5123_222_5106_5124_49_398_221_4456_1420_1419_1246_1245_1418_4453_1244_4452_1417_1243_4451_1416_4288_4287_4289_4286_4290_1242_4285_4291_4284_4292_4450_4283_4293_1415_1241_4282_4294_1076_1075_4281_4295_4449_1074_1240_1414_4280_4296_1073_1072_4448_4279_4297_1071_1239_1591_4278_4298_1070_4447_4277_1238_1590_1412_1236_5052_5050_5049_2679_5047_2678_5046_2677_2676_2674_6289_6290_6291_5444_1589_1588_1413_1587_1586_1765_1411_1764_1585_1410_1763_4119_1584_4118_4120_4117_4121_4116_4122_4115_4123_1409_1762_4114_4124_4113_4125_1408_4112_4126_1761_4111_4127_1760_4110_4128_1237_4129_1235_7225_7226_7227_7228_319_7229_318_317_4699_4875_4698_4874_2668_2667_2669_4697_4873_2666_2670_2665_2671_2664_2672_4696_4872_2663_2673_4695_4871_2662_2661_2675_4694_4870_2660_4693_4869_2659_4868_2658_4522_2657_4691_4867_4521_2656_4520_4519_2655_4865_4518_2654_4517_1006_6725_2499_2500_2502_743_742_744_4960_740_746_739_747_4959_4786_738_748_4785_737_749_4958_5139_736_750_4784_5138_4957_735_751_4783_5137_734_4956_4782_733_4781_4955_732_4780_905_4954_731_4779_4616_4615_4617_4953_4614_730_4613_4612_4778_4611_567_903_566_568_4952_565_569_729_4610_564_570_563_4609_4777_728_4608_561_560_4776_4607_559_727_4606_4605_726_4604_1943_1942_1941_1940_1939_1938_1937_1936_4136_4135_4137_4134_4138_2116_4133_4139_4132_4140_2115_4131_4141_2114_4130_4142_2113_4143_2112_4144_4145_4146_4147_4148_4149_2295_2293_4150_2292_2291_2290_4151_2289_2288_4152_4153_4154_7230_316_315_314_313_139_7049_312_7048_7050_7047_7051_7046_7052_7045_7053_138_7044_7054_311_7043_7055_7042_137_7041_136_7058_487_3367_3366_3365_3364_3363_4549_3362_4550_3361_4551_3360_4552_4553_3359_4554_4734_3358_4555_4735_3357_4556_3178_3545_3356_3544_3543_4557_3542_3541_3177_3355_3540_4737_4558_3539_3354_3538_3176_4368_4367_4369_4559_4370_4738_4371_3537_4372_4373_3353_3175_4739_4375_3352_3534_4377_6724_6723_6722_6721_822_824_753_754_755_756_5318_757_5317_5316_758_5315_5314_759_5313_760_5312_7056_310_2653_4516_2652_4515_2825_2651_4514_2650_2824_4352_4351_4353_4350_4354_4349_4355_4348_4356_4347_4357_2823_4345_2648_2822_4446_1069_4445_1068_4444_1067_4443_1066_4276_4442_4275_902_901_1065_4274_900_899_4273_4441_898_1064_4272_897_896_4440_4271_895_1063_894_4439_4269_1062_893_4268_3578_7040_135_134_133_132_2649_2477_4343_2476_4342_4344_4341_4340_4346_2475_4339_2647_2474_4338_2473_4337_2646_2472_4336_2645_4335_2471_2644_4334_2470_4333_2469_2643_4332_2468_2642_2821_2467_2820_2641_2466_2819_4167_2640_4166_4168_4165_4169_4164_4170_4163_4171_2465_2818_4162_4172_4161_4173_2464_4160_4174_2817_4159_4175_4158_4176_4177_4156_4438_725_4437_724_4436_723_4435_722_4434_721_4433_720_4432_892_719_4431_718_4430_891_4603_717_4429_890_4602_716_4428_889_4601_715_4427_552_888_4264_4600_551_553_4263_4265_550_554_714_4262_4266_4426_549_555_4261_4267_548_556_4260_547_557_4259_713_887_4425_4599_546_558_4258_4270_545_4257_544_712_4256_4424_4598_4255_711_4423_4775_542_885_4253_3084_4740_4741_4363_2998_4742_2997_4743_4365_2996_3721_3720_3722_4744_4366_3719_3723_3718_3724_2995_3717_3725_3536_4560_4561_4745_4562_3716_3726_4563_4564_2994_3535_3715_3727_4746_4565_3714_3174_4566_2993_4747_3173_3713_4567_4921_2992_3172_4184_4183_4185_3533_3712_4568_4748_4182_4186_4922_4181_4187_3171_4180_4188_4569_3711_3532_4749_4923_4179_4189_3170_4570_4178_4190_3710_4924_3169_4750_4191_4571_3709_2816_3168_4192_4925_4572_4751_3708_4193_4926_4573_3897_4194_3896_3898_3707_3895_3899_3894_3900_3893_3901_4927_4574_4195_3892_3902_3706_3891_3903_3890_3904_4575_5099_831_5125_397_5126_396_578_5127_220_577_395_576_5128_219_575_394_5105_5129_218_574_48_5104_5130_393_573_47_217_4941_4940_4942_4939_4943_5131_392_572_4938_4944_46_4937_4945_216_4936_4946_5132_45_571_4935_4947_391_4934_4948_44_215_4933_4949_5133_390_4932_4950_214_4931_4951_42_762_389_4930_41_4109_4108_4107_4106_4105_1234_1233_1232_4104_3531_4376_3530_4374_4378_4379_4380_4381_3351_3529_4382_4383_3528_4384_3350_4385_3349_43_40_4928_4929_39_38_37_36_213_212_6688_121_122_123_297_298_124_299_1061_1060_886_1059_1058_884_1057_883_1056_4096_4095_4097_882_4094_4098_4093_4099_4092_4100_4091_4101_881_4090_4102_4089_4103_880_4088_4087_710_4085_35_34_211_33_210_4753_32_4752_4754_4755_4756_4757_209_4758_31_4759_208_4760_4761_30_207_5100_5101_5102_3911_29_28_4762_206_4763_27_205_4764_204_26_4765_203_25_4766_388_202_387_4577_24_4576_4578_4579_4767_386_4580_4581_201_385_4582_384_4768_23_4583_200_4584_383_4585_4769_22_382_4586_199_381_4770_4587_21_198_379_4196_4197_3348_3347_4198_3346_3345_543_541_540_539_4254_4422_4252_538_4251_4250_4421_537_4249_536_4248_4420_4247_535_4419_709_4246_534_4418_4245_4597_708_533_4244_4596_4417_707_532_4243_4595_368_4416_367_369_366_370_706_365_371_531_4242_4594_364_372_363_373_4415_705_362_374_530_4241_4593_361_375_4078_4414_4077_4079_360_376_704_4076_4080_4240_4592_529_4075_4081_4074_4082_359_377_4073_4083_4239_4413_4591_528_4072_4084_358_4071_357_4070_4086_4238_4069_356_4589_355_4067_4068_4199_3344_4200_4201_4202_4203_4204_4205_3527_3526_3525_4206_3524_3523_3522_4207_3521_4386_4208_4388_764_763_5311_761_354_353_352_4064_4063_4065_4062_4066_4061_4237_4060_4236_4059_4235_4058_4234_180_179_181_4057_4233_178_182_177_183_176_184_4056_4232_185_4055_4231_186_187_4054_4230_188_4053_4229_189_4052_4228_4412_190_4411_4410_191_4051_4227_4409_192_4408_4050_4226_4407_193_4049_4225_4406_4_3_5_2_6_194_1_7_0_8_4048_4224_9_4404_195_10_4403_13_3888_3887_3889_3886_3885_3884_3883_3882_3881_4398_4397_4399_3880_4396_4395_4394_3705_3879_4393_3704_4392_3878_4391_3703_3877_4390_3702_4389_3876_3701_3875_3700_4387_3874_3699_3873_3698_4222_4221_4223_3872_4220_3697_4219_4218_4217_3696_4216_3905_4215_4214_3906_4212_4210_4771_4772_3910_3909_3908_3907_20_19_197_18_196_4588_17_16_4400_4401_4402_4590_4405_15_380_378_14_12_658_6892_6891_657_6889_656_6888_6887_655_486_485_6885_654_11_4773_4774_4213_4211_4209_3520_6720_823_825_826_827_6719_828_6718_829_6717_6716_6715_6714_6713_648_6712_647_649_646_650_645_651_644_652_643_653_6711_6710_6709_6708_6886_6707_131_309_130_308_129_307_128_6864_6865_306_6866_6867_6868_6869_127_305_6870_6871_126_6873_6874_125_6875_4155_4157_5320_937_5319_304_6872_303_302_301_300_6876_6877_6878_6879_484_483_482_481_480_6880_479_6881_6701_476_475_474_6884_6883_6882_478_477_6705_752_5136_5135_5134_6706_473_472_6704_6703_562_,0_1_2_3_4_5_6_7_8_9_10_11_12_13_14_15_16_17_18_19_20_21_22_23_24_25_26_27_28_29_30_31_32_33_34_35_36_37_38_39_40_41_42_43_44_45_46_47_48_49_50_51_52_53_54_55_56_57_58_59_60_61_62_63_64_65_66_67_68_69_70_71_72_73_74_75_76_77_78_79_80_81_82_83_84_85_86_87_88_89_90_91_92_93_94_95_96_97_98_99_100_101_102_103_104_105_106_107_108_109_110_111_112_113_114_115_116_117_118_119_120_121_122_123_124_125_126_127_128_129_130_131_132_133_134_135_136_137_138_139_140_141_142_143_144_145_146_147_148_149_150_151_152_153_154_155_156_157_158_159_160_161_162_163_164_165_166_167_168_169_170_171_172_173_174_175_176_177_178_179_180_181_182_183_184_185_186_187_188_189_190_191_192_193_194_195_196_197_198_199_200_201_202_203_204_205_206_207_208_209_210_211_212_213_214_215_216_217_218_219_220_221_222_223_224_225_226_227_228_229_230_231_232_233_234_235_236_237_238_239_240_241_242_243_244_245_246_247_248_249_250_251_252_253_254_255_256_257_258_259_260_261_262_263_264_265_266_267_268_269_270_271_272_273_274_275_276_277_278_279_280_281_282_283_284_285_286_287_288_289_290_291_292_293_294_295_296_297_298_299_300_301_302_303_304_305_306_307_308_309_310_311_312_313_314_315_316_317_318_319_320_321_322_323_324_325_326_327_328_329_330_331_332_333_334_335_336_337_338_339_340_341_342_343_344_345_346_347_348_349_350_351_352_353_354_355_356_357_358_359_360_361_362_363_364_365_366_367_368_369_370_371_372_373_374_375_376_377_378_379_380_381_382_383_384_385_386_387_388_389_390_391_392_393_394_395_396_397_398_399_400_401_402_403_404_405_406_407_408_409_410_411_412_413_414_415_416_417_418_419_420_421_422_423_424_425_426_427_428_429_430_431_432_433_434_435_436_437_438_439_440_441_442_443_444_445_446_447_448_449_450_451_452_453_454_455_456_457_458_459_460_461_462_463_464_465_466_467_468_469_470_471_472_473_474_475_476_477_478_479_480_481_482_483_484_485_486_487_488_489_490_491_492_493_494_495_496_497_498_499_500_501_502_503_504_505_506_507_508_509_510_511_512_513_514_515_516_517_518_519_520_521_522_523_524_525_526_527_528_529_530_531_532_533_534_535_536_537_538_539_540_541_542_543_544_545_546_547_548_549_550_551_552_553_554_555_556_557_558_559_560_561_562_563_564_565_566_567_568_569_570_571_572_573_574_575_576_577_578_579_580_581_582_583_584_585_586_587_588_589_590_591_592_593_594_595_596_597_598_599_600_601_602_603_604_605_606_607_608_609_610_611_612_613_614_615_616_617_618_619_620_621_622_623_624_625_626_627_628_629_630_631_632_633_634_635_636_637_638_639_640_641_642_643_644_645_646_647_648_649_650_651_652_653_654_655_656_657_658_659_660_661_662_663_664_665_666_667_668_669_670_671_672_673_674_675_676_677_678_679_680_681_682_683_684_685_686_687_688_689_690_691_692_693_694_695_696_697_698_699_700_701_702_703_704_705_706_707_708_709_710_711_712_713_714_715_716_717_718_719_720_721_722_723_724_725_726_727_728_729_730_731_732_733_734_735_736_737_738_739_740_741_742_743_744_745_746_747_748_749_750_751_752_753_754_755_756_757_758_759_760_761_762_763_764_765_766_767_768_769_770_771_772_773_774_775_776_777_778_779_780_781_782_783_784_785_786_787_788_789_790_791_792_793_794_795_796_797_798_799_800_801_802_803_804_805_806_807_808_809_810_811_812_813_814_815_816_817_818_819_820_821_822_823_824_825_826_827_828_829_830_831_832_833_834_835_836_837_838_839_840_841_842_843_844_845_846_847_848_849_850_851_852_853_854_855_856_857_858_859_860_861_862_863_864_865_866_867_868_869_870_871_872_873_874_875_876_877_878_879_880_881_882_883_884_885_886_887_888_889_890_891_892_893_894_895_896_897_898_899_900_901_902_903_904_905_906_907_908_909_910_911_912_913_914_915_916_917_918_919_920_921_922_923_924_925_926_927_928_929_930_931_932_933_934_935_936_937_938_939_940_941_942_943_944_945_946_947_948_949_950_951_952_953_954_955_956_957_958_959_960_961_962_963_964_965_966_967_968_969_970_971_972_973_974_975_976_977_978_979_980_981_982_983_984_985_986_987_988_989_990_991_992_993_994_995_996_997_998_999_1000_1001_1002_1003_1004_1005_1006_1007_1008_1009_1010_1011_1012_1013_1014_1015_1016_1017_1018_1019_1020_1021_1022_1023_1024_1025_1026_1027_1028_1029_1030_1031_1032_1033_1034_1035_1036_1037_1038_1039_1040_1041_1042_1043_1044_1045_1046_1047_1048_1049_1050_1051_1052_1053_1054_1055_1056_1057_1058_1059_1060_1061_1062_1063_1064_1065_1066_1067_1068_1069_1070_1071_1072_1073_1074_1075_1076_1077_1078_1079_1080_1081_1082_1083_1084_1085_1086_1087_1088_1089_1090_1091_1092_1093_1094_1095_1096_1097_1098_1099_1100_1101_1102_1103_1104_1105_1106_1107_1108_1109_1110_1111_1112_1113_1114_1115_1116_1117_1118_1119_1120_1121_1122_1123_1124_1125_1126_1127_1128_1129_1130_1131_1132_1133_1134_1135_1136_1137_1138_1139_1140_1141_1142_1143_1144_1145_1146_1147_1148_1149_1150_1151_1152_1153_1154_1155_1156_1157_1158_1159_1160_1161_1162_1163_1164_1165_1166_1167_1168_1169_1170_1171_1172_1173_1174_1175_1176_1177_1178_1179_1180_1181_1182_1183_1184_1185_1186_1187_1188_1189_1190_1191_1192_1193_1194_1195_1196_1197_1198_1199_1200_1201_1202_1203_1204_1205_1206_1207_1208_1209_1210_1211_1212_1213_1214_1215_1216_1217_1218_1219_1220_1221_1222_1223_1224_1225_1226_1227_1228_1229_1230_1231_1232_1233_1234_1235_1236_1237_1238_1239_1240_1241_1242_1243_1244_1245_1246_1247_1248_1249_1250_1251_1252_1253_1254_1255_1256_1257_1258_1259_1260_1261_1262_1263_1264_1265_1266_1267_1268_1269_1270_1271_1272_1273_1274_1275_1276_1277_1278_1279_1280_1281_1282_1283_1284_1285_1286_1287_1288_1289_1290_1291_1292_1293_1294_1295_1296_1297_1298_1299_1300_1301_1302_1303_1304_1305_1306_1307_1308_1309_1310_1311_1312_1313_1314_1315_1316_1317_1318_1319_1320_1321_1322_1323_1324_1325_1326_1327_1328_1329_1330_1331_1332_1333_1334_1335_1336_1337_1338_1339_1340_1341_1342_1343_1344_1345_1346_1347_1348_1349_1350_1351_1352_1353_1354_1355_1356_1357_1358_1359_1360_1361_1362_1363_1364_1365_1366_1367_1368_1369_1370_1371_1372_1373_1374_1375_1376_1377_1378_1379_1380_1381_1382_1383_1384_1385_1386_1387_1388_1389_1390_1391_1392_1393_1394_1395_1396_1397_1398_1399_1400_1401_1402_1403_1404_1405_1406_1407_1408_1409_1410_1411_1412_1413_1414_1415_1416_1417_1418_1419_1420_1421_1422_1423_1424_1425_1426_1427_1428_1429_1430_1431_1432_1433_1434_1435_1436_1437_1438_1439_1440_1441_1442_1443_1444_1445_1446_1447_1448_1449_1450_1451_1452_1453_1454_1455_1456_1457_1458_1459_1460_1461_1462_1463_1464_1465_1466_1467_1468_1469_1470_1471_1472_1473_1474_1475_1476_1477_1478_1479_1480_1481_1482_1483_1484_1485_1486_1487_1488_1489_1490_1491_1492_1493_1494_1495_1496_1497_1498_1499_1500_1501_1502_1503_1504_1505_1506_1507_1508_1509_1510_1511_1512_1513_1514_1515_1516_1517_1518_1519_1520_1521_1522_1523_1524_1525_1526_1527_1528_1529_1530_1531_1532_1533_1534_1535_1536_1537_1538_1539_1540_1541_1542_1543_1544_1545_1546_1547_1548_1549_1550_1551_1552_1553_1554_1555_1556_1557_1558_1559_1560_1561_1562_1563_1564_1565_1566_1567_1568_1569_1570_1571_1572_1573_1574_1575_1576_1577_1578_1579_1580_1581_1582_1583_1584_1585_1586_1587_1588_1589_1590_1591_1592_1593_1594_1595_1596_1597_1598_1599_1600_1601_1602_1603_1604_1605_1606_1607_1608_1609_1610_1611_1612_1613_1614_1615_1616_1617_1618_1619_1620_1621_1622_1623_1624_1625_1626_1627_1628_1629_1630_1631_1632_1633_1634_1635_1636_1637_1638_1639_1640_1641_1642_1643_1644_1645_1646_1647_1648_1649_1650_1651_1652_1653_1654_1655_1656_1657_1658_1659_1660_1661_1662_1663_1664_1665_1666_1667_1668_1669_1670_1671_1672_1673_1674_1675_1676_1677_1678_1679_1680_1681_1682_1683_1684_1685_1686_1687_1688_1689_1690_1691_1692_1693_1694_1695_1696_1697_1698_1699_1700_1701_1702_1703_1704_1705_1706_1707_1708_1709_1710_1711_1712_1713_1714_1715_1716_1717_1718_1719_1720_1721_1722_1723_1724_1725_1726_1727_1728_1729_1730_1731_1732_1733_1734_1735_1736_1737_1738_1739_1740_1741_1742_1743_1744_1745_1746_1747_1748_1749_1750_1751_1752_1753_1754_1755_1756_1757_1758_1759_1760_1761_1762_1763_1764_1765_1766_1767_1768_1769_1770_1771_1772_1773_1774_1775_1776_1777_1778_1779_1780_1781_1782_1783_1784_1785_1786_1787_1788_1789_1790_1791_1792_1793_1794_1795_1796_1797_1798_1799_1800_1801_1802_1803_1804_1805_1806_1807_1808_1809_1810_1811_1812_1813_1814_1815_1816_1817_1818_1819_1820_1821_1822_1823_1824_1825_1826_1827_1828_1829_1830_1831_1832_1833_1834_1835_1836_1837_1838_1839_1840_1841_1842_1843_1844_1845_1846_1847_1848_1849_1850_1851_1852_1853_1854_1855_1856_1857_1858_1859_1860_1861_1862_1863_1864_1865_1866_1867_1868_1869_1870_1871_1872_1873_1874_1875_1876_1877_1878_1879_1880_1881_1882_1883_1884_1885_1886_1887_1888_1889_1890_1891_1892_1893_1894_1895_1896_1897_1898_1899_1900_1901_1902_1903_1904_1905_1906_1907_1908_1909_1910_1911_1912_1913_1914_1915_1916_1917_1918_1919_1920_1921_1922_1923_1924_1925_1926_1927_1928_1929_1930_1931_1932_1933_1934_1935_1936_1937_1938_1939_1940_1941_1942_1943_1944_1945_1946_1947_1948_1949_1950_1951_1952_1953_1954_1955_1956_1957_1958_1959_1960_1961_1962_1963_1964_1965_1966_1967_1968_1969_1970_1971_1972_1973_1974_1975_1976_1977_1978_1979_1980_1981_1982_1983_1984_1985_1986_1987_1988_1989_1990_1991_1992_1993_1994_1995_1996_1997_1998_1999_2000_2001_2002_2003_2004_2005_2006_2007_2008_2009_2010_2011_2012_2013_2014_2015_2016_2017_2018_2019_2020_2021_2022_2023_2024_2025_2026_2027_2028_2029_2030_2031_2032_2033_2034_2035_2036_2037_2038_2039_2040_2041_2042_2043_2044_2045_2046_2047_2048_2049_2050_2051_2052_2053_2054_2055_2056_2057_2058_2059_2060_2061_2062_2063_2064_2065_2066_2067_2068_2069_2070_2071_2072_2073_2074_2075_2076_2077_2078_2079_2080_2081_2082_2083_2084_2085_2086_2087_2088_2089_2090_2091_2092_2093_2094_2095_2096_2097_2098_2099_2100_2101_2102_2103_2104_2105_2106_2107_2108_2109_2110_2111_2112_2113_2114_2115_2116_2117_2118_2119_2120_2121_2122_2123_2124_2125_2126_2127_2128_2129_2130_2131_2132_2133_2134_2135_2136_2137_2138_2139_2140_2141_2142_2143_2144_2145_2146_2147_2148_2149_2150_2151_2152_2153_2154_2155_2156_2157_2158_2159_2160_2161_2162_2163_2164_2165_2166_2167_2168_2169_2170_2171_2172_2173_2174_2175_2176_2177_2178_2179_2180_2181_2182_2183_2184_2185_2186_2187_2188_2189_2190_2191_2192_2193_2194_2195_2196_2197_2198_2199_2200_2201_2202_2203_2204_2205_2206_2207_2208_2209_2210_2211_2212_2213_2214_2215_2216_2217_2218_2219_2220_2221_2222_2223_2224_2225_2226_2227_2228_2229_2230_2231_2232_2233_2234_2235_2236_2237_2238_2239_2240_2241_2242_2243_2244_2245_2246_2247_2248_2249_2250_2251_2252_2253_2254_2255_2256_2257_2258_2259_2260_2261_2262_2263_2264_2265_2266_2267_2268_2269_2270_2271_2272_2273_2274_2275_2276_2277_2278_2279_2280_2281_2282_2283_2284_2285_2286_2287_2288_2289_2290_2291_2292_2293_2294_2295_2296_2297_2298_2299_2300_2301_2302_2303_2304_2305_2306_2307_2308_2309_2310_2311_2312_2313_2314_2315_2316_2317_2318_2319_2320_2321_2322_2323_2324_2325_2326_2327_2328_2329_2330_2331_2332_2333_2334_2335_2336_2337_2338_2339_2340_2341_2342_2343_2344_2345_2346_2347_2348_2349_2350_2351_2352_2353_2354_2355_2356_2357_2358_2359_2360_2361_2362_2363_2364_2365_2366_2367_2368_2369_2370_2371_2372_2373_2374_2375_2376_2377_2378_2379_2380_2381_2382_2383_2384_2385_2386_2387_2388_2389_2390_2391_2392_2393_2394_2395_2396_2397_2398_2399_2400_2401_2402_2403_2404_2405_2406_2407_2408_2409_2410_2411_2412_2413_2414_2415_2416_2417_2418_2419_2420_2421_2422_2423_2424_2425_2426_2427_2428_2429_2430_2431_2432_2433_2434_2435_2436_2437_2438_2439_2440_2441_2442_2443_2444_2445_2446_2447_2448_2449_2450_2451_2452_2453_2454_2455_2456_2457_2458_2459_2460_2461_2462_2463_2464_2465_2466_2467_2468_2469_2470_2471_2472_2473_2474_2475_2476_2477_2478_2479_2480_2481_2482_2483_2484_2485_2486_2487_2488_2489_2490_2491_2492_2493_2494_2495_2496_2497_2498_2499_2500_2501_2502_2503_2504_2505_2506_2507_2508_2509_2510_2511_2512_2513_2514_2515_2516_2517_2518_2519_2520_2521_2522_2523_2524_2525_2526_2527_2528_2529_2530_2531_2532_2533_2534_2535_2536_2537_2538_2539_2540_2541_2542_2543_2544_2545_2546_2547_2548_2549_2550_2551_2552_2553_2554_2555_2556_2557_2558_2559_2560_2561_2562_2563_2564_2565_2566_2567_2568_2569_2570_2571_2572_2573_2574_2575_2576_2577_2578_2579_2580_2581_2582_2583_2584_2585_2586_2587_2588_2589_2590_2591_2592_2593_2594_2595_2596_2597_2598_2599_2600_2601_2602_2603_2604_2605_2606_2607_2608_2609_2610_2611_2612_2613_2614_2615_2616_2617_2618_2619_2620_2621_2622_2623_2624_2625_2626_2627_2628_2629_2630_2631_2632_2633_2634_2635_2636_2637_2638_2639_2640_2641_2642_2643_2644_2645_2646_2647_2648_2649_2650_2651_2652_2653_2654_2655_2656_2657_2658_2659_2660_2661_2662_2663_2664_2665_2666_2667_2668_2669_2670_2671_2672_2673_2674_2675_2676_2677_2678_2679_2680_2681_2682_2683_2684_2685_2686_2687_2688_2689_2690_2691_2692_2693_2694_2695_2696_2697_2698_2699_2700_2701_2702_2703_2704_2705_2706_2707_2708_2709_2710_2711_2712_2713_2714_2715_2716_2717_2718_2719_2720_2721_2722_2723_2724_2725_2726_2727_2728_2729_2730_2731_2732_2733_2734_2735_2736_2737_2738_2739_2740_2741_2742_2743_2744_2745_2746_2747_2748_2749_2750_2751_2752_2753_2754_2755_2756_2757_2758_2759_2760_2761_2762_2763_2764_2765_2766_2767_2768_2769_2770_2771_2772_2773_2774_2775_2776_2777_2778_2779_2780_2781_2782_2783_2784_2785_2786_2787_2788_2789_2790_2791_2792_2793_2794_2795_2796_2797_2798_2799_2800_2801_2802_2803_2804_2805_2806_2807_2808_2809_2810_2811_2812_2813_2814_2815_2816_2817_2818_2819_2820_2821_2822_2823_2824_2825_2826_2827_2828_2829_2830_2831_2832_2833_2834_2835_2836_2837_2838_2839_2840_2841_2842_2843_2844_2845_2846_2847_2848_2849_2850_2851_2852_2853_2854_2855_2856_2857_2858_2859_2860_2861_2862_2863_2864_2865_2866_2867_2868_2869_2870_2871_2872_2873_2874_2875_2876_2877_2878_2879_2880_2881_2882_2883_2884_2885_2886_2887_2888_2889_2890_2891_2892_2893_2894_2895_2896_2897_2898_2899_2900_2901_2902_2903_2904_2905_2906_2907_2908_2909_2910_2911_2912_2913_2914_2915_2916_2917_2918_2919_2920_2921_2922_2923_2924_2925_2926_2927_2928_2929_2930_2931_2932_2933_2934_2935_2936_2937_2938_2939_2940_2941_2942_2943_2944_2945_2946_2947_2948_2949_2950_2951_2952_2953_2954_2955_2956_2957_2958_2959_2960_2961_2962_2963_2964_2965_2966_2967_2968_2969_2970_2971_2972_2973_2974_2975_2976_2977_2978_2979_2980_2981_2982_2983_2984_2985_2986_2987_2988_2989_2990_2991_2992_2993_2994_2995_2996_2997_2998_2999_3000_3001_3002_3003_3004_3005_3006_3007_3008_3009_3010_3011_3012_3013_3014_3015_3016_3017_3018_3019_3020_3021_3022_3023_3024_3025_3026_3027_3028_3029_3030_3031_3032_3033_3034_3035_3036_3037_3038_3039_3040_3041_3042_3043_3044_3045_3046_3047_3048_3049_3050_3051_3052_3053_3054_3055_3056_3057_3058_3059_3060_3061_3062_3063_3064_3065_3066_3067_3068_3069_3070_3071_3072_3073_3074_3075_3076_3077_3078_3079_3080_3081_3082_3083_3084_3085_3086_3087_3088_3089_3090_3091_3092_3093_3094_3095_3096_3097_3098_3099_3100_3101_3102_3103_3104_3105_3106_3107_3108_3109_3110_3111_3112_3113_3114_3115_3116_3117_3118_3119_3120_3121_3122_3123_3124_3125_3126_3127_3128_3129_3130_3131_3132_3133_3134_3135_3136_3137_3138_3139_3140_3141_3142_3143_3144_3145_3146_3147_3148_3149_3150_3151_3152_3153_3154_3155_3156_3157_3158_3159_3160_3161_3162_3163_3164_3165_3166_3167_3168_3169_3170_3171_3172_3173_3174_3175_3176_3177_3178_3179_3180_3181_3182_3183_3184_3185_3186_3187_3188_3189_3190_3191_3192_3193_3194_3195_3196_3197_3198_3199_3200_3201_3202_3203_3204_3205_3206_3207_3208_3209_3210_3211_3212_3213_3214_3215_3216_3217_3218_3219_3220_3221_3222_3223_3224_3225_3226_3227_3228_3229_3230_3231_3232_3233_3234_3235_3236_3237_3238_3239_3240_3241_3242_3243_3244_3245_3246_3247_3248_3249_3250_3251_3252_3253_3254_3255_3256_3257_3258_3259_3260_3261_3262_3263_3264_3265_3266_3267_3268_3269_3270_3271_3272_3273_3274_3275_3276_3277_3278_3279_3280_3281_3282_3283_3284_3285_3286_3287_3288_3289_3290_3291_3292_3293_3294_3295_3296_3297_3298_3299_3300_3301_3302_3303_3304_3305_3306_3307_3308_3309_3310_3311_3312_3313_3314_3315_3316_3317_3318_3319_3320_3321_3322_3323_3324_3325_3326_3327_3328_3329_3330_3331_3332_3333_3334_3335_3336_3337_3338_3339_3340_3341_3342_3343_3344_3345_3346_3347_3348_3349_3350_3351_3352_3353_3354_3355_3356_3357_3358_3359_3360_3361_3362_3363_3364_3365_3366_3367_3368_3369_3370_3371_3372_3373_3374_3375_3376_3377_3378_3379_3380_3381_3382_3383_3384_3385_3386_3387_3388_3389_3390_3391_3392_3393_3394_3395_3396_3397_3398_3399_3400_3401_3402_3403_3404_3405_3406_3407_3408_3409_3410_3411_3412_3413_3414_3415_3416_3417_3418_3419_3420_3421_3422_3423_3424_3425_3426_3427_3428_3429_3430_3431_3432_3433_3434_3435_3436_3437_3438_3439_3440_3441_3442_3443_3444_3445_3446_3447_3448_3449_3450_3451_3452_3453_3454_3455_3456_3457_3458_3459_3460_3461_3462_3463_3464_3465_3466_3467_3468_3469_3470_3471_3472_3473_3474_3475_3476_3477_3478_3479_3480_3481_3482_3483_3484_3485_3486_3487_3488_3489_3490_3491_3492_3493_3494_3495_3496_3497_3498_3499_3500_3501_3502_3503_3504_3505_3506_3507_3508_3509_3510_3511_3512_3513_3514_3515_3516_3517_3518_3519_3520_3521_3522_3523_3524_3525_3526_3527_3528_3529_3530_3531_3532_3533_3534_3535_3536_3537_3538_3539_3540_3541_3542_3543_3544_3545_3546_3547_3548_3549_3550_3551_3552_3553_3554_3555_3556_3557_3558_3559_3560_3561_3562_3563_3564_3565_3566_3567_3568_3569_3570_3571_3572_3573_3574_3575_3576_3577_3578_3579_3580_3581_3582_3583_3584_3585_3586_3587_3588_3589_3590_3591_3592_3593_3594_3595_3596_3597_3598_3599_3600_3601_3602_3603_3604_3605_3606_3607_3608_3609_3610_3611_3612_3613_3614_3615_3616_3617_3618_3619_3620_3621_3622_3623_3624_3625_3626_3627_3628_3629_3630_3631_3632_3633_3634_3635_3636_3637_3638_3639_3640_3641_3642_3643_3644_3645_3646_3647_3648_3649_3650_3651_3652_3653_3654_3655_3656_3657_3658_3659_3660_3661_3662_3663_3664_3665_3666_3667_3668_3669_3670_3671_3672_3673_3674_3675_3676_3677_3678_3679_3680_3681_3682_3683_3684_3685_3686_3687_3688_3689_3690_3691_3692_3693_3694_3695_3696_3697_3698_3699_3700_3701_3702_3703_3704_3705_3706_3707_3708_3709_3710_3711_3712_3713_3714_3715_3716_3717_3718_3719_3720_3721_3722_3723_3724_3725_3726_3727_3728_3729_3730_3731_3732_3733_3734_3735_3736_3737_3738_3739_3740_3741_3742_3743_3744_3745_3746_3747_3748_3749_3750_3751_3752_3753_3754_3755_3756_3757_3758_3759_3760_3761_3762_3763_3764_3765_3766_3767_3768_3769_3770_3771_3772_3773_3774_3775_3776_3777_3778_3779_3780_3781_3782_3783_3784_3785_3786_3787_3788_3789_3790_3791_3792_3793_3794_3795_3796_3797_3798_3799_3800_3801_3802_3803_3804_3805_3806_3807_3808_3809_3810_3811_3812_3813_3814_3815_3816_3817_3818_3819_3820_3821_3822_3823_3824_3825_3826_3827_3828_3829_3830_3831_3832_3833_3834_3835_3836_3837_3838_3839_3840_3841_3842_3843_3844_3845_3846_3847_3848_3849_3850_3851_3852_3853_3854_3855_3856_3857_3858_3859_3860_3861_3862_3863_3864_3865_3866_3867_3868_3869_3870_3871_3872_3873_3874_3875_3876_3877_3878_3879_3880_3881_3882_3883_3884_3885_3886_3887_3888_3889_3890_3891_3892_3893_3894_3895_3896_3897_3898_3899_3900_3901_3902_3903_3904_3905_3906_3907_3908_3909_3910_3911_3912_3913_3914_3915_3916_3917_3918_3919_3920_3921_3922_3923_3924_3925_3926_3927_3928_3929_3930_3931_3932_3933_3934_3935_3936_3937_3938_3939_3940_3941_3942_3943_3944_3945_3946_3947_3948_3949_3950_3951_3952_3953_3954_3955_3956_3957_3958_3959_3960_3961_3962_3963_3964_3965_3966_3967_3968_3969_3970_3971_3972_3973_3974_3975_3976_3977_3978_3979_3980_3981_3982_3983_3984_3985_3986_3987_3988_3989_3990_3991_3992_3993_3994_3995_3996_3997_3998_3999_4000_4001_4002_4003_4004_4005_4006_4007_4008_4009_4010_4011_4012_4013_4014_4015_4016_4017_4018_4019_4020_4021_4022_4023_4024_4025_4026_4027_4028_4029_4030_4031_4032_4033_4034_4035_4036_4037_4038_4039_4040_4041_4042_4043_4044_4045_4046_4047_4048_4049_4050_4051_4052_4053_4054_4055_4056_4057_4058_4059_4060_4061_4062_4063_4064_4065_4066_4067_4068_4069_4070_4071_4072_4073_4074_4075_4076_4077_4078_4079_4080_4081_4082_4083_4084_4085_4086_4087_4088_4089_4090_4091_4092_4093_4094_4095_4096_4097_4098_4099_4100_4101_4102_4103_4104_4105_4106_4107_4108_4109_4110_4111_4112_4113_4114_4115_4116_4117_4118_4119_4120_4121_4122_4123_4124_4125_4126_4127_4128_4129_4130_4131_4132_4133_4134_4135_4136_4137_4138_4139_4140_4141_4142_4143_4144_4145_4146_4147_4148_4149_4150_4151_4152_4153_4154_4155_4156_4157_4158_4159_4160_4161_4162_4163_4164_4165_4166_4167_4168_4169_4170_4171_4172_4173_4174_4175_4176_4177_4178_4179_4180_4181_4182_4183_4184_4185_4186_4187_4188_4189_4190_4191_4192_4193_4194_4195_4196_4197_4198_4199_4200_4201_4202_4203_4204_4205_4206_4207_4208_4209_4210_4211_4212_4213_4214_4215_4216_4217_4218_4219_4220_4221_4222_4223_4224_4225_4226_4227_4228_4229_4230_4231_4232_4233_4234_4235_4236_4237_4238_4239_4240_4241_4242_4243_4244_4245_4246_4247_4248_4249_4250_4251_4252_4253_4254_4255_4256_4257_4258_4259_4260_4261_4262_4263_4264_4265_4266_4267_4268_4269_4270_4271_4272_4273_4274_4275_4276_4277_4278_4279_4280_4281_4282_4283_4284_4285_4286_4287_4288_4289_4290_4291_4292_4293_4294_4295_4296_4297_4298_4299_4300_4301_4302_4303_4304_4305_4306_4307_4308_4309_4310_4311_4312_4313_4314_4315_4316_4317_4318_4319_4320_4321_4322_4323_4324_4325_4326_4327_4328_4329_4330_4331_4332_4333_4334_4335_4336_4337_4338_4339_4340_4341_4342_4343_4344_4345_4346_4347_4348_4349_4350_4351_4352_4353_4354_4355_4356_4357_4358_4359_4360_4361_4362_4363_4364_4365_4366_4367_4368_4369_4370_4371_4372_4373_4374_4375_4376_4377_4378_4379_4380_4381_4382_4383_4384_4385_4386_4387_4388_4389_4390_4391_4392_4393_4394_4395_4396_4397_4398_4399_4400_4401_4402_4403_4404_4405_4406_4407_4408_4409_4410_4411_4412_4413_4414_4415_4416_4417_4418_4419_4420_4421_4422_4423_4424_4425_4426_4427_4428_4429_4430_4431_4432_4433_4434_4435_4436_4437_4438_4439_4440_4441_4442_4443_4444_4445_4446_4447_4448_4449_4450_4451_4452_4453_4454_4455_4456_4457_4458_4459_4460_4461_4462_4463_4464_4465_4466_4467_4468_4469_4470_4471_4472_4473_4474_4475_4476_4477_4478_4479_4480_4481_4482_4483_4484_4485_4486_4487_4488_4489_4490_4491_4492_4493_4494_4495_4496_4497_4498_4499_4500_4501_4502_4503_4504_4505_4506_4507_4508_4509_4510_4511_4512_4513_4514_4515_4516_4517_4518_4519_4520_4521_4522_4523_4524_4525_4526_4527_4528_4529_4530_4531_4532_4533_4534_4535_4536_4537_4538_4539_4540_4541_4542_4543_4544_4545_4546_4547_4548_4549_4550_4551_4552_4553_4554_4555_4556_4557_4558_4559_4560_4561_4562_4563_4564_4565_4566_4567_4568_4569_4570_4571_4572_4573_4574_4575_4576_4577_4578_4579_4580_4581_4582_4583_4584_4585_4586_4587_4588_4589_4590_4591_4592_4593_4594_4595_4596_4597_4598_4599_4600_4601_4602_4603_4604_4605_4606_4607_4608_4609_4610_4611_4612_4613_4614_4615_4616_4617_4618_4619_4620_4621_4622_4623_4624_4625_4626_4627_4628_4629_4630_4631_4632_4633_4634_4635_4636_4637_4638_4639_4640_4641_4642_4643_4644_4645_4646_4647_4648_4649_4650_4651_4652_4653_4654_4655_4656_4657_4658_4659_4660_4661_4662_4663_4664_4665_4666_4667_4668_4669_4670_4671_4672_4673_4674_4675_4676_4677_4678_4679_4680_4681_4682_4683_4684_4685_4686_4687_4688_4689_4690_4691_4692_4693_4694_4695_4696_4697_4698_4699_4700_4701_4702_4703_4704_4705_4706_4707_4708_4709_4710_4711_4712_4713_4714_4715_4716_4717_4718_4719_4720_4721_4722_4723_4724_4725_4726_4727_4728_4729_4730_4731_4732_4733_4734_4735_4736_4737_4738_4739_4740_4741_4742_4743_4744_4745_4746_4747_4748_4749_4750_4751_4752_4753_4754_4755_4756_4757_4758_4759_4760_4761_4762_4763_4764_4765_4766_4767_4768_4769_4770_4771_4772_4773_4774_4775_4776_4777_4778_4779_4780_4781_4782_4783_4784_4785_4786_4787_4788_4789_4790_4791_4792_4793_4794_4795_4796_4797_4798_4799_4800_4801_4802_4803_4804_4805_4806_4807_4808_4809_4810_4811_4812_4813_4814_4815_4816_4817_4818_4819_4820_4821_4822_4823_4824_4825_4826_4827_4828_4829_4830_4831_4832_4833_4834_4835_4836_4837_4838_4839_4840_4841_4842_4843_4844_4845_4846_4847_4848_4849_4850_4851_4852_4853_4854_4855_4856_4857_4858_4859_4860_4861_4862_4863_4864_4865_4866_4867_4868_4869_4870_4871_4872_4873_4874_4875_4876_4877_4878_4879_4880_4881_4882_4883_4884_4885_4886_4887_4888_4889_4890_4891_4892_4893_4894_4895_4896_4897_4898_4899_4900_4901_4902_4903_4904_4905_4906_4907_4908_4909_4910_4911_4912_4913_4914_4915_4916_4917_4918_4919_4920_4921_4922_4923_4924_4925_4926_4927_4928_4929_4930_4931_4932_4933_4934_4935_4936_4937_4938_4939_4940_4941_4942_4943_4944_4945_4946_4947_4948_4949_4950_4951_4952_4953_4954_4955_4956_4957_4958_4959_4960_4961_4962_4963_4964_4965_4966_4967_4968_4969_4970_4971_4972_4973_4974_4975_4976_4977_4978_4979_4980_4981_4982_4983_4984_4985_4986_4987_4988_4989_4990_4991_4992_4993_4994_4995_4996_4997_4998_4999_5000_5001_5002_5003_5004_5005_5006_5007_5008_5009_5010_5011_5012_5013_5014_5015_5016_5017_5018_5019_5020_5021_5022_5023_5024_5025_5026_5027_5028_5029_5030_5031_5032_5033_5034_5035_5036_5037_5038_5039_5040_5041_5042_5043_5044_5045_5046_5047_5048_5049_5050_5051_5052_5053_5054_5055_5056_5057_5058_5059_5060_5061_5062_5063_5064_5065_5066_5067_5068_5069_5070_5071_5072_5073_5074_5075_5076_5077_5078_5079_5080_5081_5082_5083_5084_5085_5086_5087_5088_5089_5090_5091_5092_5093_5094_5095_5096_5097_5098_5099_5100_5101_5102_5103_5104_5105_5106_5107_5108_5109_5110_5111_5112_5113_5114_5115_5116_5117_5118_5119_5120_5121_5122_5123_5124_5125_5126_5127_5128_5129_5130_5131_5132_5133_5134_5135_5136_5137_5138_5139_5140_5141_5142_5143_5144_5145_5146_5147_5148_5149_5150_5151_5152_5153_5154_5155_5156_5157_5158_5159_5160_5161_5162_5163_5164_5165_5166_5167_5168_5169_5170_5171_5172_5173_5174_5175_5176_5177_5178_5179_5180_5181_5182_5183_5184_5185_5186_5187_5188_5189_5190_5191_5192_5193_5194_5195_5196_5197_5198_5199_5200_5201_5202_5203_5204_5205_5206_5207_5208_5209_5210_5211_5212_5213_5214_5215_5216_5217_5218_5219_5220_5221_5222_5223_5224_5225_5226_5227_5228_5229_5230_5231_5232_5233_5234_5235_5236_5237_5238_5239_5240_5241_5242_5243_5244_5245_5246_5247_5248_5249_5250_5251_5252_5253_5254_5255_5256_5257_5258_5259_5260_5261_5262_5263_5264_5265_5266_5267_5268_5269_5270_5271_5272_5273_5274_5275_5276_5277_5278_5279_5280_5281_5282_5283_5284_5285_5286_5287_5288_5289_5290_5291_5292_5293_5294_5295_5296_5297_5298_5299_5300_5301_5302_5303_5304_5305_5306_5307_5308_5309_5310_5311_5312_5313_5314_5315_5316_5317_5318_5319_5320_5321_5322_5323_5324_5325_5326_5327_5328_5329_5330_5331_5332_5333_5334_5335_5336_5337_5338_5339_5340_5341_5342_5343_5344_5345_5346_5347_5348_5349_5350_5351_5352_5353_5354_5355_5356_5357_5358_5359_5360_5361_5362_5363_5364_5365_5366_5367_5368_5369_5370_5371_5372_5373_5374_5375_5376_5377_5378_5379_5380_5381_5382_5383_5384_5385_5386_5387_5388_5389_5390_5391_5392_5393_5394_5395_5396_5397_5398_5399_5400_5401_5402_5403_5404_5405_5406_5407_5408_5409_5410_5411_5412_5413_5414_5415_5416_5417_5418_5419_5420_5421_5422_5423_5424_5425_5426_5427_5428_5429_5430_5431_5432_5433_5434_5435_5436_5437_5438_5439_5440_5441_5442_5443_5444_5445_5446_5447_5448_5449_5450_5451_5452_5453_5454_5455_5456_5457_5458_5459_5460_5461_5462_5463_5464_5465_5466_5467_5468_5469_5470_5471_5472_5473_5474_5475_5476_5477_5478_5479_5480_5481_5482_5483_5484_5485_5486_5487_5488_5489_5490_5491_5492_5493_5494_5495_5496_5497_5498_5499_5500_5501_5502_5503_5504_5505_5506_5507_5508_5509_5510_5511_5512_5513_5514_5515_5516_5517_5518_5519_5520_5521_5522_5523_5524_5525_5526_5527_5528_5529_5530_5531_5532_5533_5534_5535_5536_5537_5538_5539_5540_5541_5542_5543_5544_5545_5546_5547_5548_5549_5550_5551_5552_5553_5554_5555_5556_5557_5558_5559_5560_5561_5562_5563_5564_5565_5566_5567_5568_5569_5570_5571_5572_5573_5574_5575_5576_5577_5578_5579_5580_5581_5582_5583_5584_5585_5586_5587_5588_5589_5590_5591_5592_5593_5594_5595_5596_5597_5598_5599_5600_5601_5602_5603_5604_5605_5606_5607_5608_5609_5610_5611_5612_5613_5614_5615_5616_5617_5618_5619_5620_5621_5622_5623_5624_5625_5626_5627_5628_5629_5630_5631_5632_5633_5634_5635_5636_5637_5638_5639_5640_5641_5642_5643_5644_5645_5646_5647_5648_5649_5650_5651_5652_5653_5654_5655_5656_5657_5658_5659_5660_5661_5662_5663_5664_5665_5666_5667_5668_5669_5670_5671_5672_5673_5674_5675_5676_5677_5678_5679_5680_5681_5682_5683_5684_5685_5686_5687_5688_5689_5690_5691_5692_5693_5694_5695_5696_5697_5698_5699_5700_5701_5702_5703_5704_5705_5706_5707_5708_5709_5710_5711_5712_5713_5714_5715_5716_5717_5718_5719_5720_5721_5722_5723_5724_5725_5726_5727_5728_5729_5730_5731_5732_5733_5734_5735_5736_5737_5738_5739_5740_5741_5742_5743_5744_5745_5746_5747_5748_5749_5750_5751_5752_5753_5754_5755_5756_5757_5758_5759_5760_5761_5762_5763_5764_5765_5766_5767_5768_5769_5770_5771_5772_5773_5774_5775_5776_5777_5778_5779_5780_5781_5782_5783_5784_5785_5786_5787_5788_5789_5790_5791_5792_5793_5794_5795_5796_5797_5798_5799_5800_5801_5802_5803_5804_5805_5806_5807_5808_5809_5810_5811_5812_5813_5814_5815_5816_5817_5818_5819_5820_5821_5822_5823_5824_5825_5826_5827_5828_5829_5830_5831_5832_5833_5834_5835_5836_5837_5838_5839_5840_5841_5842_5843_5844_5845_5846_5847_5848_5849_5850_5851_5852_5853_5854_5855_5856_5857_5858_5859_5860_5861_5862_5863_5864_5865_5866_5867_5868_5869_5870_5871_5872_5873_5874_5875_5876_5877_5878_5879_5880_5881_5882_5883_5884_5885_5886_5887_5888_5889_5890_5891_5892_5893_5894_5895_5896_5897_5898_5899_5900_5901_5902_5903_5904_5905_5906_5907_5908_5909_5910_5911_5912_5913_5914_5915_5916_5917_5918_5919_5920_5921_5922_5923_5924_5925_5926_5927_5928_5929_5930_5931_5932_5933_5934_5935_5936_5937_5938_5939_5940_5941_5942_5943_5944_5945_5946_5947_5948_5949_5950_5951_5952_5953_5954_5955_5956_5957_5958_5959_5960_5961_5962_5963_5964_5965_5966_5967_5968_5969_5970_5971_5972_5973_5974_5975_5976_5977_5978_5979_5980_5981_5982_5983_5984_5985_5986_5987_5988_5989_5990_5991_5992_5993_5994_5995_5996_5997_5998_5999_6000_6001_6002_6003_6004_6005_6006_6007_6008_6009_6010_6011_6012_6013_6014_6015_6016_6017_6018_6019_6020_6021_6022_6023_6024_6025_6026_6027_6028_6029_6030_6031_6032_6033_6034_6035_6036_6037_6038_6039_6040_6041_6042_6043_6044_6045_6046_6047_6048_6049_6050_6051_6052_6053_6054_6055_6056_6057_6058_6059_6060_6061_6062_6063_6064_6065_6066_6067_6068_6069_6070_6071_6072_6073_6074_6075_6076_6077_6078_6079_6080_6081_6082_6083_6084_6085_6086_6087_6088_6089_6090_6091_6092_6093_6094_6095_6096_6097_6098_6099_6100_6101_6102_6103_6104_6105_6106_6107_6108_6109_6110_6111_6112_6113_6114_6115_6116_6117_6118_6119_6120_6121_6122_6123_6124_6125_6126_6127_6128_6129_6130_6131_6132_6133_6134_6135_6136_6137_6138_6139_6140_6141_6142_6143_6144_6145_6146_6147_6148_6149_6150_6151_6152_6153_6154_6155_6156_6157_6158_6159_6160_6161_6162_6163_6164_6165_6166_6167_6168_6169_6170_6171_6172_6173_6174_6175_6176_6177_6178_6179_6180_6181_6182_6183_6184_6185_6186_6187_6188_6189_6190_6191_6192_6193_6194_6195_6196_6197_6198_6199_6200_6201_6202_6203_6204_6205_6206_6207_6208_6209_6210_6211_6212_6213_6214_6215_6216_6217_6218_6219_6220_6221_6222_6223_6224_6225_6226_6227_6228_6229_6230_6231_6232_6233_6234_6235_6236_6237_6238_6239_6240_6241_6242_6243_6244_6245_6246_6247_6248_6249_6250_6251_6252_6253_6254_6255_6256_6257_6258_6259_6260_6261_6262_6263_6264_6265_6266_6267_6268_6269_6270_6271_6272_6273_6274_6275_6276_6277_6278_6279_6280_6281_6282_6283_6284_6285_6286_6287_6288_6289_6290_6291_6292_6293_6294_6295_6296_6297_6298_6299_6300_6301_6302_6303_6304_6305_6306_6307_6308_6309_6310_6311_6312_6313_6314_6315_6316_6317_6318_6319_6320_6321_6322_6323_6324_6325_6326_6327_6328_6329_6330_6331_6332_6333_6334_6335_6336_6337_6338_6339_6340_6341_6342_6343_6344_6345_6346_6347_6348_6349_6350_6351_6352_6353_6354_6355_6356_6357_6358_6359_6360_6361_6362_6363_6364_6365_6366_6367_6368_6369_6370_6371_6372_6373_6374_6375_6376_6377_6378_6379_6380_6381_6382_6383_6384_6385_6386_6387_6388_6389_6390_6391_6392_6393_6394_6395_6396_6397_6398_6399_6400_6401_6402_6403_6404_6405_6406_6407_6408_6409_6410_6411_6412_6413_6414_6415_6416_6417_6418_6419_6420_6421_6422_6423_6424_6425_6426_6427_6428_6429_6430_6431_6432_6433_6434_6435_6436_6437_6438_6439_6440_6441_6442_6443_6444_6445_6446_6447_6448_6449_6450_6451_6452_6453_6454_6455_6456_6457_6458_6459_6460_6461_6462_6463_6464_6465_6466_6467_6468_6469_6470_6471_6472_6473_6474_6475_6476_6477_6478_6479_6480_6481_6482_6483_6484_6485_6486_6487_6488_6489_6490_6491_6492_6493_6494_6495_6496_6497_6498_6499_6500_6501_6502_6503_6504_6505_6506_6507_6508_6509_6510_6511_6512_6513_6514_6515_6516_6517_6518_6519_6520_6521_6522_6523_6524_6525_6526_6527_6528_6529_6530_6531_6532_6533_6534_6535_6536_6537_6538_6539_6540_6541_6542_6543_6544_6545_6546_6547_6548_6549_6550_6551_6552_6553_6554_6555_6556_6557_6558_6559_6560_6561_6562_6563_6564_6565_6566_6567_6568_6569_6570_6571_6572_6573_6574_6575_6576_6577_6578_6579_6580_6581_6582_6583_6584_6585_6586_6587_6588_6589_6590_6591_6592_6593_6594_6595_6596_6597_6598_6599_6600_6601_6602_6603_6604_6605_6606_6607_6608_6609_6610_6611_6612_6613_6614_6615_6616_6617_6618_6619_6620_6621_6622_6623_6624_6625_6626_6627_6628_6629_6630_6631_6632_6633_6634_6635_6636_6637_6638_6639_6640_6641_6642_6643_6644_6645_6646_6647_6648_6649_6650_6651_6652_6653_6654_6655_6656_6657_6658_6659_6660_6661_6662_6663_6664_6665_6666_6667_6668_6669_6670_6671_6672_6673_6674_6675_6676_6677_6678_6679_6680_6681_6682_6683_6684_6685_6686_6687_6688_6689_6690_6691_6692_6693_6694_6695_6696_6697_6698_6699_6700_6701_6702_6703_6704_6705_6706_6707_6708_6709_6710_6711_6712_6713_6714_6715_6716_6717_6718_6719_6720_6721_6722_6723_6724_6725_6726_6727_6728_6729_6730_6731_6732_6733_6734_6735_6736_6737_6738_6739_6740_6741_6742_6743_6744_6745_6746_6747_6748_6749_6750_6751_6752_6753_6754_6755_6756_6757_6758_6759_6760_6761_6762_6763_6764_6765_6766_6767_6768_6769_6770_6771_6772_6773_6774_6775_6776_6777_6778_6779_6780_6781_6782_6783_6784_6785_6786_6787_6788_6789_6790_6791_6792_6793_6794_6795_6796_6797_6798_6799_6800_6801_6802_6803_6804_6805_6806_6807_6808_6809_6810_6811_6812_6813_6814_6815_6816_6817_6818_6819_6820_6821_6822_6823_6824_6825_6826_6827_6828_6829_6830_6831_6832_6833_6834_6835_6836_6837_6838_6839_6840_6841_6842_6843_6844_6845_6846_6847_6848_6849_6850_6851_6852_6853_6854_6855_6856_6857_6858_6859_6860_6861_6862_6863_6864_6865_6866_6867_6868_6869_6870_6871_6872_6873_6874_6875_6876_6877_6878_6879_6880_6881_6882_6883_6884_6885_6886_6887_6888_6889_6890_6891_6892_6893_6894_6895_6896_6897_6898_6899_6900_6901_6902_6903_6904_6905_6906_6907_6908_6909_6910_6911_6912_6913_6914_6915_6916_6917_6918_6919_6920_6921_6922_6923_6924_6925_6926_6927_6928_6929_6930_6931_6932_6933_6934_6935_6936_6937_6938_6939_6940_6941_6942_6943_6944_6945_6946_6947_6948_6949_6950_6951_6952_6953_6954_6955_6956_6957_6958_6959_6960_6961_6962_6963_6964_6965_6966_6967_6968_6969_6970_6971_6972_6973_6974_6975_6976_6977_6978_6979_6980_6981_6982_6983_6984_6985_6986_6987_6988_6989_6990_6991_6992_6993_6994_6995_6996_6997_6998_6999_7000_7001_7002_7003_7004_7005_7006_7007_7008_7009_7010_7011_7012_7013_7014_7015_7016_7017_7018_7019_7020_7021_7022_7023_7024_7025_7026_7027_7028_7029_7030_7031_7032_7033_7034_7035_7036_7037_7038_7039_7040_7041_7042_7043_7044_7045_7046_7047_7048_7049_7050_7051_7052_7053_7054_7055_7056_7057_7058_7059_7060_7061_7062_7063_7064_7065_7066_7067_7068_7069_7070_7071_7072_7073_7074_7075_7076_7077_7078_7079_7080_7081_7082_7083_7084_7085_7086_7087_7088_7089_7090_7091_7092_7093_7094_7095_7096_7097_7098_7099_7100_7101_7102_7103_7104_7105_7106_7107_7108_7109_7110_7111_7112_7113_7114_7115_7116_7117_7118_7119_7120_7121_7122_7123_7124_7125_7126_7127_7128_7129_7130_7131_7132_7133_7134_7135_7136_7137_7138_7139_7140_7141_7142_7143_7144_7145_7146_7147_7148_7149_7150_7151_7152_7153_7154_7155_7156_7157_7158_7159_7160_7161_7162_7163_7164_7165_7166_7167_7168_7169_7170_7171_7172_7173_7174_7175_7176_7177_7178_7179_7180_7181_7182_7183_7184_7185_7186_7187_7188_7189_7190_7191_7192_7193_7194_7195_7196_7197_7198_7199_7200_7201_7202_7203_7204_7205_7206_7207_7208_7209_7210_7211_7212_7213_7214_7215_7216_7217_7218_7219_7220_7221_7222_7223_7224_7225_7226_7227_7228_7229_7230_7231_7232_7233_7234_7235_7236_7237_7238_7239_7240_7241_7242_7243_7244_7245_7246_7247_7248_7249_7250_7251_7252_7253_7254_7255_7256_7257_7258_7259_7260_7261_7262_7263_7264_7265_7266_7267_7268_7269_7270_7271_7272_7273_7274_7275_7276_7277_7278_7279_7280_7281_7282_7283_7284_7285_7286_7287_7288_7289_7290_7291_7292_7293_7294_7295_7296_7297_7298_7299_7300_7301_7302_7303_7304_7305_7306_7307_7308_7309_7310_7311_7312_7313_7314_7315_7316_7317_7318_7319_7320_7321_7322_7323_7324_7325_7326_7327_7328_7329_7330_7331_7332_7333_7334_7335_7336_7337_7338_7339_7340_7341_7342_7343_7344_7345_7346_7347_7348_7349_7350_7351_7352_7353_7354_7355_7356_7357_7358_7359_7360_7361_7362_7363_7364_7365_7366_7367_7368_7369_7370_7371_7372_7373_7374_7375_7376_7377_7378_7379_7380_7381_7382_7383_7384_7385_7386_7387_7388_7389_7390_7391_7392_7393_7394_7395_7396_7397_7398_7399_7400_7401_7402_7403_7404_7405_7406_7407_7408_7409_7410_7411_7412_7413_7414_7415_7416_7417_7418_7419_7420_7421_7422_7423_7424_7425_7426_7427_7428_7429_7430_7431_7432_7433_7434_7435_7436_7437_7438_7439_7440_7441_7442_7443_7444_7445_7446_7447_7448_7449_7450_7451_7452_7453_7454_7455_7456_7457_7458_7459_7460_7461_7462_7463_7464_7465_7466_7467_7468_7469_7470_7471_7472_7473_7474_7475_7476_7477_7478_7479_7480_7481_7482_7483_7484_7485_7486_7487_7488_7489_7490_7491_7492_7493_7494_7495_7496_7497_7498_7499_7500_7501_7502_7503_7504_7505_7506_7507_7508_7509_7510_7511_7512_7513_7514_7515_7516_7517_7518_7519_7520_7521_7522_7523_7524_7525_7526_7527_7528_7529_7530_7531_7532_7533_7534_7535_7536_7537_7538_7539_7540_7541_7542_7543_7544_7545_7546_7547_7548_7549_7550_7551_7552_7553_7554_7555_7556_7557_7558_7559_7560_7561_7562_7563_7564_7565_7566_7567_7568_7569_7570_7571_7572_7573_7574_7575_7576_7577_7578_7579_7580_7581_7582_7583_7584_7585_7586_7587_7588_7589_7590_7591_7592_7593_7594_7595_7596_7597_7598_7599_7600_7601_7602_7603_7604_7605_7606_7607_7608_7609_7610_7611_7612_7613_7614_7615_7616_7617_7618_7619_7620_7621_7622_7623_7624_7625_7626_7627_7628_7629_7630_7631_7632_7633_7634_7635_7636_7637_7638_7639_7640_7641_7642_7643_7644_7645_7646_7647_7648_7649_7650_7651_7652_7653_7654_7655_7656_7657_7658_7659_7660_7661_7662_7663_7664_7665_7666_7667_7668_7669_7670_7671_7672_7673_7674_7675_7676_7677_7678_7679_7680_7681_7682_7683_7684_7685_7686_7687_7688_7689_7690_7691_7692_7693_7694_7695_7696_7697_7698_7699_7700_7701_7702_7703_7704_7705_7706_7707_7708_7709_7710_7711_7712_7713_7714_7715_7716_7717_7718_7719_7720_7721_7722_7723_7724_7725_7726_7727_7728_7729_7730_7731_7732_7733_7734_7735_7736_7737_7738_7739_7740_7741_7742_7743_7744_7745_7746_7747_7748_7749_7750_7751_7752_7753_7754_7755_7756_7757_7758_7759_7760_7761_7762_7763_7764_7765_7766_7767_7768_7769_7770_7771_7772_7773_7774_7775_7776_7777_7778_7779_7780_7781_7782_7783_7784_7785_7786_7787_7788_7789_7790_7791_7792_7793_7794_7795_7796_7797_7798_7799_7800_7801_7802_7803_7804_7805_7806_7807_7808_7809_7810_7811_7812_7813_7814_7815_7816_7817_7818_7819_7820_7821_7822_7823_7824_7825_7826_7827_7828_7829_7830_7831_7832_7833_7834_7835_7836_7837_7838_7839_7840_7841_7842_7843_7844_7845_7846_7847_7848_7849_7850_7851_7852_7853_7854_7855_7856_7857_7858_7859_7860_7861_7862_7863_7864_7865_7866_7867_7868_7869_7870_7871_7872_7873_7874_7875_7876_7877_7878_7879_7880_7881_7882_7883_7884_7885_7886_7887_7888_7889_7890_7891_7892_7893_7894_7895_7896_7897_7898_7899_7900_7901_7902_7903_7904_7905_7906_7907_7908_7909_7910_7911_7912_7913_7914_7915_7916_7917_7918_7919_7920_7921_7922_7923_7924_7925_7926_7927_7928_7929_7930_7931_7932_7933_7934_7935_7936_7937_7938_7939_7940_7941_7942_7943_7944_7945_7946_7947_7948_7949_7950_7951_7952_7953_7954_7955_7956_7957_7958_7959_7960_7961_7962_7963_7964_7965_7966_7967_7968_7969_7970_7971_7972_7973_7974_7975_7976_7977_7978_7979_7980_7981_7982_7983_7984_7985_7986_7987_7988_7989_7990_7991_7992_7993_7994_7995_7996_7997_7998_7999_8000_8001_8002_8003_8004_8005_8006_8007_8008_8009_8010_8011_8012_8013_8014_8015_8016_8017_8018_8019_8020_8021_8022_8023_8024_8025_8026_8027_8028_8029_8030_8031_8032_8033_8034_8035_8036_8037_8038_8039_8040_8041_8042_8043_8044_8045_8046_8047_8048_8049_8050_8051_8052_8053_8054_8055_8056_8057_8058_8059_8060_8061_8062_8063_8064_8065_8066_8067_8068_8069_8070_8071_8072_8073_8074_8075_8076_8077_8078_8079_8080_8081_8082_8083_8084_8085_8086_8087_8088_8089_8090_8091_8092_8093_8094_8095_,31:{20;19;197;18;196;4588;17;16;4400;4401;4402;4590;4405;15;380;378;14;12;}53:{43;40;4928;4929;39;38;37;36;213;212;}106:{6688;121;122;123;297;298;124;299;}132:{304;6872;303;302;301;300;6876;6877;6878;6879;484;483;482;481;480;6880;479;6881;6701;476;475;474;}144:{131;309;130;308;129;307;128;6864;6865;306;6866;6867;6868;6869;127;305;6870;6871;126;6873;6874;125;6875;}151:{7040;135;134;133;132;}155:{150;149;148;147;146;145;144;7216;7217;7218;7219;7220;143;7221;7222;142;7223;320;7224;141;140;}167:{152;7392;}198:{11;4773;4774;}221:{4771;4772;}280:{285;286;287;288;6336;6520;105;6519;6521;6518;6522;107;6517;6523;108;6516;6524;289;109;6515;98;110;290;6514;111;6513;291;96;112;464;6512;292;113;465;94;114;466;293;115;467;294;116;468;295;117;469;296;6696;6695;6697;118;470;6694;6698;6693;6699;6692;6700;6691;119;471;6690;6702;6689;120;}356:{354;353;352;4064;4063;4065;4062;4066;4061;4237;4060;4236;4059;4235;4058;4234;180;179;181;4057;4233;178;182;177;183;176;184;4056;4232;185;4055;4231;186;187;4054;4230;188;4053;4229;189;4052;4228;4412;190;4411;4410;191;4051;4227;4409;192;4408;4050;4226;4407;193;4049;4225;4406;4;3;5;2;6;194;1;7;0;8;4048;4224;9;4404;195;10;4403;13;}417:{764;763;5311;761;}435:{5986;82;81;85;87;78;88;5984;89;90;91;74;92;5633;93;}515:{7400;501;327;500;7397;499;325;7396;159;158;324;498;157;156;7394;155;323;497;154;7393;322;674;153;7232;7233;7235;321;151;}599:{766;}612:{5819;5818;5817;260;258;256;}661:{6706;473;472;6704;6703;}745:{752;5136;5135;5134;}793:{6005;6004;6003;6181;5830;6180;6002;5829;6179;5828;6001;6178;5827;441;440;442;6000;439;443;603;438;444;437;445;6177;5826;436;446;602;5999;435;447;5661;434;448;5660;6176;5825;5659;433;449;5658;5824;6175;5656;431;774;5997;5655;6174;598;}836:{6884;6883;6882;478;477;6705;}848:{658;6892;6891;657;6889;656;6888;6887;655;486;485;6885;654;}867:{678;677;676;850;675;7244;}919:{743;742;744;4960;740;746;739;747;4959;4786;738;748;4785;737;749;4958;5139;736;750;4784;5138;4957;735;751;4783;5137;734;4956;4782;733;4781;4955;732;4780;905;4954;731;4779;4616;4615;4617;4953;4614;730;4613;4612;4778;4611;567;903;566;568;4952;565;569;729;4610;564;570;563;4609;4777;728;4608;561;560;4776;4607;559;727;4606;4605;726;4604;}925:{753;754;755;756;5318;757;5317;5316;758;5315;5314;759;5313;760;5312;}967:{776;5664;609;608;5663;607;775;949;5662;606;5831;605;604;773;}969:{972;973;6020;974;6019;975;6018;6017;6199;6198;6197;793;792;794;6016;6196;791;795;790;796;6195;789;797;6015;5846;6194;788;798;5845;5844;6193;787;799;6014;5843;786;800;6192;5842;6013;785;801;5841;6191;784;802;5840;6012;6190;5839;783;803;6011;6189;5838;782;804;6188;6010;5837;781;805;6187;5836;6009;6375;780;806;6373;6372;6186;5835;6371;617;616;618;6008;615;619;779;807;6370;614;620;613;621;6185;6369;5834;612;622;778;808;952;5672;6368;5671;6007;611;623;5670;5669;610;624;5668;6184;5833;6367;5667;625;777;809;5666;6006;6366;626;5832;5665;6183;6365;627;950;6364;6182;628;6363;}981:{810;811;812;6551;813;6549;6548;814;6547;6546;815;6545;816;6544;6543;6362;817;6542;818;6361;6541;629;630;631;819;632;6360;6540;633;634;820;6539;635;6359;636;6538;637;821;6358;638;6537;6357;6536;}1029:{7251;846;845;844;843;7080;7078;7077;842;7076;7075;7074;841;7073;1014;840;7072;7071;839;838;1011;}1072:{1061;1060;886;1059;1058;884;1057;883;1056;4096;4095;4097;882;4094;4098;4093;4099;4092;4100;4091;4101;881;4090;4102;4089;4103;880;4088;4087;710;4085;}1107:{5320;937;5319;}1170:{6724;6723;6722;6721;822;824;}1177:{1006;6725;}1227:{7954;7953;875;874;876;872;7776;879;7952;869;7775;7951;7602;7774;866;7950;7772;7599;}1255:{4446;1069;4445;1068;4444;1067;4443;1066;4276;4442;4275;902;901;1065;4274;900;899;4273;4441;898;1064;4272;897;896;4440;4271;895;1063;894;4439;4269;1062;893;4268;}1295:{1294;1293;1292;1291;5508;1290;1289;1288;5336;5335;5337;5334;5338;5333;5339;1119;1287;1118;1120;5332;5504;1117;1116;5331;5341;1115;1286;5503;5330;1114;5329;1113;1285;5502;1112;5328;1284;5501;1111;5327;1283;1110;5500;5326;1109;1282;5325;5499;1108;5324;1281;5498;1107;5323;1280;5160;5159;5161;5497;5158;1106;5163;5322;5155;942;944;941;945;1105;5154;940;939;938;5152;935;}1297:{5321;936;}1314:{5862;1310;5860;1309;5859;1308;5858;1307;5857;1138;1306;1137;1139;1136;5856;1135;1141;1134;1305;5855;1133;1132;1304;1484;5688;6032;5687;5689;5686;5690;5854;5685;5691;1131;5684;5692;1303;5683;5693;5853;1130;1482;5682;5694;6030;1302;1129;1481;5852;5681;5695;6029;1128;1480;5680;1301;5851;6028;5679;5697;1127;1479;1300;5678;5698;5850;6027;1126;5677;5699;1299;5849;6026;1125;1477;5676;5700;962;1298;961;963;960;964;1124;1476;5848;6025;959;965;1663;5675;5701;958;966;957;967;1661;1123;1297;1475;956;968;1660;6024;5847;5674;955;969;954;970;1122;1474;1296;5512;5511;5513;5673;5703;6023;5510;5514;5509;953;971;5516;6204;5507;5517;1121;5704;5506;6022;1295;5505;951;6021;}1350:{1354;1355;1356;1357;6737;1358;1176;6736;1177;1178;1359;6735;1179;1180;1360;6920;6919;6921;6734;6918;6922;6917;1181;6916;1361;6733;6915;6925;1182;6914;1362;1183;6732;6913;1184;6912;1363;6731;6911;1185;1364;6730;6910;1186;6909;1365;6729;1187;6908;998;997;999;996;1000;1188;6728;6553;995;1001;6907;994;1002;993;1003;1189;1004;6552;6727;6906;991;1005;6726;1007;6550;}1385:{1378;1377;1206;1205;1376;7272;7271;7273;7270;7274;1204;7269;7275;7268;7276;1203;1375;7267;7277;1202;7266;7278;1374;1201;1553;7265;7279;1373;1200;7264;7280;7263;7281;1199;1551;1372;7435;7262;1198;1550;1371;7261;1197;1549;1370;7260;7433;1196;1548;7259;1369;1032;1031;1195;1547;1030;1029;7258;1028;1194;1368;1546;7096;7095;7097;7431;1027;7094;7098;7093;1026;7092;7100;7257;7091;1025;1193;1545;1367;7090;7102;7430;1024;7256;7103;7088;7429;7087;}1431:{4456;1420;1419;1246;1245;1418;4453;1244;4452;1417;1243;4451;1416;4288;4287;4289;4286;4290;1242;4285;4291;4284;4292;4450;4283;4293;1415;1241;4282;4294;1076;1075;4281;4295;4449;1074;1240;1414;4280;4296;1073;1072;4448;4279;4297;1071;1239;1591;4278;4298;1070;4447;4277;1238;1590;1412;1236;}1441:{1438;4812;4811;4810;4809;1264;1266;4808;1263;1262;1261;4807;1260;4806;4805;}1460:{1458;1457;1456;5168;5167;5169;5166;5170;1455;5165;5164;5172;1454;1453;5162;1452;1451;1279;1278;1450;1630;1277;1629;1449;1276;1628;5157;1448;4992;1275;1627;4991;4993;4990;4994;4989;4995;4988;4996;5156;1274;1626;1447;4987;4997;4986;4998;1273;1625;4985;4999;1446;1272;1624;4984;5000;1445;4983;5001;1271;1623;5153;4982;5002;1444;1270;1622;4981;5003;1104;1103;4980;5004;1269;1443;1621;1102;1101;1805;5151;4979;5005;1100;1268;1620;1804;1442;1803;4978;5006;1267;1619;1098;1441;5149;4813;1265;}1485:{1483;5696;1478;}1504:{1503;6225;1502;6222;1501;6221;1500;6220;1499;6219;1498;6218;1497;6217;1328;1496;6048;6216;1327;1329;6047;6049;1326;1330;6046;6050;1325;1331;6045;6051;1324;1332;6044;6052;1495;6215;1323;1333;6043;6053;1322;1334;1494;1674;6042;6054;6214;1321;1673;6041;6055;1493;6213;1320;1672;6040;6056;1492;6212;1319;1671;6039;6057;6391;1318;1670;6038;6058;6390;1491;6211;1317;1669;6037;6059;6389;1490;6210;1316;1668;6036;6388;1489;6209;1315;1667;6035;6387;1152;1488;5872;6208;1151;1153;5871;5873;1150;1154;1314;1666;5870;5874;6034;6386;1149;1155;5869;5875;1148;1156;5868;5876;1147;1157;5867;5877;1313;1487;1665;6033;6207;6385;1146;1158;5866;5878;1145;1159;5865;5879;1144;1312;1664;5864;5880;6384;1486;6206;1143;1161;5863;5881;1311;6031;6383;1142;1162;6566;1485;6205;5861;6565;1662;6382;1140;}1571:{7622;7621;7620;7449;7619;1384;7795;7447;7618;1383;7446;7794;1382;7617;7445;7793;7975;1219;1218;1220;1217;1221;1381;1216;1222;7444;7616;1215;1223;1214;1224;7792;1380;7443;7973;1213;1225;7615;1212;1226;7972;7791;7442;1211;1227;1379;7614;1228;7971;1229;7613;7969;1231;7968;}1631:{1802;5007;1801;1800;5008;1799;5009;1798;5188;5010;1797;1618;5011;1796;5012;1617;5190;1795;5013;1616;4824;4823;4825;4822;4826;1794;4821;4827;4820;4828;5014;4819;4829;1615;1983;1982;5192;1793;1981;4818;4830;1980;1979;4817;4831;5015;1978;1440;1614;1792;4816;4832;5193;1977;1976;5016;4815;4833;1439;1975;1613;4814;4834;5194;1974;5017;4835;1973;4836;1437;1789;4837;}1725:{7109;7107;7106;7105;1544;7104;1543;1542;1541;1540;7101;1539;1538;7099;1537;6929;1536;6928;6927;1535;6926;1534;1366;6924;6923;}1748:{7459;7458;1561;1560;7456;7455;1559;7454;1558;7453;1392;1391;7452;1557;1390;7623;7451;1387;7798;1386;1385;}1753:{7810;7809;1577;1576;1578;7808;1575;1579;1574;1580;1573;1581;7807;7986;1572;1582;7636;1571;1583;7806;7635;1570;7984;7634;7805;1569;7633;7983;1568;7632;7804;7982;7631;1567;7803;7981;7630;1566;7980;7802;7629;1565;7979;7628;7801;1564;7978;7627;1401;1400;1402;7800;1399;1403;1563;1398;1404;1397;1405;7977;7626;1396;1406;1562;7799;1395;1407;7461;1394;7460;7976;7625;1393;7624;7457;7797;7974;7796;}1855:{5885;5884;5883;5882;1838;1837;1835;}1868:{1861;6410;1692;1860;6409;1690;1689;1688;6408;1859;1687;6407;1686;1858;1685;2037;6406;1857;1684;6405;1856;6240;1683;2035;6239;6241;6238;6242;6237;6243;6236;6244;6404;6580;1682;2034;1855;6235;6245;6234;6246;1681;2033;6403;6579;6233;6247;1854;1680;2032;6232;6248;6402;6578;1853;6231;6249;1679;2031;6401;6577;6230;6250;1516;1852;1515;1517;1514;1518;1678;2030;1513;1519;6229;6251;1512;1520;6400;6576;1511;1521;6228;6252;1677;1851;2029;1510;1522;1509;6399;6575;6227;6253;1508;1524;1676;2028;2212;1850;1507;2211;6226;6398;6574;1675;1849;6255;1504;6065;6061;6060;2207;}1885:{1700;6756;1698;6587;6754;6584;}1945:{1943;1942;1941;1940;1939;1938;1937;1936;4136;4135;4137;4134;4138;2116;4133;4139;4132;4140;2115;4131;4141;2114;4130;4142;2113;4143;2112;4144;4145;4146;4147;4148;4149;2295;2293;4150;2292;2291;2290;4151;2289;2288;4152;4153;4154;}1965:{1961;4666;4668;4846;4669;4847;4670;2141;2140;2142;2139;2143;2138;2144;4848;4671;2137;2145;2136;2146;4672;4849;2135;2147;4850;4851;2150;}2012:{5720;5719;2007;5723;2006;2005;2004;2003;1830;2002;2001;1828;2180;2000;5544;1827;2179;5543;5545;5542;5546;5541;5547;5540;5548;1826;2178;1999;5539;5549;5538;5550;1825;2177;5537;5551;1998;1824;2176;5536;5552;1997;5535;5553;1823;2175;5534;5554;1996;1822;2174;5533;5555;5532;5556;1821;1995;2173;1654;1653;5557;1652;1820;2172;1994;1651;5530;1819;2171;1993;2170;5528;5367;5371;}2032:{2024;6072;6071;6073;6070;6069;6068;2023;6067;2022;6066;2021;1848;6064;2020;1847;6063;1846;6062;2019;1845;2018;1844;2196;2017;1843;2195;2016;5896;5895;5897;1842;2194;5894;5898;5893;5899;5892;5900;5891;5901;1841;2015;2193;5890;5902;5889;5903;1840;2192;5888;5904;2014;5887;5905;1839;2191;5886;5906;5907;2012;}2112:{4155;4157;}2136:{4673;2134;4674;2133;4675;2132;4676;2131;4667;4677;2130;4678;2129;4665;4679;2128;2312;4496;4664;4680;1959;2311;2313;4495;4497;1958;2310;2314;4494;4498;1957;2309;2315;4493;4499;1956;2308;2316;4492;4500;4852;2127;4681;1955;2307;2317;4491;4501;4853;1954;2126;2306;2318;4490;4502;4682;4854;1953;2305;2319;4489;4503;4855;2125;4683;1952;2304;2320;4488;4504;4856;2124;4660;4684;1951;2303;2321;4487;4505;4857;1950;2302;2322;4486;4506;4858;2123;4685;1949;2301;2323;4485;4507;4859;2122;4686;1948;2300;2324;4484;4508;4860;2121;4687;1947;2299;4483;4509;4861;2120;2152;2488;4320;4688;5024;2487;2489;4319;4321;5025;1946;2298;2486;2490;4318;4322;4482;4510;4862;5026;2485;2491;4317;4323;5027;2484;2492;4316;4324;2483;2493;4315;4325;1945;2119;2153;2297;2327;4481;4511;4689;4863;2482;2494;4314;4326;1777;2481;2495;4313;4327;1776;1944;2296;2480;2496;4312;4328;4480;4512;4864;2118;4690;2479;2497;4311;4329;4479;4513;1774;2478;2498;4330;2117;1773;4331;2294;4866;4692;}2208:{2372;2371;2370;5908;5909;2369;5910;5911;2368;5912;5913;5914;2189;2366;}2225:{6254;}2239:{2237;2236;2235;2234;6955;2233;6954;2232;6784;6783;6785;6953;6782;6786;6781;6787;2063;2231;2062;2064;6780;6788;6952;2061;2065;2060;2066;6779;6789;2059;2411;2230;6951;6778;6790;2058;2068;2410;6777;6791;2057;2229;2409;6950;2056;2408;6776;6792;2228;6949;2055;2407;6775;6793;2227;2054;2406;6948;6774;6794;2053;2405;2226;6773;6795;6947;7126;2052;2404;6772;6796;2225;6946;7125;2051;2403;6771;6797;2224;6608;7124;6607;6609;6945;6606;6610;2050;2402;6605;6611;6604;6612;6770;6798;6603;6613;7123;1887;2223;1886;1888;6944;1885;1889;2049;2401;2589;6602;6614;1884;1890;1883;1891;2587;6601;6615;6769;6799;7122;1882;1892;2586;2048;2222;2400;6600;6616;6943;1881;1893;2585;1880;1894;2584;6768;6800;6599;6617;7121;1879;1895;2047;2399;2583;2221;6618;6942;2582;7120;6767;6597;6619;2046;6941;6979;6620;1898;2045;2397;}2285:{8003;7827;8002;7826;8001;7825;1933;1932;1934;1931;1935;1930;8000;1929;1928;7824;1927;7999;1926;7823;7997;}2346:{5198;2156;2154;}2374:{2188;2186;5731;5730;2185;5729;2358;2184;5728;5727;2183;2357;5726;5725;2182;2356;2013;5724;2181;2355;2010;}2406:{6621;2398;2580;6622;2579;2578;6623;2577;2396;2576;6624;2575;6625;2395;2574;6626;2394;2573;6627;2220;2572;2393;2219;2571;2392;6440;6439;6441;6438;6442;6437;6443;2218;2570;6436;6444;6435;6445;2391;6434;6446;2217;2569;6433;6447;2390;2216;6432;6448;6431;2215;6430;6429;2214;6428;2044;}2431:{7316;7315;2425;7314;2424;7144;7143;7145;7313;7142;7146;7141;2255;2423;2254;2256;7140;7312;2253;2257;2252;2258;7139;2251;2259;2422;7311;7138;2250;2260;7493;7492;7137;2249;2261;2421;7310;7491;2248;2262;7136;7490;2420;7309;2247;2263;7135;7489;2419;2246;2264;7308;7488;7134;7487;2245;2265;2418;7133;7307;7486;2244;2266;2596;7132;2417;7306;7485;2243;2267;7131;2416;6968;7484;6967;6969;7305;6966;6970;2242;2268;2594;6965;6971;6964;6972;7130;6963;6973;7483;2079;2415;2078;2080;7304;2077;2081;2241;2269;2593;6962;6974;2076;2082;2075;2083;6961;6975;7129;7482;2074;2084;2240;2270;2414;2592;6960;6976;7303;2073;2085;7670;7669;2072;2086;7128;7668;6959;6977;7481;7667;2071;2087;2239;2271;2591;2413;6958;6978;7302;2070;2088;7127;6957;2238;2590;7664;2069;2412;7301;6956;6980;2067;2588;}2538:{5566;5565;5564;5563;2354;5562;2526;2353;5561;2352;5560;2525;5559;2351;2524;5558;2350;2523;2349;2522;2348;2700;2347;2521;2699;2346;2698;2520;5392;5391;5390;5395;5388;5387;5397;2345;5386;2344;5382;}2720:{5935;2896;5936;2895;2897;5753;2894;2898;5754;2893;2899;5755;2892;5756;2711;5937;2891;2901;5757;2710;2890;5758;5938;2889;2903;5759;2709;5939;2888;2904;5760;2708;5940;2887;2905;5761;6113;2886;2906;5762;6114;2707;5941;2533;2885;2907;5763;6115;2706;5942;2532;2884;2908;5764;6116;2705;5943;2531;2883;2909;5765;6117;2704;3072;5576;5944;3071;3073;5575;5577;2530;2882;2910;3070;3074;5574;5578;5766;6118;3069;3075;5573;5579;3068;3076;5572;5580;3067;3077;5571;5581;2529;2703;2881;2911;5767;5945;6119;3066;3078;5570;5582;3065;3079;5569;5583;2528;2880;2912;3064;3080;5568;5584;5768;6120;6288;2702;5946;3063;5567;5585;2527;2879;2913;6121;5586;2701;5587;2878;}2789:{2609;2607;2971;2606;7326;2605;7501;2777;2604;7325;2603;2776;7160;7324;7159;7158;7162;7157;7499;2602;7156;7164;7155;7323;2775;7154;7498;2601;7153;7322;2774;2600;7152;7497;7677;7151;7169;7321;2437;2773;2436;2438;2435;2439;2599;2434;2440;7496;7676;7150;2433;2441;2432;2442;7320;2598;2772;2950;7149;7171;7675;2431;2443;7495;2430;2444;7148;7319;7674;2429;2445;2597;2629;2949;2771;7494;2428;7147;7173;7673;7318;2427;2447;2770;2426;2448;7317;2595;2947;7175;}2794:{2610;7327;}2806:{8043;8044;8045;2990;8046;2991;8047;8048;8049;8050;8051;7849;8052;2454;2453;2455;2452;2456;7848;2451;2457;8053;2450;2458;2449;2459;7672;7847;8054;3165;2446;7671;8055;7846;2463;8056;7845;}2841:{2653;4516;2652;4515;2825;2651;4514;2650;2824;4352;4351;4353;4350;4354;4349;4355;4348;4356;4347;4357;2823;4345;2648;2822;}2844:{4699;4875;4698;4874;2668;2667;2669;4697;4873;2666;2670;2665;2671;2664;2672;4696;4872;2663;2673;4695;4871;2662;2661;2675;4694;4870;2660;4693;4869;2659;4868;2658;4522;2657;4691;4867;4521;2656;4520;4519;2655;4865;4518;2654;4517;}2878:{5227;5225;2862;2688;5224;5393;5223;2687;2861;3039;5222;5242;2519;5221;2518;2860;5244;3037;2859;5245;5218;2858;}2926:{6289;6290;6291;}2934:{6471;2918;3094;}2971:{2970;2972;2969;2973;2968;2974;7520;7519;7521;7518;7522;2967;2975;7517;7523;2966;2976;7516;7524;7696;7695;7697;7694;7698;7515;7525;7693;7699;2965;2977;7692;7700;7514;7526;2964;2978;7691;7701;7513;7527;7690;7702;2795;2963;2979;3147;2794;2796;3146;3148;2793;2797;3145;3149;2792;2798;3144;3150;7512;7528;7689;7703;2791;2799;3143;3151;2962;2980;2790;2800;3142;3152;7688;7704;7511;7529;2789;2801;2961;2981;3141;3153;7687;7705;7510;7530;2788;2802;3140;3154;2960;2982;7344;7343;7345;7342;7346;7686;7706;2787;2803;3139;3155;7341;7347;7509;7531;7340;7348;2959;2983;2786;2804;3138;3156;7339;7349;7685;7707;7508;7532;7338;7350;2785;2805;3137;3157;2958;2984;7684;7708;7872;7337;7351;7871;7873;7870;7874;7507;7533;7869;7875;2784;2806;3136;3158;7336;7352;7868;7876;7683;7709;7867;7877;2957;2985;7335;7353;7506;7534;7866;7878;2783;2807;3135;3159;7865;7879;7334;7354;7682;7710;2956;2986;2782;2808;3134;3160;7864;7880;7505;7535;7333;7355;7681;7711;7863;7881;2619;2955;2987;3323;2618;2620;3322;3324;2617;2621;2781;2809;3133;3161;3321;3325;2616;2622;3320;3326;7332;7356;7504;7536;7862;7882;2615;2623;3319;3327;2614;2624;3318;3328;7680;7712;2780;2810;2954;2988;3132;3162;7331;7357;7861;7883;2613;2625;3317;3329;7503;7537;2612;2626;3316;3330;7860;7884;7679;7713;7330;7358;2611;2627;2779;2811;3131;3163;3315;3331;2953;2989;7502;7538;2628;3332;7859;7885;7329;7359;7678;7714;2778;2812;3130;3164;3313;3333;2952;7168;7167;7166;7170;7858;7165;7539;2608;3312;3334;7172;7328;7360;7163;2813;7174;2951;3335;7500;7161;7361;3336;}2986:{7715;}3002:{4363;2998;2997;4365;2996;4366;2995;2994;3174;2993;3173;2992;3172;4184;4183;4185;4182;4186;4181;4187;3171;4180;4188;4179;4189;3170;4178;4190;3169;4191;2816;3168;4192;4193;4194;4195;}3004:{4196;4197;3348;3347;4198;3346;3345;}3063:{5427;5428;5430;}3086:{3084;}3177:{4199;3344;4200;4201;4202;4203;4204;4205;3527;3526;3525;4206;3524;3523;3522;4207;3521;4386;4208;4388;}3194:{3367;3366;3365;3364;3363;4549;3362;4550;3361;4551;3360;4552;4553;3359;4554;4734;3358;4555;4735;3357;4556;3178;3545;3356;3544;3543;4557;3542;3541;3177;3355;3540;4737;4558;3539;3354;3538;3176;4368;4367;4369;4559;4370;4738;4371;3537;4372;4373;3353;3175;4739;4375;3352;3534;4377;}3296:{3288;6833;6835;3468;6836;3287;3467;6837;3286;3466;6838;3465;6839;3285;3464;6840;3284;3463;6841;3462;6842;3283;3109;3461;6843;3282;3108;3460;6844;3281;3107;3459;6845;3280;6656;6655;6657;3106;3458;3646;6654;6658;6846;3645;6653;6659;3644;6652;6660;3643;6651;6661;3105;3279;3457;6847;7025;3642;6650;6662;3641;6649;6663;3456;6648;6664;3278;6647;6665;2934;3638;6646;3637;}3312:{3311;3310;3314;3309;3308;3307;3306;3305;3304;7184;7183;7185;7182;7186;3491;7181;7187;3492;7180;7188;3303;7179;7189;3302;7178;7190;3129;7177;7191;3301;3128;3480;7176;7192;3300;3127;3479;7193;3478;7194;3299;3477;7195;3298;3476;7196;3297;3475;7010;}3334:{3506;3504;7898;3503;7721;7899;3502;7722;3501;7900;7723;3500;8072;7901;7724;8073;3499;7902;8074;7725;3498;7540;7541;8075;7903;7542;7726;3497;8076;7543;3686;3685;3687;3496;3684;3688;7544;7904;7727;3683;3689;8077;3682;3690;7545;3681;3691;3495;3680;3692;7728;7905;7546;8078;3679;3693;7547;3494;3678;3694;7729;8079;7906;3677;3695;7730;7549;8081;}3386:{3384;5080;5079;5081;5078;5082;3383;5083;3382;5084;3381;5085;3380;5086;3379;5087;5261;3378;3562;3561;3563;3560;3564;5088;5262;3559;3565;3558;3566;3377;5089;5263;3557;3567;3204;3376;3556;3568;4904;5264;4903;4905;4902;4906;5090;4901;4907;3203;3555;3569;4900;4908;5265;3375;4899;4909;5091;3202;3554;3570;4898;4910;5266;3374;3201;3553;3571;5092;4897;4911;5267;3200;3552;3572;4896;4912;3373;5093;5268;4895;4913;3199;3551;3573;3372;4894;4914;5094;5269;3198;3550;3574;4893;4915;3371;5095;5270;5438;3197;3549;3575;4892;4916;3370;3738;3737;3739;3196;3548;3576;3736;3740;5096;5440;5271;3735;3741;4891;4917;3734;3742;5441;3029;3733;3743;3195;3369;3547;3577;3732;3744;5272;5097;4890;4918;5442;3027;3731;3745;3026;3194;3546;3730;3746;3368;4728;4727;4729;4889;4919;5273;4730;5098;4725;4731;3025;3729;4724;4732;4723;4733;3024;3728;3748;4888;4920;4722;3023;3749;4736;}3455:{6475;6474;6473;3098;3097;}3488:{7373;7374;7375;3664;7376;3663;3665;3662;3666;3661;3667;3660;7377;3659;7197;3658;7198;7378;3657;7199;7379;3656;7200;7380;3655;7201;7553;3654;7202;7381;3653;7203;7555;3474;7382;3652;7204;7556;3473;7383;3651;7205;7557;3472;3840;7016;7384;3839;3841;7015;7017;3650;3838;3842;7014;7018;7206;7558;3837;3843;7013;7019;3836;3844;7012;7020;3835;3845;7011;7021;3471;3649;7207;7385;7559;3834;3846;7022;3833;3847;7009;7023;3296;3648;3832;3848;7008;7024;7208;7560;3470;7386;3831;3849;3295;3647;7561;3126;3830;3850;7026;3469;7387;3829;7562;3852;}3507:{7736;3855;3854;3853;7737;7738;}3515:{8080;8082;7907;8083;8084;8085;7910;8086;7911;8087;3867;3866;3868;3865;3869;3864;3870;7732;7912;3863;3871;3862;8088;3861;7913;3860;8089;7734;3859;7914;3858;7735;8090;3857;7915;3856;}3518:{8092;}3545:{4740;4741;4742;4743;3721;3720;3722;4744;3719;3723;3718;3724;3717;3725;3536;4560;4561;4745;4562;3716;3726;4563;4564;3535;3715;3727;4746;4565;3714;4566;4747;3713;4567;4921;3533;3712;4568;4748;4922;4569;3711;3532;4749;4923;4570;3710;4924;4750;4571;3709;4925;4572;4751;3708;4926;4573;3897;3896;3898;3707;3895;3899;3894;3900;3893;3901;4927;4574;3892;3902;3706;3891;3903;3890;3904;4575;5099;}3598:{3763;3762;5620;5621;3583;5622;3761;5623;3760;5624;5625;3581;3759;5626;5627;3406;3758;3580;3941;5628;3757;3940;3579;3404;5630;3937;}3618:{3605;6153;3783;3604;6134;6154;6334;3430;3782;6133;6155;3603;3429;3781;6132;6156;3602;3428;3780;3968;3967;6131;6157;3966;3965;3427;3601;3779;3964;6130;6158;3259;3963;3258;3426;3778;3962;3600;5968;5967;5969;6129;6159;5966;5970;5971;3257;5964;5972;5963;5973;3425;3777;5962;5974;3255;3776;5960;5976;3958;}3637:{3629;3628;3455;3627;3454;3806;3626;3453;3805;3625;3452;3804;3451;3803;3624;6496;6495;6497;6494;6498;6493;6499;3450;3802;6492;6500;6491;6501;6685;3623;6490;6502;3449;3801;6489;6503;6686;3622;3448;3800;6488;6504;6487;6505;6687;3621;3988;3447;3799;3987;3986;6486;6506;3985;3984;3446;3620;3798;6485;6507;3983;3982;6484;6508;3277;3445;3797;3981;3619;3276;6483;6509;3444;3796;3618;3795;}3657:{7388;7389;7390;4012;4013;7391;4014;4015;4016;4017;4018;7563;}3665:{7564;7565;7566;4019;4020;4021;7567;4022;4023;4024;4025;4027;7740;4028;}3678:{7741;7742;7743;4030;4029;4031;4032;4033;4026;4034;4035;4037;}3689:{7916;7918;8093;7919;8094;4041;4040;4042;4039;4043;4038;4044;4045;4036;4046;}3759:{3578;}3769:{3590;3589;3588;5790;5789;}3867:{8095;4047;}3926:{3910;3909;3908;3907;}3941:{5444;}3947:{3939;3938;3936;5631;5629;3935;3934;3933;3932;3931;3756;3930;3755;3929;3928;5455;5454;5453;3752;}3965:{3955;3954;3953;3952;5983;5982;5981;5980;5979;3951;5978;5977;3950;5975;3949;3775;3774;3948;3773;3947;3946;}3975:{3961;3960;3959;3957;3956;}4222:{4213;4211;4209;3520;}4259:{4068;}4296:{4109;4108;4107;4106;4105;1234;1233;1232;4104;}4430:{543;541;540;539;4254;4422;4252;538;4251;4250;4421;537;4249;536;4248;4420;4247;535;4419;709;4246;534;4418;4245;4597;708;533;4244;4596;4417;707;532;4243;4595;368;4416;367;369;366;370;706;365;371;531;4242;4594;364;372;363;373;4415;705;362;374;530;4241;4593;361;375;4078;4414;4077;4079;360;376;704;4076;4080;4240;4592;529;4075;4081;4074;4082;359;377;4073;4083;4239;4413;4591;528;4072;4084;358;4071;357;4070;4086;4238;4069;356;4589;355;4067;}4471:{1589;1588;1413;1587;1586;1765;1411;1764;1585;1410;1763;4119;1584;4118;4120;4117;4121;4116;4122;4115;4123;1409;1762;4114;4124;4113;4125;1408;4112;4126;1761;4111;4127;1760;4110;4128;1237;4129;1235;}4519:{2649;2477;4343;2476;4342;4344;4341;4340;4346;2475;4339;2647;2474;4338;2473;4337;2646;2472;4336;2645;4335;2471;2644;4334;2470;4333;2469;2643;4332;2468;2642;2821;2467;2820;2641;2466;2819;4167;2640;4166;4168;4165;4169;4164;4170;4163;4171;2465;2818;4162;4172;4161;4173;2464;4160;4174;2817;4159;4175;4158;4176;4177;4156;}4574:{3888;3887;3889;3886;3885;3884;3883;3882;3881;4398;4397;4399;3880;4396;4395;4394;3705;3879;4393;3704;4392;3878;4391;3703;3877;4390;3702;4389;3876;3701;3875;3700;4387;3874;3699;3873;3698;4222;4221;4223;3872;4220;3697;4219;4218;4217;3696;4216;3905;4215;4214;3906;4212;4210;}4616:{4438;725;4437;724;4436;723;4435;722;4434;721;4433;720;4432;892;719;4431;718;4430;891;4603;717;4429;890;4602;716;4428;889;4601;715;4427;552;888;4264;4600;551;553;4263;4265;550;554;714;4262;4266;4426;549;555;4261;4267;548;556;4260;547;557;4259;713;887;4425;4599;546;558;4258;4270;545;4257;544;712;4256;4424;4598;4255;711;4423;4775;542;885;4253;}4654:{1780;1779;1778;4478;4477;4476;1775;}4658:{4475;4474;1772;4472;1771;1598;1770;1597;1769;1596;4306;4305;4307;1768;4304;4308;4303;4309;1595;4302;4310;4301;4300;1767;1594;4299;1593;1766;1592;}4711:{3013;4707;3012;4706;3011;4705;3010;2840;4704;2839;2841;3009;2838;2837;4535;4703;2836;3008;4534;4536;4533;4537;4532;4538;2835;4531;4539;4702;3007;2834;4530;4540;3189;3188;2833;4529;4541;4701;3006;3187;2832;4528;4542;3186;4700;3005;4527;4543;2831;3185;3004;3184;4526;4544;2830;3183;4525;4545;2829;3003;3182;4524;4546;2828;3002;3181;4523;4547;2827;3180;3001;4548;2826;3179;4359;3000;4358;4360;4361;4362;4364;2999;}4728:{3531;4376;3530;4374;4378;4379;4380;4381;3351;3529;4382;4383;3528;4384;3350;4385;3349;}4777:{562;}4815:{1432;4640;4641;4642;4643;1431;4644;4645;1430;4646;1429;1428;1608;1253;1427;1606;1252;1426;1605;1251;1604;1425;1250;1603;4463;1424;4462;4464;4461;4465;4460;4466;4459;4467;1249;1602;4458;4468;1423;4457;4469;1248;4470;1601;4455;4471;1422;1600;4454;1247;1077;4473;1421;1599;}4832:{4663;1960;}4880:{2499;2500;2502;}4929:{29;28;4762;206;4763;27;205;4764;204;26;4765;203;25;4766;388;202;387;4577;24;4576;4578;4579;4767;386;4580;4581;201;385;4582;384;4768;23;4583;200;4584;383;4585;4769;22;382;4586;199;381;4770;4587;21;198;379;}4980:{4977;1096;4976;1095;1097;1094;1093;1099;4975;1092;4974;1091;4973;1090;4804;4972;1089;4803;4802;4801;1088;4800;4971;4799;1087;4798;4970;5150;4797;1086;4969;4796;5148;1085;920;4968;919;921;4795;5147;918;922;917;923;916;924;1084;4794;5146;915;925;4967;914;926;1083;1259;4793;5145;913;927;4966;912;928;4792;5144;1082;1258;911;929;4965;4791;5143;1081;1257;910;930;4628;4964;4627;4629;4626;4630;4790;5142;909;931;4625;4631;1080;1256;4624;4632;4623;4633;908;932;1436;4789;4963;5141;4622;4634;1079;1255;4621;4635;907;933;4620;4636;4788;5140;4962;4619;4637;906;934;1078;1254;1434;4787;4618;4638;4961;1433;4639;904;745;741;}5006:{1791;1790;1972;1971;4838;1970;5018;4839;1788;1969;1968;4840;5019;1787;1612;1967;4841;5020;1786;1966;1611;4842;1965;5021;1785;1610;4843;5195;1964;4654;5022;4653;4655;1784;4652;4656;4844;5196;1609;4651;4657;1963;4650;4658;4649;4659;4845;5023;4648;1783;1962;4647;4661;4662;1607;2151;1782;2149;2155;2148;1435;1781;}5068:{4887;4886;4885;3022;4884;3021;2855;4883;2854;2853;2852;3020;4882;2851;2850;3019;4881;2849;5054;2848;4880;3018;2847;5053;4879;3017;3193;2846;4716;4715;4717;4714;4718;4878;2845;4713;4719;3016;3192;4712;4720;4711;4721;2844;4877;5051;4710;3015;3191;4709;2843;4708;4876;2842;3014;3190;4726;}5105:{35;34;211;33;210;4753;32;4752;4754;4755;4756;4757;209;4758;31;4759;208;4760;4761;30;207;}5237:{5052;5050;5049;2679;5047;2678;5046;2677;2676;2674;}5293:{5125;397;5126;396;578;5127;220;577;395;576;5128;219;575;394;5105;5129;218;574;48;5104;5130;393;573;47;217;4941;4940;4942;4939;4943;5131;392;572;4938;4944;46;4937;4945;216;4936;4946;5132;45;571;4935;4947;391;4934;4948;44;215;4933;4949;5133;390;4932;4950;214;4931;4951;42;762;389;4930;41;}5390:{5389;2517;2516;5385;2515;5384;2343;2342;2514;2341;5383;2340;2513;2339;5214;5213;5215;2512;5212;5216;2338;5211;5217;5210;5381;2337;2511;5209;5219;2336;5208;5220;5380;2510;5207;2335;5379;2509;5206;2334;5378;5205;2508;2333;5204;5377;2507;2332;5203;2168;5376;2167;2169;2166;2506;2686;2165;2331;5202;2164;2163;5375;2505;2162;2330;5201;2684;2161;5038;5374;5037;5039;2160;2504;5036;5040;5200;2329;5035;5041;2683;5034;5042;2159;5033;5043;5199;2328;5032;5044;2503;2158;2682;5031;5045;2157;5030;2681;5029;5197;2680;5028;5048;2326;2501;2325;}5414:{5058;2856;5055;2685;}5419:{5250;5252;3213;3036;5253;3212;3035;3396;5254;3211;3395;3034;3394;5255;3393;3210;5434;3392;5256;3033;3209;3391;5067;5435;5066;5068;5065;5069;5257;3032;5064;5070;3390;5063;5071;3208;5062;5072;5258;5436;3389;5061;5073;3031;5060;5074;3388;3207;5059;5075;5259;5437;3030;5076;3387;2857;3206;5260;5057;5077;3386;5056;3205;3385;5439;3028;}5449:{5100;5101;5102;3911;}5455:{3927;3926;5452;3925;5451;3924;5450;3923;5449;3922;5448;3751;3753;3921;3750;3754;5279;5447;3920;5278;5277;5276;3747;5275;5446;3919;5274;5445;3918;3917;5443;3916;3915;3914;3913;5103;3912;}5467:{5465;240;5464;239;241;238;5463;237;236;5462;235;5461;412;234;5460;411;233;410;5291;5459;5290;5292;5289;5293;232;5288;5294;409;5287;5295;5458;408;5286;5296;231;5285;5297;5457;407;230;5284;64;5456;63;65;62;66;406;5283;61;67;229;60;68;5282;59;69;405;228;58;70;5281;404;57;71;227;56;5280;5632;403;55;73;226;54;402;225;53;401;5115;5114;5116;5113;5117;52;224;5112;5118;5111;5119;400;5110;5120;51;5109;5121;223;5108;5122;399;50;5107;5123;222;5106;5124;49;398;221;}5480:{589;587;586;585;584;5304;5303;5305;5302;5306;5301;5307;5300;5308;583;5299;5309;582;5298;5310;581;580;579;}5533:{5531;5529;1648;1647;1649;1646;1650;1645;5527;1644;1818;5526;1643;1817;1642;5357;5525;5356;5358;5355;5359;1816;5354;5360;1641;5353;5361;5524;1640;5352;5362;1815;5351;5363;5523;1639;1814;5350;5364;5522;1638;5349;5365;1813;5521;5348;5366;1637;1812;5347;1472;1636;5520;1471;1473;1470;1469;1811;1468;1992;5346;5368;1467;1635;5519;1991;1466;1810;5345;5369;1465;1634;1990;5518;1464;5344;5370;1809;1989;1463;1633;5181;5180;5182;5179;5183;5343;1808;1988;5178;5184;1462;5177;5185;1632;5176;5186;5342;5372;1461;1987;5175;5187;1807;5174;1460;1631;1986;5173;5189;5373;5515;1806;1459;1985;5340;5171;5191;1984;}5586:{5588;5589;2877;5590;2876;5591;2875;3056;5592;3055;3057;2874;3054;3058;3053;3059;5593;3052;3060;2873;3051;3061;5410;5594;5409;5411;2872;5408;5412;3050;3062;5407;5413;5406;5414;5595;2871;3049;5405;5415;3048;5404;5416;5596;2870;5403;5417;5769;3047;5597;2869;5402;5418;3046;5598;5401;5419;5771;2868;2697;3045;2696;5400;5420;5599;2867;3044;2695;5399;5421;3232;5600;3231;2694;2866;3230;3043;3229;5398;5422;3228;2693;3227;2865;3042;3226;5423;2692;3225;5234;5602;5233;5235;2864;3224;5232;5236;5396;5424;3041;5231;5237;2691;5230;5238;3223;5229;5239;5425;3040;5228;5240;2863;2690;3222;5241;3221;5226;5394;2689;3220;3038;}5593:{5426;5429;3219;3218;3403;5243;5431;3402;3217;3401;5246;3400;5432;5247;3216;5248;3399;5249;5433;3398;3215;3397;5251;3214;}5673:{5496;5495;5493;943;}5766:{5947;5948;6122;6123;6124;3081;6125;3082;3083;}5807:{3943;3942;}5827:{5643;5642;420;5641;249;419;248;5640;247;418;5639;246;5638;245;5475;5473;5637;244;5472;5471;5470;5636;5810;243;5469;415;5468;242;5467;5635;5809;414;5466;5634;80;5808;79;77;83;413;76;84;75;5985;86;72;588;}5838:{601;5657;600;599;5654;5653;772;597;5652;771;596;5651;770;429;595;5650;428;427;769;426;594;5649;948;425;5486;5485;5487;424;768;5484;5488;5648;593;5483;5489;947;5482;5490;423;5481;5491;5647;592;5480;5492;767;422;946;5479;421;5478;5494;5646;591;5477;5645;5476;590;765;5474;417;416;}5962:{5961;3423;3422;5959;3421;5958;3420;5957;3419;5956;3418;5955;3417;5786;5954;5785;5787;3416;5784;5788;5783;5782;5953;3415;5781;3248;5780;5952;3247;3249;3246;3250;3414;3245;3251;5779;3244;3252;5951;3243;3253;3413;5778;3242;3254;5950;5777;3412;3241;3240;3256;5776;6128;5949;3411;3239;5775;6127;3238;3410;3587;5774;6126;3237;3409;3586;5773;3236;5610;5609;5611;3408;5608;5612;5772;3585;5607;5613;3235;5606;5614;5605;5615;3584;5604;5616;3407;3234;3766;5603;5617;3765;5618;5770;3233;5601;5619;3764;3582;3405;}6005:{257;5816;255;5989;5815;254;5814;5988;253;252;5813;5987;5644;251;5812;6164;250;5811;6163;}6062:{1836;1834;1659;1833;1658;5710;5709;5711;1832;5708;5712;1657;5707;5713;2011;5706;5714;5705;5715;1656;5716;1831;5717;5702;5718;1655;2009;2008;1829;5721;5722;}6094:{2550;2549;2548;2547;6100;2546;6101;2545;5918;6102;5917;5919;2544;5916;5920;5915;5921;5922;6103;2543;5923;2728;5924;6104;2727;2542;2726;2725;5925;2724;2367;6105;2541;2723;5926;2722;6106;5927;2540;2721;2365;2720;5928;6107;2539;2364;2719;5929;6108;2538;2718;2363;5930;2717;6109;2537;2362;5931;2716;5742;6110;5741;5743;2536;5740;5744;5932;2361;5739;5745;2715;5738;5746;5737;5747;5933;6111;2360;5736;5748;2535;2190;2714;5735;5749;5734;5750;5934;6286;6112;2359;2713;2534;2902;5733;5751;2900;6287;2712;5732;5752;2187;}6152:{3772;3599;3598;3771;3597;5965;3770;3596;3769;3595;3768;5800;5799;5801;3594;5798;5802;5797;5803;5796;5804;5795;5805;3593;3767;3945;5794;5806;5793;5807;3424;3592;3944;5792;5791;3591;}6168:{6162;6161;6160;95;97;99;100;6340;101;6339;102;6338;103;6337;104;106;}6182:{272;271;270;269;6346;268;276;267;277;6167;278;5993;6345;265;279;6166;6533;264;280;5992;6344;6532;463;6530;263;281;6529;5991;6165;6343;432;262;282;5823;6527;261;283;5822;5990;6342;5821;6525;284;6341;5820;430;259;}6187:{6356;450;6355;451;452;6354;453;454;6353;455;456;6352;6173;457;6351;458;6172;5998;6350;639;459;6171;6349;460;640;6535;6534;5996;6170;6348;461;641;462;5995;6347;6531;6169;642;5994;6168;273;274;275;6528;266;6526;}6393:{6567;1160;6564;1163;1164;6563;1165;6562;1166;6561;1167;6381;1168;1348;6560;1169;6559;6380;1170;6558;6379;1171;6557;1172;6378;1351;6556;1173;6377;1352;6744;6203;6555;6743;6742;6741;1174;6740;984;6202;6376;6554;983;985;1353;6739;982;986;981;987;980;988;6738;1175;979;989;6201;978;990;977;976;992;6200;6374;}6436:{2205;2204;2203;2202;2201;6084;6083;6082;6086;6081;6087;2200;6080;6088;6079;6078;2199;6077;2027;6076;6075;2026;2198;2374;6074;2025;}6437:{2373;2197;}6445:{2568;2567;2566;6449;2565;2564;6450;2389;2563;6451;2388;2562;6452;2387;2561;2386;6269;6453;6268;6270;6267;6271;2560;6266;6272;2385;6265;6273;2384;6264;6274;2559;6263;6275;2383;2558;6262;6276;2382;2742;6261;6277;2557;2741;2740;6260;6278;2381;2739;2556;2738;6259;6279;2380;2737;2213;2555;2736;6258;6280;2379;2735;2210;2554;6257;6281;2209;2378;2734;2208;6256;6282;2553;2733;2377;6093;6092;6094;6091;6095;6283;2552;2732;6090;6096;2206;6089;6097;2376;6098;6284;2731;6099;2551;2375;2730;6085;6285;2729;}6476:{3093;3092;3091;3090;3089;6297;3088;6296;6295;3087;6294;6293;3086;6292;3085;}6494:{3617;3443;6318;6317;6319;3616;6316;6320;3442;6315;6321;6314;6322;3441;3615;6313;6323;3440;6312;6324;3614;6311;6325;3439;3613;6310;6326;3438;3794;6482;6309;6327;3612;3793;3437;3792;6308;6328;6481;3611;3436;3791;6307;6329;3272;6480;3271;3273;3270;3274;3610;3790;3269;3275;3435;6306;6330;3268;3267;3789;6479;3609;3266;3434;6305;6331;3788;3265;6142;6478;6510;6141;6143;3264;3608;6140;6144;6304;6332;3433;6139;6145;3787;6138;6146;3263;6137;6147;6303;6333;6511;3432;6136;6148;3607;3262;3786;6135;6149;3261;6150;6302;6476;3431;3785;3975;3977;3606;3974;3978;3973;3979;6151;3260;3972;3980;3971;6335;3784;6152;3970;3969;}6584:{6749;6748;6569;1533;6747;1344;6568;1343;1345;1342;1346;1506;6394;6746;1341;1347;1340;1339;1349;1505;6393;6745;1338;1350;1337;1336;6224;6392;1335;6223;}6589:{1523;1525;1526;6753;1527;1528;6752;1529;6573;6751;1530;6572;6750;1531;1532;6397;6571;6396;6570;6395;}6636:{2916;2915;2914;}6658:{6477;6301;6300;6299;6298;}6663:{3099;3096;6472;3095;6470;}6674:{3976;}6724:{6720;823;825;826;827;6719;828;6718;829;6717;6716;6715;6714;6713;648;6712;647;649;646;650;645;651;644;652;643;653;6711;6710;6709;6708;6886;6707;}6774:{1869;2043;2042;1867;2041;1866;6585;6422;6421;6423;1696;2040;6420;6424;1865;6419;6425;6418;6426;1695;6417;6427;6583;1864;6416;2039;1694;6415;1693;6414;6582;1863;2038;6413;6581;6412;1862;6755;1691;6411;2036;}6812:{2752;6632;2751;6630;6629;2750;6628;2749;2748;2747;2923;3104;2746;2922;2745;2921;3102;6460;6459;6461;6458;6462;3101;6457;6463;2744;2920;6456;6464;6455;6465;3100;6454;6466;2743;2919;6467;6468;6469;2917;}6820:{2933;2932;2931;2930;6644;2929;6643;6645;6642;6641;2928;6640;6639;2927;3103;6638;6637;2926;6636;2925;6635;2757;2924;6634;2755;2754;6633;2753;6631;}6896:{831;}6950:{6940;6939;6766;7118;1878;6938;6765;7117;1877;6764;7116;6937;1876;6763;7115;1712;6936;1711;1713;1710;1714;1709;1715;1875;6762;7114;1708;1716;1707;1717;6935;1706;1718;1874;6761;7113;1705;1719;6598;6934;1704;1720;6596;6760;7112;1873;6595;6594;1703;1721;6593;6759;6933;7111;1872;6592;1702;1722;6591;1701;1723;6590;6758;7110;6932;1871;6589;6757;6588;1870;6931;1699;7108;1726;6586;6930;1697;1868;}7026:{7027;7028;7029;7030;7031;3824;7032;3823;3825;3822;3826;3821;3827;7033;3820;3828;3819;6850;7034;6849;6851;3640;6848;6852;3818;6853;6854;7035;3639;3817;6855;3816;6856;7036;6857;7209;3815;7037;6858;7210;3814;7038;6859;7211;3636;3813;6860;7212;7039;3635;3812;6861;7213;4000;3999;4001;3634;3998;4002;3811;3997;4003;6862;7214;3996;4004;3995;4005;3633;3810;3994;4006;6863;7215;3993;4007;6674;6673;6675;3632;3992;4008;6672;6676;3809;6671;6677;6670;6678;3991;4009;6669;6679;3808;6668;6680;3631;3990;4010;6667;6681;3989;4011;6666;6682;3807;3630;6683;6684;}7139:{7300;7299;7298;1896;1897;1900;7297;1903;2089;}7149:{6981;6982;6983;2769;2768;6984;2767;6985;2766;6986;2765;6987;2764;6801;6802;6988;2763;6803;6805;6989;6990;6807;}7155:{2948;2946;6991;2945;2762;2944;6992;2761;2943;6804;6993;6806;2942;2760;6808;6994;2941;6809;6810;2940;2759;6811;6995;6812;6813;2581;2936;}7162:{6996;6997;2939;3125;6998;3124;3123;2938;3122;6999;3121;3120;7000;2937;6814;3119;6815;7001;6816;3118;6817;3117;6818;2935;2758;6819;3116;6820;3115;7004;2756;}7175:{7002;7003;7005;7006;7007;3294;3114;3293;3292;3113;3291;6823;3112;6822;6824;6821;6825;6826;6827;3290;6828;3111;6829;6830;3289;6831;3110;6832;6834;}7250:{7245;7243;7242;7070;7241;7069;672;7068;7240;671;673;670;669;7067;668;7239;667;837;7066;666;7238;7065;836;665;664;7064;7237;835;663;7063;7236;662;834;7062;661;833;7061;660;6898;7234;6897;6899;832;6896;6900;7060;1009;6895;6901;659;6894;6902;6893;6903;7059;1008;6904;6905;6890;496;495;494;830;493;492;491;7057;490;7231;489;488;}7264:{1012;7249;848;7248;847;849;1010;7247;7246;}7270:{7089;1192;1191;7086;1190;7085;7084;7083;1022;1021;7082;1020;1019;1018;7081;1017;1016;1015;7079;1013;}7361:{7362;7363;7364;7365;7366;7367;3488;7368;3487;3489;3486;3490;3485;7369;3484;3483;7370;3482;3481;7371;7372;}7401:{7230;316;315;314;313;139;7049;312;7048;7050;7047;7051;7046;7052;7045;7053;138;7044;7054;311;7043;7055;7042;137;7041;136;7058;487;}7406:{7056;310;}7481:{7480;7479;2090;7478;7477;7476;7475;7474;7473;1912;7472;1911;1913;1910;1914;1909;1915;1908;1916;7471;1907;1917;1906;1918;7470;1905;7469;1904;7296;7295;7468;1902;7294;7467;1901;7293;7466;7292;1899;7465;7291;1736;7290;7464;7642;1735;1737;1734;1738;1733;1739;1732;1740;1731;1741;7289;7641;7463;1730;1742;1729;7640;7119;7462;7287;1725;}7575:{7225;7226;7227;7228;319;7229;318;317;}7614:{7427;7426;857;856;7424;855;7423;854;7255;853;7254;7422;1023;7253;852;7252;7595;851;7250;}7643:{1556;1728;7288;7286;1555;7285;1727;7284;1554;7283;7282;7450;1389;1388;1552;1724;7448;}7704:{7886;7887;7888;3337;}7713:{3493;7548;7550;3676;3675;7551;3674;3673;3672;7552;3671;7731;3670;3669;7554;3668;7733;7908;7909;}7760:{7748;7747;333;7573;7746;7572;7924;7745;331;7571;7923;168;7744;167;169;166;170;330;7570;7922;165;171;164;172;7404;163;173;7403;329;7569;7921;162;174;7402;161;175;7401;160;328;7568;7920;502;7399;7398;326;7395;}7767:{7756;7755;7582;7581;7754;509;7580;7932;508;7753;7579;7931;507;344;7752;343;345;342;346;7578;7930;341;347;340;348;506;339;349;7415;7751;7577;7929;338;350;7411;337;351;505;7410;336;7576;7750;7928;679;7409;504;7408;335;7407;7575;7927;7749;334;7406;503;7574;7926;7405;332;7925;}7775:{7769;694;693;7767;692;691;7766;690;7594;689;7593;7765;688;7592;7764;7591;7943;687;7763;7590;7942;686;7589;7941;7762;685;7588;7940;684;7761;7587;7939;683;520;7760;519;521;518;522;7586;7938;517;523;516;524;682;515;525;7759;7421;7585;7937;514;526;7420;7419;513;527;681;7418;512;7584;7758;7936;7417;680;7416;511;7583;7935;7757;510;7414;7934;7413;7412;7933;}7789:{865;864;7600;863;862;7598;861;860;7597;7771;7428;859;7596;858;7425;}7795:{7790;7789;1230;7788;7787;7970;7967;7786;7966;7785;7965;7612;7964;1048;7784;1047;1049;1046;1050;7611;7963;1045;1051;1044;1052;7783;7610;7962;1043;1053;1042;1054;7609;7961;7782;1041;1055;1040;7608;7960;7781;1039;1210;7607;7959;1038;7780;7606;7958;1209;1037;7779;7441;7605;7957;1036;1208;7440;7439;7438;7604;7778;7956;1035;7437;1207;7436;1034;7603;7955;7777;7434;1033;871;873;870;868;7432;867;877;878;}7830:{1745;1744;1743;7639;7638;7812;7637;}7846:{7844;7843;7842;7841;2280;7840;2279;2281;2278;2282;2277;2283;7839;2276;2284;2275;2285;7838;8022;8021;8023;8020;8024;2274;2286;8019;7666;8018;7837;2273;2287;7665;8017;2272;7836;8016;7663;8015;7835;7662;8014;7834;7661;8013;7660;8012;7833;7659;8011;2104;7832;2103;2105;2102;2106;2101;2107;7658;8010;2100;2108;2099;2109;7831;2098;2110;7657;8009;2097;2111;7830;2096;7656;8008;2095;7655;7829;8007;2094;2093;7654;8006;7828;2092;8005;2091;8004;}7860:{7857;2632;7856;2631;2633;2630;2634;2635;7855;2636;7854;2637;7853;2638;2814;7852;8036;2639;2815;8035;8037;8034;8038;8033;8039;8032;8040;7851;8031;8041;7850;8030;8042;8029;8028;8027;2460;8026;2461;2462;8025;}7876:{3166;3167;8057;8058;8059;8060;8061;3338;3339;3340;8062;3341;7889;3342;8063;3343;7890;8064;7891;8065;7893;}7878:{7892;8066;8067;7894;7716;8068;7717;7895;8069;7718;8070;3512;7896;3511;3513;3510;3514;3509;3515;3508;3516;3507;3517;7719;8071;3518;7897;3505;3519;7720;}7897:{7739;8091;3851;7917;}7961:{7945;703;702;701;698;697;696;7768;695;}7964:{7949;7948;7773;7947;7946;7601;7770;7944;700;699;}8005:{7998;7996;7995;7822;7994;7821;7993;7820;1925;7819;1924;7992;1759;1758;1757;1756;7818;1755;1923;7991;1754;7817;1753;1922;7990;1752;7816;1751;1921;7653;7989;7652;7651;7815;7650;1750;7649;1920;7648;7814;7988;1749;7647;7646;1748;1919;7645;7813;7987;7644;1747;7643;1746;7811;7985;},1199_1200_1201_1202_1203_1204_1205_1206_1207_1208_1209_1210_1211_1212_1213_1214_1215_1216_1217_1218_1219_1220_1221_1222_1223_1350_1351_1352_1353_1354_1514_1515_1516_1681_1682_1683_1850_1851_1852_2021_2022_2193_2194_2366_2367_2540_2541_2715_2716_2890_2891_2892_3067_3068_3244_3245_3422_3423_3601_3602_3781_3782_3962_3963_3964_5906_5907_5908_5909_5910_5911_5961_5962_5963_5964_5965_5966_6067_6068_6069_6070_6154_6155_6156_6157_6233_6234_6235_6402_6403_6572_6573_6743_6744_6745_6916_6917_7090_7091_7264_7265_7440_7441_7616_7617_7793_7794_7970_7971_,2971-2970*0_2971-2972*0_2971-2969*0_2971-2973*0_2971-2968*0_2971-2974*0_2971-7520*0_2971-7519*0_2971-7521*0_2971-7518*0_2971-7522*0_2971-2967*0_2971-2975*0_2971-7517*0_2971-7523*0_2971-2966*0_2971-2976*0_2971-7516*0_2971-7524*0_2971-7696*0_2971-7695*0_2971-7697*0_2971-7694*0_2971-7698*0_2971-7515*0_2971-7525*0_2971-7693*0_2971-7699*0_2971-2965*0_2971-2977*0_2971-7692*0_2971-7700*0_2971-7514*0_2971-7526*0_2971-2964*0_2971-2978*0_2971-7691*0_2971-7701*0_2971-7513*0_2971-7527*0_2971-7690*0_2971-7702*0_2971-2795*0_2971-2963*0_2971-2979*0_2971-3147*0_2971-2794*0_2971-2796*0_2971-3146*0_2971-3148*0_2971-2793*0_2971-2797*0_2971-3145*0_2971-3149*0_2971-2792*0_2971-2798*0_2971-3144*0_2971-3150*0_2971-7512*0_2971-7528*0_2971-7689*0_2971-7703*0_2971-2791*0_2971-2799*0_2971-3143*0_2971-3151*0_2971-2962*0_2971-2980*0_2971-2790*0_2971-2800*0_2971-3142*0_2971-3152*0_2971-7688*0_2971-7704*0_2971-7511*0_2971-7529*0_2971-2789*0_2971-2801*0_2971-2961*0_2971-2981*0_2971-3141*0_2971-3153*0_2971-7687*0_2971-7705*0_2971-7510*0_2971-7530*0_2971-2788*0_2971-2802*0_2971-3140*0_2971-3154*0_2971-2960*0_2971-2982*0_2971-7344*0_2971-7343*0_2971-7345*0_2971-7342*0_2971-7346*0_2971-7686*0_2971-7706*0_2971-2787*0_2971-2803*0_2971-3139*0_2971-3155*0_2971-7341*0_2971-7347*0_2971-7509*0_2971-7531*0_2971-7340*0_2971-7348*0_2971-2959*0_2971-2983*0_2971-2786*0_2971-2804*0_2971-3138*0_2971-3156*0_2971-7339*0_2971-7349*0_2971-7685*0_2971-7707*0_2971-7508*0_2971-7532*0_2971-7338*0_2971-7350*0_2971-2785*0_2971-2805*0_2971-3137*0_2971-3157*0_2971-2958*0_2971-2984*0_2971-7684*0_2971-7708*0_2971-7872*0_2971-7337*0_2971-7351*0_2971-7871*0_2971-7873*0_2971-7870*0_2971-7874*0_2971-7507*0_2971-7533*0_2971-7869*0_2971-7875*0_2971-2784*0_2971-2806*0_2971-3136*0_2971-3158*0_2971-7336*0_2971-7352*0_2971-7868*0_2971-7876*0_2971-7683*0_2971-7709*0_2971-7867*0_2971-7877*0_2971-2957*0_2971-2985*0_2971-7335*0_2971-7353*0_2971-7506*0_2971-7534*0_2971-7866*0_2971-7878*0_2971-2783*0_2971-2807*0_2971-3135*0_2971-3159*0_2971-7865*0_2971-7879*0_2971-7334*0_2971-7354*0_2971-7682*0_2971-7710*0_2971-2956*0_2971-2986*0_2971-2782*0_2971-2808*0_2971-3134*0_2971-3160*0_2971-7864*0_2971-7880*0_2971-7505*0_2971-7535*0_2971-7333*0_2971-7355*0_2971-7681*0_2971-7711*0_2971-7863*0_2971-7881*0_2971-2619*0_2971-2955*0_2971-2987*0_2971-3323*0_2971-2618*0_2971-2620*0_2971-3322*0_2971-3324*0_2971-2617*0_2971-2621*0_2971-2781*0_2971-2809*0_2971-3133*0_2971-3161*0_2971-3321*0_2971-3325*0_2971-2616*0_2971-2622*0_2971-3320*0_2971-3326*0_2971-7332*0_2971-7356*0_2971-7504*0_2971-7536*0_2971-7862*0_2971-7882*0_2971-2615*0_2971-2623*0_2971-3319*0_2971-3327*0_2971-2614*0_2971-2624*0_2971-3318*0_2971-3328*0_2971-7680*0_2971-7712*0_2971-2780*0_2971-2810*0_2971-2954*0_2971-2988*0_2971-3132*0_2971-3162*0_2971-7331*0_2971-7357*0_2971-7861*0_2971-7883*0_2971-2613*0_2971-2625*0_2971-3317*0_2971-3329*0_2971-7503*0_2971-7537*0_2971-2612*0_2971-2626*0_2971-3316*0_2971-3330*0_2971-7860*0_2971-7884*0_2971-7679*0_2971-7713*0_2971-7330*0_2971-7358*0_2971-2611*0_2971-2627*0_2971-2779*0_2971-2811*0_2971-3131*0_2971-3163*0_2971-3315*0_2971-3331*0_2971-2953*0_2971-2989*0_2971-7502*0_2971-7538*0_2971-2628*0_2971-3332*0_2971-7859*0_2971-7885*0_2971-7329*0_2971-7359*0_2971-7678*0_2971-7714*0_2971-2778*0_2971-2812*0_2971-3130*0_2971-3164*0_2971-3313*0_2971-3333*0_2971-2952*0_2971-7168*0_2971-7167*0_2971-7166*0_2971-7170*0_2971-7858*0_2971-7165*0_2971-7539*0_2971-2608*0_2971-3312*0_2971-3334*0_2971-7172*0_2971-7328*0_2971-7360*0_2971-7163*0_2971-2813*0_2971-7174*0_2971-2951*0_2971-3335*0_2971-7500*0_2971-7161*0_2971-7361*0_2971-3336*0_7361-7362*1_7361-7363*1_7361-7364*1_7361-7365*1_7361-7366*1_7361-7367*1_7361-3488*1_7361-7368*1_7361-3487*1_7361-3489*1_7361-3486*1_7361-3490*1_7361-3485*1_7361-7369*1_7361-3484*1_7361-3483*1_7361-7370*1_7361-3482*1_7361-3481*1_7361-7371*1_7361-7372*1_2794-2610*1_7704-7886*1_7704-7887*1_3312-3311*1_7860-7857*1_7704-7888*1_3312-3310*1_3312-3314*1_7704-3337*1_2794-7327*1_7860-2632*1_7860-7856*1_7860-2631*1_7860-2633*1_7860-2630*1_7860-2634*1_3312-3309*1_7860-2635*1_7860-7855*1_7860-2636*1_3312-3308*1_7860-7854*1_7860-2637*1_3312-3307*1_7860-7853*1_7860-2638*1_7860-2814*1_3312-3306*1_7860-7852*1_7860-8036*1_7860-2639*1_7860-2815*1_7860-8035*1_7860-8037*1_7860-8034*1_7860-8038*1_7860-8033*1_7860-8039*1_3312-3305*1_7860-8032*1_7860-8040*1_7860-7851*1_7860-8031*1_7860-8041*1_3312-3304*1_3312-7184*1_3312-7183*1_3312-7185*1_3312-7182*1_3312-7186*1_7860-7850*1_7860-8030*1_7860-8042*1_3312-3491*1_3312-7181*1_3312-7187*1_7860-8029*1_3312-3492*1_3312-7180*1_3312-7188*1_3312-3303*1_3312-7179*1_3312-7189*1_7860-8028*1_3312-3302*1_3312-7178*1_3312-7190*1_7860-8027*1_3312-3129*1_3312-7177*1_3312-7191*1_7860-2460*1_3312-3301*1_7860-8026*1_7860-2461*1_3312-3128*1_3312-3480*1_3312-7176*1_3312-7192*1_7860-2462*1_7860-8025*1_3312-3300*1_3312-3127*1_3312-3479*1_3312-7193*1_3312-3478*1_3312-7194*1_3312-3299*1_3312-3477*1_3312-7195*1_3312-3298*1_3312-3476*1_3312-7196*1_3312-3297*1_3312-3475*1_3312-7010*1_2789-2609*1_2789-2607*1_2789-2971*1_2789-2606*1_2789-7326*1_2789-2605*1_2789-7501*1_2789-2777*1_2789-2604*1_2789-7325*1_2789-2603*1_2789-2776*1_2789-7160*1_2789-7324*1_2789-7159*1_2789-7158*1_2789-7162*1_2789-7157*1_2789-7499*1_2789-2602*1_2789-7156*1_2789-7164*1_2789-7155*1_2789-7323*1_2789-2775*1_2789-7154*1_2789-7498*1_2789-2601*1_2789-7153*1_2789-7322*1_2789-2774*1_2789-2600*1_2789-7152*1_2789-7497*1_2789-7677*1_2789-7151*1_2789-7169*1_2789-7321*1_2789-2437*1_2789-2773*1_2789-2436*1_2789-2438*1_2789-2435*1_2789-2439*1_2789-2599*1_2789-2434*1_2789-2440*1_2789-7496*1_2789-7676*1_2789-7150*1_2789-2433*1_2789-2441*1_2789-2432*1_2789-2442*1_2789-7320*1_2789-2598*1_2789-2772*1_2789-2950*1_2789-7149*1_2789-7171*1_2789-7675*1_2789-2431*1_2789-2443*1_2789-7495*1_2789-2430*1_2789-2444*1_2789-7148*1_2789-7319*1_2789-7674*1_2789-2429*1_2789-2445*1_2789-2597*1_2789-2629*1_2789-2949*1_2789-2771*1_2789-7494*1_2789-2428*1_2789-7147*1_2789-7173*1_2789-7673*1_2789-7318*1_2789-2427*1_2789-2447*1_2789-2770*1_2789-2426*1_2789-2448*1_2789-7317*1_2789-2595*1_2789-2947*1_2789-7175*1_2806-8043*2_2806-8044*2_2806-8045*2_2806-2990*2_2806-8046*2_2806-2991*2_2806-8047*2_2806-8048*2_2806-8049*2_2806-8050*2_2806-8051*2_2806-7849*2_2806-8052*2_2806-2454*2_2806-2453*2_2806-2455*2_2806-2452*2_2806-2456*2_2806-7848*2_2806-2451*2_2806-2457*2_2806-8053*2_2806-2450*2_2806-2458*2_2806-2449*2_2806-2459*2_2806-7672*2_2806-7847*2_2806-8054*2_2806-3165*2_2806-2446*2_2806-7671*2_2806-8055*2_2806-7846*2_2806-2463*2_2806-8056*2_2806-7845*2_7876-3166*1_7876-3167*1_7876-8057*1_7876-8058*1_7876-8059*1_7876-8060*1_7876-8061*1_7876-3338*1_7876-3339*1_7876-3340*1_7876-8062*1_7876-3341*1_7876-7889*1_7876-3342*1_7876-8063*1_7876-3343*1_7876-7890*1_7876-8064*1_7876-7891*1_7876-8065*1_7876-7893*1_2986-7715*1_7878-7892*1_7878-8066*1_7878-8067*1_7878-7894*1_7878-7716*1_7878-8068*1_7878-7717*1_7878-7895*1_7878-8069*1_7878-7718*1_7878-8070*1_7878-3512*1_7878-7896*1_7878-3511*1_7878-3513*1_7878-3510*1_7878-3514*1_7878-3509*1_7878-3515*1_7878-3508*1_7878-3516*1_7878-3507*1_7878-3517*1_7878-7719*1_7878-8071*1_7878-3518*1_7878-7897*1_7878-3505*1_7878-3519*1_7878-7720*1_3334-3506*1_3334-3504*1_3334-7898*1_3334-3503*1_3334-7721*1_3334-7899*1_3334-3502*1_3334-7722*1_3334-3501*1_3334-7900*1_3334-7723*1_3334-3500*1_3334-8072*1_3334-7901*1_3334-7724*1_3334-8073*1_3334-3499*1_3334-7902*1_3334-8074*1_3334-7725*1_3334-3498*1_3334-7540*1_3334-7541*1_3334-8075*1_3334-7903*1_3334-7542*1_3334-7726*1_3334-3497*1_3334-8076*1_3334-7543*1_3334-3686*1_3334-3685*1_3334-3687*1_3334-3496*1_3334-3684*1_3334-3688*1_3334-7544*1_3334-7904*1_3334-7727*1_3334-3683*1_3334-3689*1_3334-8077*1_3334-3682*1_3334-3690*1_3334-7545*1_3334-3681*1_3334-3691*1_3334-3495*1_3334-3680*1_3334-3692*1_3334-7728*1_3334-7905*1_3334-7546*1_3334-8078*1_3334-3679*1_3334-3693*1_3334-7547*1_3334-3494*1_3334-3678*1_3334-3694*1_3334-7729*1_3334-8079*1_3334-7906*1_3334-3677*1_3334-3695*1_3334-7730*1_3334-7549*1_3334-8081*1_2431-7316*2_2431-7315*2_2431-2425*2_2431-7314*2_2431-2424*2_2431-7144*2_2431-7143*2_2431-7145*2_2431-7313*2_2431-7142*2_2431-7146*2_2431-7141*2_2431-2255*2_2431-2423*2_2431-2254*2_2431-2256*2_2431-7140*2_2431-7312*2_2431-2253*2_2431-2257*2_2431-2252*2_2431-2258*2_2431-7139*2_2431-2251*2_2431-2259*2_2431-2422*2_2431-7311*2_2431-7138*2_2431-2250*2_2431-2260*2_2431-7493*2_2431-7492*2_2431-7137*2_2431-2249*2_2431-2261*2_2431-2421*2_2431-7310*2_2431-7491*2_2431-2248*2_2431-2262*2_2431-7136*2_2431-7490*2_2431-2420*2_2431-7309*2_2431-2247*2_2431-2263*2_2431-7135*2_2431-7489*2_2431-2419*2_2431-2246*2_2431-2264*2_2431-7308*2_2431-7488*2_2431-7134*2_2431-7487*2_2431-2245*2_2431-2265*2_2431-2418*2_2431-7133*2_2431-7307*2_2431-7486*2_2431-2244*2_2431-2266*2_2431-2596*2_2431-7132*2_2431-2417*2_2431-7306*2_2431-7485*2_2431-2243*2_2431-2267*2_2431-7131*2_2431-2416*2_2431-6968*2_2431-7484*2_2431-6967*2_2431-6969*2_2431-7305*2_2431-6966*2_2431-6970*2_2431-2242*2_2431-2268*2_2431-2594*2_2431-6965*2_2431-6971*2_2431-6964*2_2431-6972*2_2431-7130*2_2431-6963*2_2431-6973*2_2431-7483*2_2431-2079*2_2431-2415*2_2431-2078*2_2431-2080*2_2431-7304*2_2431-2077*2_2431-2081*2_2431-2241*2_2431-2269*2_2431-2593*2_2431-6962*2_2431-6974*2_2431-2076*2_2431-2082*2_2431-2075*2_2431-2083*2_2431-6961*2_2431-6975*2_2431-7129*2_2431-7482*2_2431-2074*2_2431-2084*2_2431-2240*2_2431-2270*2_2431-2414*2_2431-2592*2_2431-6960*2_2431-6976*2_2431-7303*2_2431-2073*2_2431-2085*2_2431-7670*2_2431-7669*2_2431-2072*2_2431-2086*2_2431-7128*2_2431-7668*2_2431-6959*2_2431-6977*2_2431-7481*2_2431-7667*2_2431-2071*2_2431-2087*2_2431-2239*2_2431-2271*2_2431-2591*2_2431-2413*2_2431-6958*2_2431-6978*2_2431-7302*2_2431-2070*2_2431-2088*2_2431-7127*2_2431-6957*2_2431-2238*2_2431-2590*2_2431-7664*2_2431-2069*2_2431-2412*2_2431-7301*2_2431-6956*2_2431-6980*2_2431-2067*2_2431-2588*2_7713-3493*1_7713-7548*1_7713-7550*1_7713-3676*1_7713-3675*1_7713-7551*1_7713-3674*1_7713-3673*1_7713-3672*1_7713-7552*1_7713-3671*1_7713-7731*1_7713-3670*1_7713-3669*1_7713-7554*1_7713-3668*1_7713-7733*1_7713-7908*1_7713-7909*1_7846-7844*3_7846-7843*3_7846-7842*3_7846-7841*3_7846-2280*3_7846-7840*3_7846-2279*3_7846-2281*3_7846-2278*3_7846-2282*3_7846-2277*3_7846-2283*3_7846-7839*3_7846-2276*3_7846-2284*3_7846-2275*3_7846-2285*3_7846-7838*3_7846-8022*3_7846-8021*3_7846-8023*3_7846-8020*3_7846-8024*3_7846-2274*3_7846-2286*3_7846-8019*3_7846-7666*3_7846-8018*3_7846-7837*3_7846-2273*3_7846-2287*3_7846-7665*3_7846-8017*3_7846-2272*3_7846-7836*3_7846-8016*3_7846-7663*3_7846-8015*3_7846-7835*3_7846-7662*3_7846-8014*3_7846-7834*3_7846-7661*3_7846-8013*3_7846-7660*3_7846-8012*3_7846-7833*3_7846-7659*3_7846-8011*3_7846-2104*3_7846-7832*3_7846-2103*3_7846-2105*3_7846-2102*3_7846-2106*3_7846-2101*3_7846-2107*3_7846-7658*3_7846-8010*3_7846-2100*3_7846-2108*3_7846-2099*3_7846-2109*3_7846-7831*3_7846-2098*3_7846-2110*3_7846-7657*3_7846-8009*3_7846-2097*3_7846-2111*3_7846-7830*3_7846-2096*3_7846-7656*3_7846-8008*3_7846-2095*3_7846-7655*3_7846-7829*3_7846-8007*3_7846-2094*3_7846-2093*3_7846-7654*3_7846-8006*3_7846-7828*3_7846-2092*3_7846-8005*3_7846-2091*3_7846-8004*3_3488-7373*2_3488-7374*2_3488-7375*2_3488-3664*2_3488-7376*2_3488-3663*2_3488-3665*2_3488-3662*2_3488-3666*2_3488-3661*2_3488-3667*2_3488-3660*2_3488-7377*2_3488-3659*2_3488-7197*2_3488-3658*2_3488-7198*2_3488-7378*2_3488-3657*2_3488-7199*2_3488-7379*2_3488-3656*2_3488-7200*2_3488-7380*2_3488-3655*2_3488-7201*2_3488-7553*2_3488-3654*2_3488-7202*2_3488-7381*2_3488-3653*2_3488-7203*2_3488-7555*2_3488-3474*2_3488-7382*2_3488-3652*2_3488-7204*2_3488-7556*2_3488-3473*2_3488-7383*2_3488-3651*2_3488-7205*2_3488-7557*2_3488-3472*2_3488-3840*2_3488-7016*2_3488-7384*2_3488-3839*2_3488-3841*2_3488-7015*2_3488-7017*2_3488-3650*2_3488-3838*2_3488-3842*2_3488-7014*2_3488-7018*2_3488-7206*2_3488-7558*2_3488-3837*2_3488-3843*2_3488-7013*2_3488-7019*2_3488-3836*2_3488-3844*2_3488-7012*2_3488-7020*2_3488-3835*2_3488-3845*2_3488-7011*2_3488-7021*2_3488-3471*2_3488-3649*2_3488-7207*2_3488-7385*2_3488-7559*2_3488-3834*2_3488-3846*2_3488-7022*2_3488-3833*2_3488-3847*2_3488-7009*2_3488-7023*2_3488-3296*2_3488-3648*2_3488-3832*2_3488-3848*2_3488-7008*2_3488-7024*2_3488-7208*2_3488-7560*2_3488-3470*2_3488-7386*2_3488-3831*2_3488-3849*2_3488-3295*2_3488-3647*2_3488-7561*2_3488-3126*2_3488-3830*2_3488-3850*2_3488-7026*2_3488-3469*2_3488-7387*2_3488-3829*2_3488-7562*2_3488-3852*2_2239-2237*3_2239-2236*3_2239-2235*3_2239-2234*3_2239-6955*3_2239-2233*3_2239-6954*3_2239-2232*3_2239-6784*3_2239-6783*3_2239-6785*3_2239-6953*3_2239-6782*3_2239-6786*3_2239-6781*3_2239-6787*3_2239-2063*3_2239-2231*3_2239-2062*3_2239-2064*3_2239-6780*3_2239-6788*3_2239-6952*3_2239-2061*3_2239-2065*3_2239-2060*3_2239-2066*3_2239-6779*3_2239-6789*3_2239-2059*3_2239-2411*3_2239-2230*3_2239-6951*3_2239-6778*3_2239-6790*3_2239-2058*3_2239-2068*3_2239-2410*3_2239-6777*3_2239-6791*3_2239-2057*3_2239-2229*3_2239-2409*3_2239-6950*3_2239-2056*3_2239-2408*3_2239-6776*3_2239-6792*3_2239-2228*3_2239-6949*3_2239-2055*3_2239-2407*3_2239-6775*3_2239-6793*3_2239-2227*3_2239-2054*3_2239-2406*3_2239-6948*3_2239-6774*3_2239-6794*3_2239-2053*3_2239-2405*3_2239-2226*3_2239-6773*3_2239-6795*3_2239-6947*3_2239-7126*3_2239-2052*3_2239-2404*3_2239-6772*3_2239-6796*3_2239-2225*3_2239-6946*3_2239-7125*3_2239-2051*3_2239-2403*3_2239-6771*3_2239-6797*3_2239-2224*3_2239-6608*3_2239-7124*3_2239-6607*3_2239-6609*3_2239-6945*3_2239-6606*3_2239-6610*3_2239-2050*3_2239-2402*3_2239-6605*3_2239-6611*3_2239-6604*3_2239-6612*3_2239-6770*3_2239-6798*3_2239-6603*3_2239-6613*3_2239-7123*3_2239-1887*3_2239-2223*3_2239-1886*3_2239-1888*3_2239-6944*3_2239-1885*3_2239-1889*3_2239-2049*3_2239-2401*3_2239-2589*3_2239-6602*3_2239-6614*3_2239-1884*3_2239-1890*3_2239-1883*3_2239-1891*3_2239-2587*3_2239-6601*3_2239-6615*3_2239-6769*3_2239-6799*3_2239-7122*3_2239-1882*3_2239-1892*3_2239-2586*3_2239-2048*3_2239-2222*3_2239-2400*3_2239-6600*3_2239-6616*3_2239-6943*3_2239-1881*3_2239-1893*3_2239-2585*3_2239-1880*3_2239-1894*3_2239-2584*3_2239-6768*3_2239-6800*3_2239-6599*3_2239-6617*3_2239-7121*3_2239-1879*3_2239-1895*3_2239-2047*3_2239-2399*3_2239-2583*3_2239-2221*3_2239-6618*3_2239-6942*3_2239-2582*3_2239-7120*3_2239-6767*3_2239-6597*3_2239-6619*3_2239-2046*3_2239-6941*3_2239-6979*3_2239-6620*3_2239-1898*3_2239-2045*3_2239-2397*3_7139-7300*3_7139-7299*3_7139-7298*3_7139-1896*3_7139-1897*3_7139-1900*3_7139-7297*3_7139-1903*3_7139-2089*3_3515-8080*2_3515-8082*2_3515-7907*2_3515-8083*2_3515-8084*2_3515-8085*2_3515-7910*2_3515-8086*2_3515-7911*2_3515-8087*2_3515-3867*2_3515-3866*2_3515-3868*2_3515-3865*2_3515-3869*2_3515-3864*2_3515-3870*2_3515-7732*2_3515-7912*2_3515-3863*2_3515-3871*2_3515-3862*2_3515-8088*2_3515-3861*2_3515-7913*2_3515-3860*2_3515-8089*2_3515-7734*2_3515-3859*2_3515-7914*2_3515-3858*2_3515-7735*2_3515-8090*2_3515-3857*2_3515-7915*2_3515-3856*2_7149-6981*3_7149-6982*3_7149-6983*3_7149-2769*3_7149-2768*3_7149-6984*3_7149-2767*3_7149-6985*3_7149-2766*3_7149-6986*3_7149-2765*3_7149-6987*3_7149-2764*3_7149-6801*3_7149-6802*3_7149-6988*3_7149-2763*3_7149-6803*3_7149-6805*3_7149-6989*3_7149-6990*3_7149-6807*3_2285-8003*4_2285-7827*4_2285-8002*4_2285-7826*4_2285-8001*4_2285-7825*4_2285-1933*4_2285-1932*4_2285-1934*4_2285-1931*4_2285-1935*4_2285-1930*4_2285-8000*4_2285-1929*4_2285-1928*4_2285-7824*4_2285-1927*4_2285-7999*4_2285-1926*4_2285-7823*4_2285-7997*4_3507-7736*2_3507-3855*2_3507-3854*2_3507-3853*2_3507-7737*2_3507-7738*2_7155-2948*2_7155-2946*2_7155-6991*2_7155-2945*2_7155-2762*2_7155-2944*2_7155-6992*2_7155-2761*2_7155-2943*2_7155-6804*2_7155-6993*2_7155-6806*2_7155-2942*2_7155-2760*2_7155-6808*2_7155-6994*2_7155-2941*2_7155-6809*2_7155-6810*2_7155-2940*2_7155-2759*2_7155-6811*2_7155-6995*2_7155-6812*2_7155-6813*2_7155-2581*2_7155-2936*2_8005-7998*4_8005-7996*4_8005-7995*4_8005-7822*4_8005-7994*4_8005-7821*4_8005-7993*4_8005-7820*4_8005-1925*4_8005-7819*4_8005-1924*4_8005-7992*4_8005-1759*4_8005-1758*4_8005-1757*4_8005-1756*4_8005-7818*4_8005-1755*4_8005-1923*4_8005-7991*4_8005-1754*4_8005-7817*4_8005-1753*4_8005-1922*4_8005-7990*4_8005-1752*4_8005-7816*4_8005-1751*4_8005-1921*4_8005-7653*4_8005-7989*4_8005-7652*4_8005-7651*4_8005-7815*4_8005-7650*4_8005-1750*4_8005-7649*4_8005-1920*4_8005-7648*4_8005-7814*4_8005-7988*4_8005-1749*4_8005-7647*4_8005-7646*4_8005-1748*4_8005-1919*4_8005-7645*4_8005-7813*4_8005-7987*4_8005-7644*4_8005-1747*4_8005-7643*4_8005-1746*4_8005-7811*4_8005-7985*4_7162-6996*2_7162-6997*2_7162-2939*2_7162-3125*2_7162-6998*2_7162-3124*2_7162-3123*2_7162-2938*2_7162-3122*2_7162-6999*2_7162-3121*2_7162-3120*2_7162-7000*2_7162-2937*2_7162-6814*2_7162-3119*2_7162-6815*2_7162-7001*2_7162-6816*2_7162-3118*2_7162-6817*2_7162-3117*2_7162-6818*2_7162-2935*2_7162-2758*2_7162-6819*2_7162-3116*2_7162-6820*2_7162-3115*2_7162-7004*2_7162-2756*2_7897-7739*2_7897-8091*2_7897-3851*2_7897-7917*2_7481-7480*3_7481-7479*3_7481-2090*3_7481-7478*3_7481-7477*3_7481-7476*3_7481-7475*3_7481-7474*3_7481-7473*3_7481-1912*3_7481-7472*3_7481-1911*3_7481-1913*3_7481-1910*3_7481-1914*3_7481-1909*3_7481-1915*3_7481-1908*3_7481-1916*3_7481-7471*3_7481-1907*3_7481-1917*3_7481-1906*3_7481-1918*3_7481-7470*3_7481-1905*3_7481-7469*3_7481-1904*3_7481-7296*3_7481-7295*3_7481-7468*3_7481-1902*3_7481-7294*3_7481-7467*3_7481-1901*3_7481-7293*3_7481-7466*3_7481-7292*3_7481-1899*3_7481-7465*3_7481-7291*3_7481-1736*3_7481-7290*3_7481-7464*3_7481-7642*3_7481-1735*3_7481-1737*3_7481-1734*3_7481-1738*3_7481-1733*3_7481-1739*3_7481-1732*3_7481-1740*3_7481-1731*3_7481-1741*3_7481-7289*3_7481-7641*3_7481-7463*3_7481-1730*3_7481-1742*3_7481-1729*3_7481-7640*3_7481-7119*3_7481-7462*3_7481-7287*3_7481-1725*3_7175-7002*2_7175-7003*2_7175-7005*2_7175-7006*2_7175-7007*2_7175-3294*2_7175-3114*2_7175-3293*2_7175-3292*2_7175-3113*2_7175-3291*2_7175-6823*2_7175-3112*2_7175-6822*2_7175-6824*2_7175-6821*2_7175-6825*2_7175-6826*2_7175-6827*2_7175-3290*2_7175-6828*2_7175-3111*2_7175-6829*2_7175-6830*2_7175-3289*2_7175-6831*2_7175-3110*2_7175-6832*2_7175-6834*2_3296-3288*3_3296-6833*3_3296-6835*3_3296-3468*3_3296-6836*3_3296-3287*3_3296-3467*3_3296-6837*3_3296-3286*3_3296-3466*3_3296-6838*3_3296-3465*3_3296-6839*3_3296-3285*3_3296-3464*3_3296-6840*3_3296-3284*3_3296-3463*3_3296-6841*3_3296-3462*3_3296-6842*3_3296-3283*3_3296-3109*3_3296-3461*3_3296-6843*3_3296-3282*3_3296-3108*3_3296-3460*3_3296-6844*3_3296-3281*3_3296-3107*3_3296-3459*3_3296-6845*3_3296-3280*3_3296-6656*3_3296-6655*3_3296-6657*3_3296-3106*3_3296-3458*3_3296-3646*3_3296-6654*3_3296-6658*3_3296-6846*3_3296-3645*3_3296-6653*3_3296-6659*3_3296-3644*3_3296-6652*3_3296-6660*3_3296-3643*3_3296-6651*3_3296-6661*3_3296-3105*3_3296-3279*3_3296-3457*3_3296-6847*3_3296-7025*3_3296-3642*3_3296-6650*3_3296-6662*3_3296-3641*3_3296-6649*3_3296-6663*3_3296-3456*3_3296-6648*3_3296-6664*3_3296-3278*3_3296-6647*3_3296-6665*3_3296-2934*3_3296-3638*3_3296-6646*3_3296-3637*3_2406-6621*4_2406-2398*4_2406-2580*4_2406-6622*4_2406-2579*4_2406-2578*4_2406-6623*4_2406-2577*4_2406-2396*4_2406-2576*4_2406-6624*4_2406-2575*4_2406-6625*4_2406-2395*4_2406-2574*4_2406-6626*4_2406-2394*4_2406-2573*4_2406-6627*4_2406-2220*4_2406-2572*4_2406-2393*4_2406-2219*4_2406-2571*4_2406-2392*4_2406-6440*4_2406-6439*4_2406-6441*4_2406-6438*4_2406-6442*4_2406-6437*4_2406-6443*4_2406-2218*4_2406-2570*4_2406-6436*4_2406-6444*4_2406-6435*4_2406-6445*4_2406-2391*4_2406-6434*4_2406-6446*4_2406-2217*4_2406-2569*4_2406-6433*4_2406-6447*4_2406-2390*4_2406-2216*4_2406-6432*4_2406-6448*4_2406-6431*4_2406-2215*4_2406-6430*4_2406-6429*4_2406-2214*4_2406-6428*4_2406-2044*4_6820-2933*3_6820-2932*3_6820-2931*3_6820-2930*3_6820-6644*3_6820-2929*3_6820-6643*3_6820-6645*3_6820-6642*3_6820-6641*3_6820-2928*3_6820-6640*3_6820-6639*3_6820-2927*3_6820-3103*3_6820-6638*3_6820-6637*3_6820-2926*3_6820-6636*3_6820-2925*3_6820-6635*3_6820-2757*3_6820-2924*3_6820-6634*3_6820-2755*3_6820-2754*3_6820-6633*3_6820-2753*3_6820-6631*3_7830-1745*5_7830-1744*5_7830-1743*5_7830-7639*5_7830-7638*5_7830-7812*5_7830-7637*5_6950-6940*4_6950-6939*4_6950-6766*4_6950-7118*4_6950-1878*4_6950-6938*4_6950-6765*4_6950-7117*4_6950-1877*4_6950-6764*4_6950-7116*4_6950-6937*4_6950-1876*4_6950-6763*4_6950-7115*4_6950-1712*4_6950-6936*4_6950-1711*4_6950-1713*4_6950-1710*4_6950-1714*4_6950-1709*4_6950-1715*4_6950-1875*4_6950-6762*4_6950-7114*4_6950-1708*4_6950-1716*4_6950-1707*4_6950-1717*4_6950-6935*4_6950-1706*4_6950-1718*4_6950-1874*4_6950-6761*4_6950-7113*4_6950-1705*4_6950-1719*4_6950-6598*4_6950-6934*4_6950-1704*4_6950-1720*4_6950-6596*4_6950-6760*4_6950-7112*4_6950-1873*4_6950-6595*4_6950-6594*4_6950-1703*4_6950-1721*4_6950-6593*4_6950-6759*4_6950-6933*4_6950-7111*4_6950-1872*4_6950-6592*4_6950-1702*4_6950-1722*4_6950-6591*4_6950-1701*4_6950-1723*4_6950-6590*4_6950-6758*4_6950-7110*4_6950-6932*4_6950-1871*4_6950-6589*4_6950-6757*4_6950-6588*4_6950-1870*4_6950-6931*4_6950-1699*4_6950-7108*4_6950-1726*4_6950-6586*4_6950-6930*4_6950-1697*4_6950-1868*4_1885-1700*4_1885-6756*4_1885-1698*4_1885-6587*4_1885-6754*4_1885-6584*4_7026-7027*3_7026-7028*3_7026-7029*3_7026-7030*3_7026-7031*3_7026-3824*3_7026-7032*3_7026-3823*3_7026-3825*3_7026-3822*3_7026-3826*3_7026-3821*3_7026-3827*3_7026-7033*3_7026-3820*3_7026-3828*3_7026-3819*3_7026-6850*3_7026-7034*3_7026-6849*3_7026-6851*3_7026-3640*3_7026-6848*3_7026-6852*3_7026-3818*3_7026-6853*3_7026-6854*3_7026-7035*3_7026-3639*3_7026-3817*3_7026-6855*3_7026-3816*3_7026-6856*3_7026-7036*3_7026-6857*3_7026-7209*3_7026-3815*3_7026-7037*3_7026-6858*3_7026-7210*3_7026-3814*3_7026-7038*3_7026-6859*3_7026-7211*3_7026-3636*3_7026-3813*3_7026-6860*3_7026-7212*3_7026-7039*3_7026-3635*3_7026-3812*3_7026-6861*3_7026-7213*3_7026-4000*3_7026-3999*3_7026-4001*3_7026-3634*3_7026-3998*3_7026-4002*3_7026-3811*3_7026-3997*3_7026-4003*3_7026-6862*3_7026-7214*3_7026-3996*3_7026-4004*3_7026-3995*3_7026-4005*3_7026-3633*3_7026-3810*3_7026-3994*3_7026-4006*3_7026-6863*3_7026-7215*3_7026-3993*3_7026-4007*3_7026-6674*3_7026-6673*3_7026-6675*3_7026-3632*3_7026-3992*3_7026-4008*3_7026-6672*3_7026-6676*3_7026-3809*3_7026-6671*3_7026-6677*3_7026-6670*3_7026-6678*3_7026-3991*3_7026-4009*3_7026-6669*3_7026-6679*3_7026-3808*3_7026-6668*3_7026-6680*3_7026-3631*3_7026-3990*3_7026-4010*3_7026-6667*3_7026-6681*3_7026-3989*3_7026-4011*3_7026-6666*3_7026-6682*3_7026-3807*3_7026-3630*3_7026-6683*3_7026-6684*3_1753-7810*5_1753-7809*5_1753-1577*5_1753-1576*5_1753-1578*5_1753-7808*5_1753-1575*5_1753-1579*5_1753-1574*5_1753-1580*5_1753-1573*5_1753-1581*5_1753-7807*5_1753-7986*5_1753-1572*5_1753-1582*5_1753-7636*5_1753-1571*5_1753-1583*5_1753-7806*5_1753-7635*5_1753-1570*5_1753-7984*5_1753-7634*5_1753-7805*5_3518-8092*2_1753-1569*5_1753-7633*5_1753-7983*5_1753-1568*5_1753-7632*5_1753-7804*5_1753-7982*5_1753-7631*5_1753-1567*5_1753-7803*5_1753-7981*5_1753-7630*5_1753-1566*5_1753-7980*5_1753-7802*5_1753-7629*5_1753-1565*5_1753-7979*5_1753-7628*5_1753-7801*5_1753-1564*5_1753-7978*5_1753-7627*5_1753-1401*5_1753-1400*5_1753-1402*5_1753-7800*5_1753-1399*5_1753-1403*5_1753-1563*5_1753-1398*5_1753-1404*5_1753-1397*5_1753-1405*5_1753-7977*5_1753-7626*5_1753-1396*5_1753-1406*5_1753-1562*5_1753-7799*5_1753-1395*5_1753-1407*5_1753-7461*5_1753-1394*5_1753-7460*5_1753-7976*5_1753-7625*5_1753-1393*5_1753-7624*5_1753-7457*5_1753-7797*5_1753-7974*5_1753-7796*5_6774-1869*4_6774-2043*4_6774-2042*4_6774-1867*4_6774-2041*4_6774-1866*4_6774-6585*4_6774-6422*4_6774-6421*4_6774-6423*4_6774-1696*4_6774-2040*4_6774-6420*4_6774-6424*4_6774-1865*4_6774-6419*4_6774-6425*4_6774-6418*4_6774-6426*4_6774-1695*4_6774-6417*4_6774-6427*4_6774-6583*4_6774-1864*4_6774-6416*4_6774-2039*4_6774-1694*4_6774-6415*4_6774-1693*4_6774-6414*4_6774-6582*4_6774-1863*4_6774-2038*4_6774-6413*4_6774-6581*4_6774-6412*4_6774-1862*4_6774-6755*4_6774-1691*4_6774-6411*4_6774-2036*4_3637-3629*4_3637-3628*4_3637-3455*4_3637-3627*4_3637-3454*4_3637-3806*4_3637-3626*4_3637-3453*4_3637-3805*4_3637-3625*4_3637-3452*4_3637-3804*4_3637-3451*4_3637-3803*4_3637-3624*4_3637-6496*4_3637-6495*4_3637-6497*4_3637-6494*4_3637-6498*4_3637-6493*4_3637-6499*4_3637-3450*4_3637-3802*4_3637-6492*4_3637-6500*4_3637-6491*4_3637-6501*4_3637-6685*4_3637-3623*4_3637-6490*4_3637-6502*4_3637-3449*4_3637-3801*4_3637-6489*4_3637-6503*4_3637-6686*4_3637-3622*4_3637-3448*4_3637-3800*4_3637-6488*4_3637-6504*4_3637-6487*4_3637-6505*4_3637-6687*4_3637-3621*4_3637-3988*4_3637-3447*4_3637-3799*4_3637-3987*4_3637-3986*4_3637-6486*4_3637-6506*4_3637-3985*4_3637-3984*4_3637-3446*4_3637-3620*4_3637-3798*4_3637-6485*4_3637-6507*4_3637-3983*4_3637-3982*4_3637-6484*4_3637-6508*4_3637-3277*4_3637-3445*4_3637-3797*4_3637-3981*4_3637-3619*4_3637-3276*4_3637-6483*4_3637-6509*4_3637-3444*4_3637-3796*4_3637-3618*4_3637-3795*4_1748-7459*6_1748-7458*6_1748-1561*6_1748-1560*6_1748-7456*6_1748-7455*6_1748-1559*6_1748-7454*6_1748-1558*6_1748-7453*6_1748-1392*6_1748-1391*6_1748-7452*6_1748-1557*6_1748-1390*6_1748-7623*6_1748-7451*6_1748-1387*6_1748-7798*6_1748-1386*6_1748-1385*6_3689-7916*2_3689-7918*2_3689-8093*2_3689-7919*2_3689-8094*2_3689-4041*2_3689-4040*2_3689-4042*2_3689-4039*2_3689-4043*2_3689-4038*2_3689-4044*2_3689-4045*2_3689-4036*2_3689-4046*2_1868-1861*5_1868-6410*5_1868-1692*5_1868-1860*5_1868-6409*5_1868-1690*5_1868-1689*5_1868-1688*5_1868-6408*5_1868-1859*5_1868-1687*5_1868-6407*5_1868-1686*5_1868-1858*5_1868-1685*5_1868-2037*5_1868-6406*5_1868-1857*5_1868-1684*5_1868-6405*5_1868-1856*5_1868-6240*5_1868-1683*5_1868-2035*5_1868-6239*5_1868-6241*5_1868-6238*5_1868-6242*5_1868-6237*5_1868-6243*5_1868-6236*5_1868-6244*5_1868-6404*5_1868-6580*5_1868-1682*5_1868-2034*5_1868-1855*5_1868-6235*5_1868-6245*5_1868-6234*5_1868-6246*5_1868-1681*5_1868-2033*5_1868-6403*5_1868-6579*5_1868-6233*5_1868-6247*5_1868-1854*5_1868-1680*5_1868-2032*5_1868-6232*5_1868-6248*5_1868-6402*5_1868-6578*5_1868-1853*5_1868-6231*5_1868-6249*5_1868-1679*5_1868-2031*5_1868-6401*5_1868-6577*5_1868-6230*5_1868-6250*5_1868-1516*5_1868-1852*5_1868-1515*5_1868-1517*5_1868-1514*5_1868-1518*5_1868-1678*5_1868-2030*5_1868-1513*5_1868-1519*5_1868-6229*5_1868-6251*5_1868-1512*5_1868-1520*5_1868-6400*5_1868-6576*5_1868-1511*5_1868-1521*5_1868-6228*5_1868-6252*5_1868-1677*5_1868-1851*5_1868-2029*5_1868-1510*5_1868-1522*5_1868-1509*5_1868-6399*5_1868-6575*5_1868-6227*5_1868-6253*5_1868-1508*5_1868-1524*5_1868-1676*5_1868-2028*5_1868-2212*5_1868-1850*5_1868-1507*5_1868-2211*5_1868-6226*5_1868-6398*5_1868-6574*5_1868-1675*5_1868-1849*5_1868-6255*5_1868-1504*5_1868-6065*5_1868-6061*5_1868-6060*5_1868-2207*5_7643-1556*5_7643-1728*5_7643-7288*5_7643-7286*5_7643-1555*5_7643-7285*5_7643-1727*5_7643-7284*5_7643-1554*5_7643-7283*5_7643-7282*5_7643-7450*5_7643-1389*5_7643-1388*5_7643-1552*5_7643-1724*5_7643-7448*5_6812-2752*3_6812-6632*3_6812-2751*3_6812-6630*3_6812-6629*3_6812-2750*3_6812-6628*3_6812-2749*3_6812-2748*3_6812-2747*3_6812-2923*3_6812-3104*3_6812-2746*3_6812-2922*3_6812-2745*3_6812-2921*3_6812-3102*3_6812-6460*3_6812-6459*3_6812-6461*3_6812-6458*3_6812-6462*3_6812-3101*3_6812-6457*3_6812-6463*3_6812-2744*3_6812-2920*3_6812-6456*3_6812-6464*3_6812-6455*3_6812-6465*3_6812-3100*3_6812-6454*3_6812-6466*3_6812-2743*3_6812-2919*3_6812-6467*3_6812-6468*3_6812-6469*3_6812-2917*3_6589-1523*5_6589-1525*5_6589-1526*5_6589-6753*5_6589-1527*5_6589-1528*5_6589-6752*5_6589-1529*5_6589-6573*5_6589-6751*5_6589-1530*5_6589-6572*5_6589-6750*5_6589-1531*5_6589-1532*5_6589-6397*5_6589-6571*5_6589-6396*5_6589-6570*5_6589-6395*5_1571-7622*6_1571-7621*6_1571-7620*6_1571-7449*6_1571-7619*6_1571-1384*6_1571-7795*6_1571-7447*6_1571-7618*6_1571-1383*6_1571-7446*6_1571-7794*6_1571-1382*6_1571-7617*6_1571-7445*6_1571-7793*6_1571-7975*6_1571-1219*6_1571-1218*6_1571-1220*6_1571-1217*6_1571-1221*6_1571-1381*6_1571-1216*6_1571-1222*6_1571-7444*6_1571-7616*6_1571-1215*6_1571-1223*6_1571-1214*6_1571-1224*6_1571-7792*6_1571-1380*6_1571-7443*6_1571-7973*6_1571-1213*6_1571-1225*6_1571-7615*6_1571-1212*6_1571-1226*6_1571-7972*6_1571-7791*6_1571-7442*6_1571-1211*6_1571-1227*6_1571-1379*6_1571-7614*6_1571-1228*6_1571-7971*6_1571-1229*6_1571-7613*6_1571-7969*6_1571-1231*6_1571-7968*6_6584-6749*5_6584-6748*5_6584-6569*5_6584-1533*5_6584-6747*5_6584-1344*5_6584-6568*5_6584-1343*5_6584-1345*5_6584-1342*5_6584-1346*5_6584-1506*5_6584-6394*5_6584-6746*5_6584-1341*5_6584-1347*5_6584-1340*5_6584-1339*5_6584-1349*5_6584-1505*5_6584-6393*5_6584-6745*5_6584-1338*5_6584-1350*5_6584-1337*5_6584-1336*5_6584-6224*5_6584-6392*5_6584-1335*5_6584-6223*5_3657-7388*3_3657-7389*3_3657-7390*3_3657-4012*3_3657-4013*3_3657-7391*3_3657-4014*3_3657-4015*3_3657-4016*3_3657-4017*3_3657-4018*3_3657-7563*3_6445-2568*5_6445-2567*5_6445-2566*5_6445-6449*5_6445-2565*5_6445-2564*5_6445-6450*5_6445-2389*5_6445-2563*5_6445-6451*5_6445-2388*5_6445-2562*5_6445-6452*5_6445-2387*5_6445-2561*5_6445-2386*5_6445-6269*5_6445-6453*5_6445-6268*5_6445-6270*5_6445-6267*5_6445-6271*5_6445-2560*5_6445-6266*5_6445-6272*5_6445-2385*5_6445-6265*5_6445-6273*5_6445-2384*5_6445-6264*5_6445-6274*5_6445-2559*5_6445-6263*5_6445-6275*5_6445-2383*5_6445-2558*5_6445-6262*5_6445-6276*5_6445-2382*5_6445-2742*5_6445-6261*5_6445-6277*5_6445-2557*5_6445-2741*5_6445-2740*5_6445-6260*5_6445-6278*5_6445-2381*5_6445-2739*5_6445-2556*5_6445-2738*5_6445-6259*5_6445-6279*5_6445-2380*5_6445-2737*5_6445-2213*5_6445-2555*5_6445-2736*5_6445-6258*5_6445-6280*5_6445-2379*5_6445-2735*5_6445-2210*5_6445-2554*5_6445-6257*5_6445-6281*5_6445-2209*5_6445-2378*5_6445-2734*5_6445-2208*5_6445-6256*5_6445-6282*5_6445-2553*5_6445-2733*5_6445-2377*5_6445-6093*5_6445-6092*5_6445-6094*5_6445-6091*5_6445-6095*5_6445-6283*5_6445-2552*5_6445-2732*5_6445-6090*5_6445-6096*5_6445-2206*5_6445-6089*5_6445-6097*5_6445-2376*5_6445-6098*5_6445-6284*5_6445-2731*5_6445-6099*5_6445-2551*5_6445-2375*5_6445-2730*5_6445-6085*5_6445-6285*5_6445-2729*5_1504-1503*6_1504-6225*6_1504-1502*6_1504-6222*6_1504-1501*6_1504-6221*6_1504-1500*6_1504-6220*6_1504-1499*6_1504-6219*6_1504-1498*6_1504-6218*6_1504-1497*6_1504-6217*6_1504-1328*6_1504-1496*6_1504-6048*6_1504-6216*6_1504-1327*6_1504-1329*6_1504-6047*6_1504-6049*6_1504-1326*6_1504-1330*6_1504-6046*6_1504-6050*6_1504-1325*6_1504-1331*6_1504-6045*6_1504-6051*6_1504-1324*6_1504-1332*6_1504-6044*6_1504-6052*6_1504-1495*6_1504-6215*6_1504-1323*6_1504-1333*6_1504-6043*6_1504-6053*6_1504-1322*6_1504-1334*6_1504-1494*6_1504-1674*6_1504-6042*6_1504-6054*6_1504-6214*6_1504-1321*6_1504-1673*6_1504-6041*6_1504-6055*6_1504-1493*6_1504-6213*6_1504-1320*6_1504-1672*6_1504-6040*6_1504-6056*6_1504-1492*6_1504-6212*6_1504-1319*6_1504-1671*6_1504-6039*6_1504-6057*6_1504-6391*6_1504-1318*6_1504-1670*6_1504-6038*6_1504-6058*6_1504-6390*6_1504-1491*6_1504-6211*6_1504-1317*6_1504-1669*6_1504-6037*6_1504-6059*6_1504-6389*6_1504-1490*6_1504-6210*6_1504-1316*6_1504-1668*6_1504-6036*6_1504-6388*6_1504-1489*6_1504-6209*6_1504-1315*6_1504-1667*6_1504-6035*6_1504-6387*6_1504-1152*6_1504-1488*6_1504-5872*6_1504-6208*6_1504-1151*6_1504-1153*6_1504-5871*6_1504-5873*6_1504-1150*6_1504-1154*6_1504-1314*6_1504-1666*6_1504-5870*6_1504-5874*6_1504-6034*6_1504-6386*6_1504-1149*6_1504-1155*6_1504-5869*6_1504-5875*6_1504-1148*6_1504-1156*6_1504-5868*6_1504-5876*6_1504-1147*6_1504-1157*6_1504-5867*6_1504-5877*6_1504-1313*6_1504-1487*6_1504-1665*6_1504-6033*6_1504-6207*6_1504-6385*6_1504-1146*6_1504-1158*6_1504-5866*6_1504-5878*6_1504-1145*6_1504-1159*6_1504-5865*6_1504-5879*6_1504-1144*6_1504-1312*6_1504-1664*6_1504-5864*6_1504-5880*6_1504-6384*6_1504-1486*6_1504-6206*6_1504-1143*6_1504-1161*6_1504-5863*6_1504-5881*6_1504-1311*6_1504-6031*6_1504-6383*6_1504-1142*6_1504-1162*6_1504-6566*6_1504-1485*6_1504-6205*6_1504-5861*6_1504-6565*6_1504-1662*6_1504-6382*6_1504-1140*6_3665-7564*3_3665-7565*3_3665-7566*3_3665-4019*3_3665-4020*3_3665-4021*3_3665-7567*3_3665-4022*3_3665-4023*3_3665-4024*3_3665-4025*3_3665-4027*3_3665-7740*3_3665-4028*3_2225-6254*4_7795-7790*7_7795-7789*7_7795-1230*7_7795-7788*7_7795-7787*7_7795-7970*7_7795-7967*7_7795-7786*7_7795-7966*7_7795-7785*7_7795-7965*7_7795-7612*7_7795-7964*7_7795-1048*7_7795-7784*7_7795-1047*7_7795-1049*7_7795-1046*7_7795-1050*7_7795-7611*7_7795-7963*7_7795-1045*7_7795-1051*7_7795-1044*7_7795-1052*7_7795-7783*7_7795-7610*7_7795-7962*7_7795-1043*7_7795-1053*7_7795-1042*7_7795-1054*7_7795-7609*7_7795-7961*7_7795-7782*7_7795-1041*7_7795-1055*7_7795-1040*7_7795-7608*7_7795-7960*7_7795-7781*7_7795-1039*7_7795-1210*7_7795-7607*7_7795-7959*7_7795-1038*7_7795-7780*7_7795-7606*7_7795-7958*7_7795-1209*7_7795-1037*7_7795-7779*7_7795-7441*7_7795-7605*7_7795-7957*7_7795-1036*7_7795-1208*7_7795-7440*7_7795-7439*7_7795-7438*7_7795-7604*7_7795-7778*7_7795-7956*7_7795-1035*7_7795-7437*7_7795-1207*7_7795-7436*7_7795-1034*7_7795-7603*7_7795-7955*7_7795-7777*7_7795-7434*7_7795-1033*7_7795-871*7_7795-873*7_7795-870*7_7795-868*7_7795-7432*7_7795-867*7_7795-877*7_7795-878*7_3678-7741*3_3678-7742*3_3678-7743*3_3678-4030*3_3678-4029*3_3678-4031*3_3678-4032*3_3678-4033*3_3678-4026*3_3678-4034*3_3678-4035*3_3678-4037*3_6494-3617*5_6494-3443*5_6494-6318*5_6494-6317*5_6494-6319*5_6494-3616*5_6494-6316*5_6494-6320*5_6494-3442*5_6494-6315*5_6494-6321*5_6494-6314*5_6494-6322*5_6494-3441*5_6494-3615*5_6494-6313*5_6494-6323*5_6494-3440*5_6494-6312*5_6494-6324*5_6494-3614*5_6494-6311*5_6494-6325*5_6494-3439*5_6494-3613*5_6494-6310*5_6494-6326*5_6494-3438*5_6494-3794*5_6494-6482*5_6494-6309*5_6494-6327*5_6494-3612*5_6494-3793*5_6494-3437*5_6494-3792*5_6494-6308*5_6494-6328*5_6494-6481*5_6494-3611*5_6494-3436*5_6494-3791*5_6494-6307*5_6494-6329*5_6494-3272*5_6494-6480*5_6494-3271*5_6494-3273*5_6494-3270*5_6494-3274*5_6494-3610*5_6494-3790*5_6494-3269*5_6494-3275*5_6494-3435*5_6494-6306*5_6494-6330*5_6494-3268*5_6494-3267*5_6494-3789*5_6494-6479*5_6494-3609*5_6494-3266*5_6494-3434*5_6494-6305*5_6494-6331*5_6494-3788*5_6494-3265*5_6494-6142*5_6494-6478*5_6494-6510*5_6494-6141*5_6494-6143*5_6494-3264*5_6494-3608*5_6494-6140*5_6494-6144*5_6494-6304*5_6494-6332*5_6494-3433*5_6494-6139*5_6494-6145*5_6494-3787*5_6494-6138*5_6494-6146*5_6494-3263*5_6494-6137*5_6494-6147*5_6494-6303*5_6494-6333*5_6494-6511*5_6494-3432*5_6494-6136*5_6494-6148*5_6494-3607*5_6494-3262*5_6494-3786*5_6494-6135*5_6494-6149*5_6494-3261*5_6494-6150*5_6494-6302*5_6494-6476*5_6494-3431*5_6494-3785*5_6494-3975*5_6494-3977*5_6494-3606*5_6494-3974*5_6494-3978*5_6494-3973*5_6494-3979*5_6494-6151*5_6494-3260*5_6494-3972*5_6494-3980*5_6494-3971*5_6494-6335*5_6494-3784*5_6494-6152*5_6494-3970*5_6494-3969*5_6436-2205*5_6436-2204*5_6436-2203*5_6436-2202*5_6436-2201*5_6436-6084*5_6436-6083*5_6436-6082*5_6436-6086*5_6436-6081*5_6436-6087*5_6436-2200*5_6436-6080*5_6436-6088*5_6436-6079*5_6436-6078*5_6436-2199*5_6436-6077*5_6436-2027*5_6436-6076*5_6436-6075*5_6436-2026*5_6436-2198*5_6436-2374*5_6436-6074*5_6436-2025*5_1385-1378*7_1385-1377*7_1385-1206*7_1385-1205*7_1385-1376*7_1385-7272*7_1385-7271*7_1385-7273*7_1385-7270*7_1385-7274*7_1385-1204*7_1385-7269*7_1385-7275*7_1385-7268*7_1385-7276*7_1385-1203*7_1385-1375*7_1385-7267*7_1385-7277*7_1385-1202*7_1385-7266*7_1385-7278*7_1385-1374*7_1385-1201*7_1385-1553*7_1385-7265*7_1385-7279*7_1385-1373*7_1385-1200*7_1385-7264*7_1385-7280*7_1385-7263*7_1385-7281*7_1385-1199*7_1385-1551*7_1385-1372*7_1385-7435*7_1385-7262*7_1385-1198*7_1385-1550*7_1385-1371*7_1385-7261*7_1385-1197*7_1385-1549*7_1385-1370*7_1385-7260*7_1385-7433*7_1385-1196*7_1385-1548*7_1385-7259*7_1385-1369*7_1385-1032*7_1385-1031*7_1385-1195*7_1385-1547*7_1385-1030*7_1385-1029*7_1385-7258*7_1385-1028*7_1385-1194*7_1385-1368*7_1385-1546*7_1385-7096*7_1385-7095*7_1385-7097*7_1385-7431*7_1385-1027*7_1385-7094*7_1385-7098*7_1385-7093*7_1385-1026*7_1385-7092*7_1385-7100*7_1385-7257*7_1385-7091*7_1385-1025*7_1385-1193*7_1385-1545*7_1385-1367*7_1385-7090*7_1385-7102*7_1385-7430*7_1385-1024*7_1385-7256*7_1385-7103*7_1385-7088*7_1385-7429*7_1385-7087*7_3867-8095*3_3867-4047*3_6658-6477*4_6658-6301*4_6658-6300*4_6658-6299*4_6658-6298*4_1485-1483*7_1485-5696*7_1485-1478*7_3455-6475*5_3455-6474*5_3455-6473*5_3455-3098*5_3455-3097*5_6437-2373*5_6437-2197*5_1227-7954*8_1227-7953*8_1227-875*8_1227-874*8_1227-876*8_1227-872*8_1227-7776*8_1227-879*8_1227-7952*8_1227-869*8_1227-7775*8_1227-7951*8_1227-7602*8_1227-7774*8_1227-866*8_1227-7950*8_1227-7772*8_1227-7599*8_2032-2024*6_2032-6072*6_2032-6071*6_2032-6073*6_2032-6070*6_2032-6069*6_2032-6068*6_2032-2023*6_2032-6067*6_2032-2022*6_2032-6066*6_2032-2021*6_2032-1848*6_2032-6064*6_2032-2020*6_2032-1847*6_2032-6063*6_2032-1846*6_2032-6062*6_2032-2019*6_2032-1845*6_2032-2018*6_2032-1844*6_2032-2196*6_2032-2017*6_2032-1843*6_2032-2195*6_2032-2016*6_2032-5896*6_2032-5895*6_2032-5897*6_2032-1842*6_2032-2194*6_2032-5894*6_2032-5898*6_2032-5893*6_2032-5899*6_2032-5892*6_2032-5900*6_2032-5891*6_2032-5901*6_2032-1841*6_2032-2015*6_2032-2193*6_2032-5890*6_2032-5902*6_2032-5889*6_2032-5903*6_2032-1840*6_2032-2192*6_2032-5888*6_2032-5904*6_2032-2014*6_2032-5887*6_2032-5905*6_2032-1839*6_2032-2191*6_2032-5886*6_2032-5906*6_2032-5907*6_2032-2012*6_6663-3099*4_6663-3096*4_6663-6472*4_6663-3095*4_6663-6470*4_1725-7109*4_1725-7107*4_1725-7106*4_1725-7105*4_1725-1544*4_1725-7104*4_1725-1543*4_1725-1542*4_1725-1541*4_1725-1540*4_1725-7101*4_1725-1539*4_1725-1538*4_1725-7099*4_1725-1537*4_1725-6929*4_1725-1536*4_1725-6928*4_1725-6927*4_1725-1535*4_1725-6926*4_1725-1534*4_1725-1366*4_1725-6924*4_1725-6923*4_2208-2372*6_2208-2371*6_2208-2370*6_2208-5908*6_2208-5909*6_2208-2369*6_2208-5910*6_2208-5911*6_2208-2368*6_2208-5912*6_2208-5913*6_2208-5914*6_2208-2189*6_2208-2366*6_1314-5862*7_1314-1310*7_1314-5860*7_1314-1309*7_1314-5859*7_1314-1308*7_1314-5858*7_1314-1307*7_1314-5857*7_1314-1138*7_1314-1306*7_1314-1137*7_1314-1139*7_1314-1136*7_1314-5856*7_1314-1135*7_1314-1141*7_1314-1134*7_1314-1305*7_1314-5855*7_1314-1133*7_1314-1132*7_1314-1304*7_1314-1484*7_1314-5688*7_1314-6032*7_1314-5687*7_1314-5689*7_1314-5686*7_1314-5690*7_1314-5854*7_1314-5685*7_1314-5691*7_1314-1131*7_1314-5684*7_1314-5692*7_1314-1303*7_1314-5683*7_1314-5693*7_1314-5853*7_1314-1130*7_1314-1482*7_1314-5682*7_1314-5694*7_1314-6030*7_1314-1302*7_1314-1129*7_1314-1481*7_1314-5852*7_1314-5681*7_1314-5695*7_1314-6029*7_1314-1128*7_1314-1480*7_1314-5680*7_1314-1301*7_1314-5851*7_1314-6028*7_1314-5679*7_1314-5697*7_1314-1127*7_1314-1479*7_1314-1300*7_1314-5678*7_1314-5698*7_1314-5850*7_1314-6027*7_1314-1126*7_1314-5677*7_1314-5699*7_1314-1299*7_1314-5849*7_1314-6026*7_1314-1125*7_1314-1477*7_1314-5676*7_1314-5700*7_1314-962*7_1314-1298*7_1314-961*7_1314-963*7_1314-960*7_1314-964*7_1314-1124*7_1314-1476*7_1314-5848*7_1314-6025*7_1314-959*7_1314-965*7_1314-1663*7_1314-5675*7_1314-5701*7_1314-958*7_1314-966*7_1314-957*7_1314-967*7_1314-1661*7_1314-1123*7_1314-1297*7_1314-1475*7_1314-956*7_1314-968*7_1314-1660*7_1314-6024*7_1314-5847*7_1314-5674*7_1314-955*7_1314-969*7_1314-954*7_1314-970*7_1314-1122*7_1314-1474*7_1314-1296*7_1314-5512*7_1314-5511*7_1314-5513*7_1314-5673*7_1314-5703*7_1314-6023*7_1314-5510*7_1314-5514*7_1314-5509*7_1314-953*7_1314-971*7_1314-5516*7_1314-6204*7_1314-5507*7_1314-5517*7_1314-1121*7_1314-5704*7_1314-5506*7_1314-6022*7_1314-1295*7_1314-5505*7_1314-951*7_1314-6021*7_7964-7949*8_7964-7948*8_7964-7773*8_7964-7947*8_7964-7946*8_7964-7601*8_7964-7770*8_7964-7944*8_7964-700*8_7964-699*8_6094-2550*6_6094-2549*6_6094-2548*6_6094-2547*6_6094-6100*6_6094-2546*6_6094-6101*6_6094-2545*6_6094-5918*6_6094-6102*6_6094-5917*6_6094-5919*6_6094-2544*6_6094-5916*6_6094-5920*6_6094-5915*6_6094-5921*6_6094-5922*6_6094-6103*6_6094-2543*6_6094-5923*6_6094-2728*6_6094-5924*6_6094-6104*6_6094-2727*6_6094-2542*6_6094-2726*6_6094-2725*6_6094-5925*6_6094-2724*6_6094-2367*6_6094-6105*6_6094-2541*6_6094-2723*6_6094-5926*6_6094-2722*6_6094-6106*6_6094-5927*6_6094-2540*6_6094-2721*6_6094-2365*6_6094-2720*6_6094-5928*6_6094-6107*6_6094-2539*6_6094-2364*6_6094-2719*6_6094-5929*6_6094-6108*6_6094-2538*6_6094-2718*6_6094-2363*6_6094-5930*6_6094-2717*6_6094-6109*6_6094-2537*6_6094-2362*6_6094-5931*6_6094-2716*6_6094-5742*6_6094-6110*6_6094-5741*6_6094-5743*6_6094-2536*6_6094-5740*6_6094-5744*6_6094-5932*6_6094-2361*6_6094-5739*6_6094-5745*6_6094-2715*6_6094-5738*6_6094-5746*6_6094-5737*6_6094-5747*6_6094-5933*6_6094-6111*6_6094-2360*6_6094-5736*6_6094-5748*6_6094-2535*6_6094-2190*6_6094-2714*6_6094-5735*6_6094-5749*6_6094-5734*6_6094-5750*6_6094-5934*6_6094-6286*6_6094-6112*6_6094-2359*6_6094-2713*6_6094-2534*6_6094-2902*6_6094-5733*6_6094-5751*6_6094-2900*6_6094-6287*6_6094-2712*6_6094-5732*6_6094-5752*6_6094-2187*6_6674-3976*5_2374-2188*6_2374-2186*6_2374-5731*6_2374-5730*6_2374-2185*6_2374-5729*6_2374-2358*6_2374-2184*6_2374-5728*6_2374-5727*6_2374-2183*6_2374-2357*6_2374-5726*6_2374-5725*6_2374-2182*6_2374-2356*6_2374-2013*6_2374-5724*6_2374-2181*6_2374-2355*6_2374-2010*6_7789-865*8_7789-864*8_7789-7600*8_7789-863*8_7789-862*8_7789-7598*8_7789-861*8_7789-860*8_7789-7597*8_7789-7771*8_7789-7428*8_7789-859*8_7789-7596*8_7789-858*8_7789-7425*8_3618-3605*6_3618-6153*6_3618-3783*6_3618-3604*6_3618-6134*6_3618-6154*6_3618-6334*6_3618-3430*6_3618-3782*6_3618-6133*6_3618-6155*6_3618-3603*6_3618-3429*6_3618-3781*6_3618-6132*6_3618-6156*6_3618-3602*6_3618-3428*6_3618-3780*6_3618-3968*6_3618-3967*6_3618-6131*6_3618-6157*6_3618-3966*6_3618-3965*6_3618-3427*6_3618-3601*6_3618-3779*6_3618-3964*6_3618-6130*6_3618-6158*6_3618-3259*6_3618-3963*6_3618-3258*6_3618-3426*6_3618-3778*6_3618-3962*6_3618-3600*6_3618-5968*6_3618-5967*6_3618-5969*6_3618-6129*6_3618-6159*6_3618-5966*6_3618-5970*6_3618-5971*6_3618-3257*6_3618-5964*6_3618-5972*6_3618-5963*6_3618-5973*6_3618-3425*6_3618-3777*6_3618-5962*6_3618-5974*6_3618-3255*6_3618-3776*6_3618-5960*6_3618-5976*6_3618-3958*6_6393-6567*6_6393-1160*6_6393-6564*6_6393-1163*6_6393-1164*6_6393-6563*6_6393-1165*6_6393-6562*6_6393-1166*6_6393-6561*6_6393-1167*6_6393-6381*6_6393-1168*6_6393-1348*6_6393-6560*6_6393-1169*6_6393-6559*6_6393-6380*6_6393-1170*6_6393-6558*6_6393-6379*6_6393-1171*6_6393-6557*6_6393-1172*6_6393-6378*6_6393-1351*6_6393-6556*6_6393-1173*6_6393-6377*6_6393-1352*6_6393-6744*6_6393-6203*6_6393-6555*6_6393-6743*6_6393-6742*6_6393-6741*6_6393-1174*6_6393-6740*6_6393-984*6_6393-6202*6_6393-6376*6_6393-6554*6_6393-983*6_6393-985*6_6393-1353*6_6393-6739*6_6393-982*6_6393-986*6_6393-981*6_6393-987*6_6393-980*6_6393-988*6_6393-6738*6_6393-1175*6_6393-979*6_6393-989*6_6393-6201*6_6393-978*6_6393-990*6_6393-977*6_6393-976*6_6393-992*6_6393-6200*6_6393-6374*6_7614-7427*7_7614-7426*7_7614-857*7_7614-856*7_7614-7424*7_7614-855*7_7614-7423*7_7614-854*7_7614-7255*7_7614-853*7_7614-7254*7_7614-7422*7_7614-1023*7_7614-7253*7_7614-852*7_7614-7252*7_7614-7595*7_7614-851*7_7614-7250*7_2934-6471*4_2934-2918*4_2934-3094*4_3975-3961*6_3975-3960*6_3975-3959*6_3975-3957*6_3975-3956*6_1855-5885*6_1855-5884*6_1855-5883*6_1855-5882*6_1855-1838*6_1855-1837*6_1855-1835*6_7961-7945*9_7961-703*9_7961-702*9_7961-701*9_7961-698*9_7961-697*9_7961-696*9_7961-7768*9_7961-695*9_6062-1836*7_6062-1834*7_6062-1659*7_6062-1833*7_6062-1658*7_6062-5710*7_6062-5709*7_6062-5711*7_6062-1832*7_6062-5708*7_6062-5712*7_6062-1657*7_6062-5707*7_6062-5713*7_6062-2011*7_6062-5706*7_6062-5714*7_6062-5705*7_6062-5715*7_6062-1656*7_6062-5716*7_6062-1831*7_6062-5717*7_6062-5702*7_6062-5718*7_6062-1655*7_6062-2009*7_6062-2008*7_6062-1829*7_6062-5721*7_6062-5722*7_3965-3955*7_3965-3954*7_3965-3953*7_3965-3952*7_3965-5983*7_3965-5982*7_3965-5981*7_3965-5980*7_3965-5979*7_3965-3951*7_3965-5978*7_3965-5977*7_3965-3950*7_3965-5975*7_3965-3949*7_3965-3775*7_3965-3774*7_3965-3948*7_3965-3773*7_3965-3947*7_3965-3946*7_2012-5720*7_2012-5719*7_2012-2007*7_2012-5723*7_2012-2006*7_2012-2005*7_2012-2004*7_2012-2003*7_2012-1830*7_2012-2002*7_2012-2001*7_2012-1828*7_2012-2180*7_2012-2000*7_2012-5544*7_2012-1827*7_2012-2179*7_2012-5543*7_2012-5545*7_2012-5542*7_2012-5546*7_2012-5541*7_2012-5547*7_2012-5540*7_2012-5548*7_2012-1826*7_2012-2178*7_2012-1999*7_2012-5539*7_2012-5549*7_2012-5538*7_2012-5550*7_2012-1825*7_2012-2177*7_2012-5537*7_2012-5551*7_2012-1998*7_2012-1824*7_2012-2176*7_2012-5536*7_2012-5552*7_2012-1997*7_2012-5535*7_2012-5553*7_2012-1823*7_2012-2175*7_2012-5534*7_2012-5554*7_2012-1996*7_2012-1822*7_2012-2174*7_2012-5533*7_2012-5555*7_2012-5532*7_2012-5556*7_2012-1821*7_2012-1995*7_2012-2173*7_2012-1654*7_2012-1653*7_2012-5557*7_2012-1652*7_2012-1820*7_2012-2172*7_2012-1994*7_2012-1651*7_2012-5530*7_2012-1819*7_2012-2171*7_2012-1993*7_2012-2170*7_2012-5528*7_2012-5367*7_2012-5371*7_1350-1354*6_1350-1355*6_1350-1356*6_1350-1357*6_1350-6737*6_1350-1358*6_1350-1176*6_1350-6736*6_1350-1177*6_1350-1178*6_1350-1359*6_1350-6735*6_1350-1179*6_1350-1180*6_1350-1360*6_1350-6920*6_1350-6919*6_1350-6921*6_1350-6734*6_1350-6918*6_1350-6922*6_1350-6917*6_1350-1181*6_1350-6916*6_1350-1361*6_1350-6733*6_1350-6915*6_1350-6925*6_1350-1182*6_1350-6914*6_1350-1362*6_1350-1183*6_1350-6732*6_1350-6913*6_1350-1184*6_1350-6912*6_1350-1363*6_1350-6731*6_1350-6911*6_1350-1185*6_1350-1364*6_1350-6730*6_1350-6910*6_1350-1186*6_1350-6909*6_1350-1365*6_1350-6729*6_1350-1187*6_1350-6908*6_1350-998*6_1350-997*6_1350-999*6_1350-996*6_1350-1000*6_1350-1188*6_1350-6728*6_1350-6553*6_1350-995*6_1350-1001*6_1350-6907*6_1350-994*6_1350-1002*6_1350-993*6_1350-1003*6_1350-1189*6_1350-1004*6_1350-6552*6_1350-6727*6_1350-6906*6_1350-991*6_1350-1005*6_1350-6726*6_1350-1007*6_1350-6550*6_7775-7769*9_7775-694*9_7775-693*9_7775-7767*9_7775-692*9_7775-691*9_7775-7766*9_7775-690*9_7775-7594*9_7775-689*9_7775-7593*9_7775-7765*9_7775-688*9_7775-7592*9_7775-7764*9_7775-7591*9_7775-7943*9_7775-687*9_7775-7763*9_7775-7590*9_7775-7942*9_7775-686*9_7775-7589*9_7775-7941*9_7775-7762*9_7775-685*9_7775-7588*9_7775-7940*9_7775-684*9_7775-7761*9_7775-7587*9_7775-7939*9_7775-683*9_7775-520*9_7775-7760*9_7775-519*9_7775-521*9_7775-518*9_7775-522*9_7775-7586*9_7775-7938*9_7775-517*9_7775-523*9_7775-516*9_7775-524*9_7775-682*9_7775-515*9_7775-525*9_7775-7759*9_7775-7421*9_7775-7585*9_7775-7937*9_7775-514*9_7775-526*9_7775-7420*9_7775-7419*9_7775-513*9_7775-527*9_7775-681*9_7775-7418*9_7775-512*9_7775-7584*9_7775-7758*9_7775-7936*9_7775-7417*9_7775-680*9_7775-7416*9_7775-511*9_7775-7583*9_7775-7935*9_7775-7757*9_7775-510*9_7775-7414*9_7775-7934*9_7775-7413*9_7775-7412*9_7775-7933*9_6152-3772*6_6152-3599*6_6152-3598*6_6152-3771*6_6152-3597*6_6152-5965*6_6152-3770*6_6152-3596*6_6152-3769*6_6152-3595*6_6152-3768*6_6152-5800*6_6152-5799*6_6152-5801*6_6152-3594*6_6152-5798*6_6152-5802*6_6152-5797*6_6152-5803*6_6152-5796*6_6152-5804*6_6152-5795*6_6152-5805*6_6152-3593*6_6152-3767*6_6152-3945*6_6152-5794*6_6152-5806*6_6152-5793*6_6152-5807*6_6152-3424*6_6152-3592*6_6152-3944*6_6152-5792*6_6152-5791*6_6152-3591*6_969-972*8_969-973*8_969-6020*8_969-974*8_969-6019*8_969-975*8_969-6018*8_969-6017*8_969-6199*8_969-6198*8_969-6197*8_969-793*8_969-792*8_969-794*8_969-6016*8_969-6196*8_969-791*8_969-795*8_969-790*8_969-796*8_969-6195*8_969-789*8_969-797*8_969-6015*8_969-5846*8_969-6194*8_969-788*8_969-798*8_969-5845*8_969-5844*8_969-6193*8_969-787*8_969-799*8_969-6014*8_969-5843*8_969-786*8_969-800*8_969-6192*8_969-5842*8_969-6013*8_969-785*8_969-801*8_969-5841*8_969-6191*8_969-784*8_969-802*8_969-5840*8_969-6012*8_969-6190*8_969-5839*8_969-783*8_969-803*8_969-6011*8_969-6189*8_969-5838*8_969-782*8_969-804*8_969-6188*8_969-6010*8_969-5837*8_969-781*8_969-805*8_969-6187*8_969-5836*8_969-6009*8_969-6375*8_969-780*8_969-806*8_969-6373*8_969-6372*8_969-6186*8_969-5835*8_969-6371*8_969-617*8_969-616*8_969-618*8_969-6008*8_969-615*8_969-619*8_969-779*8_969-807*8_969-6370*8_969-614*8_969-620*8_969-613*8_969-621*8_969-6185*8_969-6369*8_969-5834*8_969-612*8_969-622*8_969-778*8_969-808*8_969-952*8_969-5672*8_969-6368*8_969-5671*8_969-6007*8_969-611*8_969-623*8_969-5670*8_969-5669*8_969-610*8_969-624*8_969-5668*8_969-6184*8_969-5833*8_969-6367*8_969-5667*8_969-625*8_969-777*8_969-809*8_969-5666*8_969-6006*8_969-6366*8_969-626*8_969-5832*8_969-5665*8_969-6183*8_969-6365*8_969-627*8_969-950*8_969-6364*8_969-6182*8_969-628*8_969-6363*8_2720-5935*7_2720-2896*7_2720-5936*7_2720-2895*7_2720-2897*7_2720-5753*7_2720-2894*7_2720-2898*7_2720-5754*7_2720-2893*7_2720-2899*7_2720-5755*7_2720-2892*7_2720-5756*7_2720-2711*7_2720-5937*7_2720-2891*7_2720-2901*7_2720-5757*7_2720-2710*7_2720-2890*7_2720-5758*7_2720-5938*7_2720-2889*7_2720-2903*7_2720-5759*7_2720-2709*7_2720-5939*7_2720-2888*7_2720-2904*7_2720-5760*7_2720-2708*7_2720-5940*7_2720-2887*7_2720-2905*7_2720-5761*7_2720-6113*7_2720-2886*7_2720-2906*7_2720-5762*7_2720-6114*7_2720-2707*7_2720-5941*7_2720-2533*7_2720-2885*7_2720-2907*7_2720-5763*7_2720-6115*7_2720-2706*7_2720-5942*7_2720-2532*7_2720-2884*7_2720-2908*7_2720-5764*7_2720-6116*7_2720-2705*7_2720-5943*7_2720-2531*7_2720-2883*7_2720-2909*7_2720-5765*7_2720-6117*7_2720-2704*7_2720-3072*7_2720-5576*7_2720-5944*7_2720-3071*7_2720-3073*7_2720-5575*7_2720-5577*7_2720-2530*7_2720-2882*7_2720-2910*7_2720-3070*7_2720-3074*7_2720-5574*7_2720-5578*7_2720-5766*7_2720-6118*7_2720-3069*7_2720-3075*7_2720-5573*7_2720-5579*7_2720-3068*7_2720-3076*7_2720-5572*7_2720-5580*7_2720-3067*7_2720-3077*7_2720-5571*7_2720-5581*7_2720-2529*7_2720-2703*7_2720-2881*7_2720-2911*7_2720-5767*7_2720-5945*7_2720-6119*7_2720-3066*7_2720-3078*7_2720-5570*7_2720-5582*7_2720-3065*7_2720-3079*7_2720-5569*7_2720-5583*7_2720-2528*7_2720-2880*7_2720-2912*7_2720-3064*7_2720-3080*7_2720-5568*7_2720-5584*7_2720-5768*7_2720-6120*7_2720-6288*7_2720-2702*7_2720-5946*7_2720-3063*7_2720-5567*7_2720-5585*7_2720-2527*7_2720-2879*7_2720-2913*7_2720-6121*7_2720-5586*7_2720-2701*7_2720-5587*7_2720-2878*7_7767-7756*10_7767-7755*10_7767-7582*10_7767-7581*10_7767-7754*10_7767-509*10_7767-7580*10_7767-7932*10_7767-508*10_7767-7753*10_7767-7579*10_7767-7931*10_7767-507*10_7767-344*10_7767-7752*10_7767-343*10_7767-345*10_7767-342*10_7767-346*10_7767-7578*10_7767-7930*10_7767-341*10_7767-347*10_7767-340*10_7767-348*10_7767-506*10_7767-339*10_7767-349*10_7767-7415*10_7767-7751*10_7767-7577*10_7767-7929*10_7767-338*10_7767-350*10_7767-7411*10_7767-337*10_7767-351*10_7767-505*10_7767-7410*10_7767-336*10_7767-7576*10_7767-7750*10_7767-7928*10_7767-679*10_7767-7409*10_7767-504*10_7767-7408*10_7767-335*10_7767-7407*10_7767-7575*10_7767-7927*10_7767-7749*10_7767-334*10_7767-7406*10_7767-503*10_7767-7574*10_7767-7926*10_7767-7405*10_7767-332*10_7767-7925*10_967-776*8_967-5664*8_967-609*8_967-608*8_967-5663*8_967-607*8_967-775*8_967-949*8_967-5662*8_967-606*8_967-5831*8_967-605*8_967-604*8_967-773*8_2538-5566*7_2538-5565*7_2538-5564*7_2538-5563*7_2538-2354*7_2538-5562*7_2538-2526*7_2538-2353*7_2538-5561*7_2538-2352*7_2538-5560*7_2538-2525*7_2538-5559*7_2538-2351*7_2538-2524*7_2538-5558*7_2538-2350*7_2538-2523*7_2538-2349*7_2538-2522*7_2538-2348*7_2538-2700*7_2538-2347*7_2538-2521*7_2538-2699*7_2538-2346*7_2538-2698*7_2538-2520*7_2538-5392*7_2538-5391*7_2538-5390*7_2538-5395*7_2538-5388*7_2538-5387*7_2538-5397*7_2538-2345*7_2538-5386*7_2538-2344*7_2538-5382*7_5807-3943*7_5807-3942*7_3769-3590*7_3769-3589*7_3769-3588*7_3769-5790*7_3769-5789*7_867-678*8_867-677*8_867-676*8_867-850*8_867-675*8_867-7244*8_981-810*7_981-811*7_981-812*7_981-6551*7_981-813*7_981-6549*7_981-6548*7_981-814*7_981-6547*7_981-6546*7_981-815*7_981-6545*7_981-816*7_981-6544*7_981-6543*7_981-6362*7_981-817*7_981-6542*7_981-818*7_981-6361*7_981-6541*7_981-629*7_981-630*7_981-631*7_981-819*7_981-632*7_981-6360*7_981-6540*7_981-633*7_981-634*7_981-820*7_981-6539*7_981-635*7_981-6359*7_981-636*7_981-6538*7_981-637*7_981-821*7_981-6358*7_981-638*7_981-6537*7_981-6357*7_981-6536*7_5962-5961*7_5962-3423*7_5962-3422*7_5962-5959*7_5962-3421*7_5962-5958*7_5962-3420*7_5962-5957*7_5962-3419*7_5962-5956*7_5962-3418*7_5962-5955*7_5962-3417*7_5962-5786*7_5962-5954*7_5962-5785*7_5962-5787*7_5962-3416*7_5962-5784*7_5962-5788*7_5962-5783*7_5962-5782*7_5962-5953*7_5962-3415*7_5962-5781*7_5962-3248*7_5962-5780*7_5962-5952*7_5962-3247*7_5962-3249*7_5962-3246*7_5962-3250*7_5962-3414*7_5962-3245*7_5962-3251*7_5962-5779*7_5962-3244*7_5962-3252*7_5962-5951*7_5962-3243*7_5962-3253*7_5962-3413*7_5962-5778*7_5962-3242*7_5962-3254*7_5962-5950*7_5962-5777*7_5962-3412*7_5962-3241*7_5962-3240*7_5962-3256*7_5962-5776*7_5962-6128*7_5962-5949*7_5962-3411*7_5962-3239*7_5962-5775*7_5962-6127*7_5962-3238*7_5962-3410*7_5962-3587*7_5962-5774*7_5962-6126*7_5962-3237*7_5962-3409*7_5962-3586*7_5962-5773*7_5962-3236*7_5962-5610*7_5962-5609*7_5962-5611*7_5962-3408*7_5962-5608*7_5962-5612*7_5962-5772*7_5962-3585*7_5962-5607*7_5962-5613*7_5962-3235*7_5962-5606*7_5962-5614*7_5962-5605*7_5962-5615*7_5962-3584*7_5962-5604*7_5962-5616*7_5962-3407*7_5962-3234*7_5962-3766*7_5962-5603*7_5962-5617*7_5962-3765*7_5962-5618*7_5962-5770*7_5962-3233*7_5962-5601*7_5962-5619*7_5962-3764*7_5962-3582*7_5962-3405*7_5533-5531*8_5533-5529*8_5533-1648*8_5533-1647*8_5533-1649*8_5533-1646*8_5533-1650*8_5533-1645*8_5533-5527*8_5533-1644*8_5533-1818*8_5533-5526*8_5533-1643*8_5533-1817*8_5533-1642*8_5533-5357*8_5533-5525*8_5533-5356*8_5533-5358*8_5533-5355*8_5533-5359*8_5533-1816*8_5533-5354*8_5533-5360*8_5533-1641*8_5533-5353*8_5533-5361*8_5533-5524*8_5533-1640*8_5533-5352*8_5533-5362*8_5533-1815*8_5533-5351*8_5533-5363*8_5533-5523*8_5533-1639*8_5533-1814*8_5533-5350*8_5533-5364*8_5533-5522*8_5533-1638*8_5533-5349*8_5533-5365*8_5533-1813*8_5533-5521*8_5533-5348*8_5533-5366*8_5533-1637*8_5533-1812*8_5533-5347*8_5533-1472*8_5533-1636*8_5533-5520*8_5533-1471*8_5533-1473*8_5533-1470*8_5533-1469*8_5533-1811*8_5533-1468*8_5533-1992*8_5533-5346*8_5533-5368*8_5533-1467*8_5533-1635*8_5533-5519*8_5533-1991*8_5533-1466*8_5533-1810*8_5533-5345*8_5533-5369*8_5533-1465*8_5533-1634*8_5533-1990*8_5533-5518*8_5533-1464*8_5533-5344*8_5533-5370*8_5533-1809*8_5533-1989*8_5533-1463*8_5533-1633*8_5533-5181*8_5533-5180*8_5533-5182*8_5533-5179*8_5533-5183*8_5533-5343*8_5533-1808*8_5533-1988*8_5533-5178*8_5533-5184*8_5533-1462*8_5533-5177*8_5533-5185*8_5533-1632*8_5533-5176*8_5533-5186*8_5533-5342*8_5533-5372*8_5533-1461*8_5533-1987*8_5533-5175*8_5533-5187*8_5533-1807*8_5533-5174*8_5533-1460*8_5533-1631*8_5533-1986*8_5533-5173*8_5533-5189*8_5533-5373*8_5533-5515*8_5533-1806*8_5533-1459*8_5533-1985*8_5533-5340*8_5533-5171*8_5533-5191*8_5533-1984*8_793-6005*9_793-6004*9_793-6003*9_793-6181*9_793-5830*9_793-6180*9_793-6002*9_793-5829*9_793-6179*9_793-5828*9_793-6001*9_793-6178*9_793-5827*9_793-441*9_793-440*9_793-442*9_793-6000*9_793-439*9_793-443*9_793-603*9_793-438*9_793-444*9_793-437*9_793-445*9_793-6177*9_793-5826*9_793-436*9_793-446*9_793-602*9_793-5999*9_793-435*9_793-447*9_793-5661*9_793-434*9_793-448*9_793-5660*9_793-6176*9_793-5825*9_793-5659*9_793-433*9_793-449*9_793-5658*9_793-5824*9_793-6175*9_793-5656*9_793-431*9_793-774*9_793-5997*9_793-5655*9_793-6174*9_793-598*9_3598-3763*7_3598-3762*7_3598-5620*7_3598-5621*7_3598-3583*7_3598-5622*7_3598-3761*7_3598-5623*7_3598-3760*7_3598-5624*7_3598-5625*7_3598-3581*7_3598-3759*7_3598-5626*7_3598-5627*7_3598-3406*7_3598-3758*7_3598-3580*7_3598-3941*7_3598-5628*7_3598-3757*7_3598-3940*7_3598-3579*7_3598-3404*7_3598-5630*7_3598-3937*7_3947-3939*8_3947-3938*8_3947-3936*8_3947-5631*8_3947-5629*8_3947-3935*8_3947-3934*8_3947-3933*8_3947-3932*8_3947-3931*8_3947-3756*8_3947-3930*8_3947-3755*8_3947-3929*8_3947-3928*8_3947-5455*8_3947-5454*8_3947-5453*8_3947-3752*8_6636-2916*4_6636-2915*4_6636-2914*4_5586-5588*8_5586-5589*8_5586-2877*8_5586-5590*8_5586-2876*8_5586-5591*8_5586-2875*8_5586-3056*8_5586-5592*8_5586-3055*8_5586-3057*8_5586-2874*8_5586-3054*8_5586-3058*8_5586-3053*8_5586-3059*8_5586-5593*8_5586-3052*8_5586-3060*8_5586-2873*8_5586-3051*8_5586-3061*8_5586-5410*8_5586-5594*8_5586-5409*8_5586-5411*8_5586-2872*8_5586-5408*8_5586-5412*8_5586-3050*8_5586-3062*8_5586-5407*8_5586-5413*8_5586-5406*8_5586-5414*8_5586-5595*8_5586-2871*8_5586-3049*8_5586-5405*8_5586-5415*8_5586-3048*8_5586-5404*8_5586-5416*8_5586-5596*8_5586-2870*8_5586-5403*8_5586-5417*8_5586-5769*8_5586-3047*8_5586-5597*8_5586-2869*8_5586-5402*8_5586-5418*8_5586-3046*8_5586-5598*8_5586-5401*8_5586-5419*8_5586-5771*8_5586-2868*8_5586-2697*8_5586-3045*8_5586-2696*8_5586-5400*8_5586-5420*8_5586-5599*8_5586-2867*8_5586-3044*8_5586-2695*8_5586-5399*8_5586-5421*8_5586-3232*8_5586-5600*8_5586-3231*8_5586-2694*8_5586-2866*8_5586-3230*8_5586-3043*8_5586-3229*8_5586-5398*8_5586-5422*8_5586-3228*8_5586-2693*8_5586-3227*8_5586-2865*8_5586-3042*8_5586-3226*8_5586-5423*8_5586-2692*8_5586-3225*8_5586-5234*8_5586-5602*8_5586-5233*8_5586-5235*8_5586-2864*8_5586-3224*8_5586-5232*8_5586-5236*8_5586-5396*8_5586-5424*8_5586-3041*8_5586-5231*8_5586-5237*8_5586-2691*8_5586-5230*8_5586-5238*8_5586-3223*8_5586-5229*8_5586-5239*8_5586-5425*8_5586-3040*8_5586-5228*8_5586-5240*8_5586-2863*8_5586-2690*8_5586-3222*8_5586-5241*8_5586-3221*8_5586-5226*8_5586-5394*8_5586-2689*8_5586-3220*8_5586-3038*8_1295-1294*8_1295-1293*8_1295-1292*8_1295-1291*8_1295-5508*8_1295-1290*8_1295-1289*8_1295-1288*8_1295-5336*8_1295-5335*8_1295-5337*8_1295-5334*8_1295-5338*8_1295-5333*8_1295-5339*8_1295-1119*8_1295-1287*8_1295-1118*8_1295-1120*8_1295-5332*8_1295-5504*8_1295-1117*8_1295-1116*8_1295-5331*8_1295-5341*8_1295-1115*8_1295-1286*8_1295-5503*8_1295-5330*8_1295-1114*8_1295-5329*8_1295-1113*8_1295-1285*8_1295-5502*8_1295-1112*8_1295-5328*8_1295-1284*8_1295-5501*8_1295-1111*8_1295-5327*8_1295-1283*8_1295-1110*8_1295-5500*8_1295-5326*8_1295-1109*8_1295-1282*8_1295-5325*8_1295-5499*8_1295-1108*8_1295-5324*8_1295-1281*8_1295-5498*8_1295-1107*8_1295-5323*8_1295-1280*8_1295-5160*8_1295-5159*8_1295-5161*8_1295-5497*8_1295-5158*8_1295-1106*8_1295-5163*8_1295-5322*8_1295-5155*8_1295-942*8_1295-944*8_1295-941*8_1295-945*8_1295-1105*8_1295-5154*8_1295-940*8_1295-939*8_1295-938*8_1295-5152*8_1295-935*8_7760-7748*10_7760-7747*10_7760-333*10_7760-7573*10_7760-7746*10_7760-7572*10_7760-7924*10_7760-7745*10_7760-331*10_7760-7571*10_7760-7923*10_7760-168*10_7760-7744*10_7760-167*10_7760-169*10_7760-166*10_7760-170*10_7760-330*10_7760-7570*10_7760-7922*10_7760-165*10_7760-171*10_7760-164*10_7760-172*10_7760-7404*10_7760-163*10_7760-173*10_7760-7403*10_7760-329*10_7760-7569*10_7760-7921*10_7760-162*10_7760-174*10_7760-7402*10_7760-161*10_7760-175*10_7760-7401*10_7760-160*10_7760-328*10_7760-7568*10_7760-7920*10_7760-502*10_7760-7399*10_7760-7398*10_7760-326*10_7760-7395*10_2878-5227*8_2878-5225*8_2878-2862*8_2878-2688*8_2878-5224*8_2878-5393*8_2878-5223*8_2878-2687*8_2878-2861*8_2878-3039*8_2878-5222*8_2878-5242*8_2878-2519*8_2878-5221*8_2878-2518*8_2878-2860*8_2878-5244*8_2878-3037*8_2878-2859*8_2878-5245*8_2878-5218*8_2878-2858*8_1460-1458*9_1460-1457*9_1460-1456*9_1460-5168*9_1460-5167*9_1460-5169*9_1460-5166*9_1460-5170*9_1460-1455*9_1460-5165*9_1460-5164*9_1460-5172*9_1460-1454*9_1460-1453*9_1460-5162*9_1460-1452*9_1460-1451*9_1460-1279*9_1460-1278*9_1460-1450*9_1460-1630*9_1460-1277*9_1460-1629*9_1460-1449*9_1460-1276*9_1460-1628*9_1460-5157*9_1460-1448*9_1460-4992*9_1460-1275*9_1460-1627*9_1460-4991*9_1460-4993*9_1460-4990*9_1460-4994*9_1460-4989*9_1460-4995*9_1460-4988*9_1460-4996*9_1460-5156*9_1460-1274*9_1460-1626*9_1460-1447*9_1460-4987*9_1460-4997*9_1460-4986*9_1460-4998*9_1460-1273*9_1460-1625*9_1460-4985*9_1460-4999*9_1460-1446*9_1460-1272*9_1460-1624*9_1460-4984*9_1460-5000*9_1460-1445*9_1460-4983*9_1460-5001*9_1460-1271*9_1460-1623*9_1460-5153*9_1460-4982*9_1460-5002*9_1460-1444*9_1460-1270*9_1460-1622*9_1460-4981*9_1460-5003*9_1460-1104*9_1460-1103*9_1460-4980*9_1460-5004*9_1460-1269*9_1460-1443*9_1460-1621*9_1460-1102*9_1460-1101*9_1460-1805*9_1460-5151*9_1460-4979*9_1460-5005*9_1460-1100*9_1460-1268*9_1460-1620*9_1460-1804*9_1460-1442*9_1460-1803*9_1460-4978*9_1460-5006*9_1460-1267*9_1460-1619*9_1460-1098*9_1460-1441*9_1460-5149*9_1460-4813*9_1460-1265*9_6187-6356*9_6187-450*9_6187-6355*9_6187-451*9_6187-452*9_6187-6354*9_6187-453*9_6187-454*9_6187-6353*9_6187-455*9_6187-456*9_6187-6352*9_6187-6173*9_6187-457*9_6187-6351*9_6187-458*9_6187-6172*9_6187-5998*9_6187-6350*9_6187-639*9_6187-459*9_6187-6171*9_6187-6349*9_6187-460*9_6187-640*9_6187-6535*9_6187-6534*9_6187-5996*9_6187-6170*9_6187-6348*9_6187-461*9_6187-641*9_6187-462*9_6187-5995*9_6187-6347*9_6187-6531*9_6187-6169*9_6187-642*9_6187-5994*9_6187-6168*9_6187-273*9_6187-274*9_6187-275*9_6187-6528*9_6187-266*9_6187-6526*9_515-7400*11_515-501*11_515-327*11_515-500*11_515-7397*11_515-499*11_515-325*11_515-7396*11_515-159*11_515-158*11_515-324*11_515-498*11_515-157*11_515-156*11_515-7394*11_515-155*11_515-323*11_515-497*11_515-154*11_515-7393*11_515-322*11_515-674*11_515-153*11_515-7232*11_515-7233*11_515-7235*11_515-321*11_515-151*11_5766-5947*8_5766-5948*8_5766-6122*8_5766-6123*8_5766-6124*8_5766-3081*8_5766-6125*8_5766-3082*8_5766-3083*8_7270-7089*8_7270-1192*8_7270-1191*8_7270-7086*8_7270-1190*8_7270-7085*8_7270-7084*8_7270-7083*8_7270-1022*8_7270-1021*8_7270-7082*8_7270-1020*8_7270-1019*8_7270-1018*8_7270-7081*8_7270-1017*8_7270-1016*8_7270-1015*8_7270-7079*8_7270-1013*8_6182-272*9_6182-271*9_6182-270*9_6182-269*9_6182-6346*9_6182-268*9_6182-276*9_6182-267*9_6182-277*9_6182-6167*9_6182-278*9_6182-5993*9_6182-6345*9_6182-265*9_6182-279*9_6182-6166*9_6182-6533*9_6182-264*9_6182-280*9_6182-5992*9_6182-6344*9_6182-6532*9_6182-463*9_6182-6530*9_6182-263*9_6182-281*9_6182-6529*9_6182-5991*9_6182-6165*9_6182-6343*9_6182-432*9_6182-262*9_6182-282*9_6182-5823*9_6182-6527*9_6182-261*9_6182-283*9_6182-5822*9_6182-5990*9_6182-6342*9_6182-5821*9_6182-6525*9_6182-284*9_6182-6341*9_6182-5820*9_6182-430*9_6182-259*9_1631-1802*9_1631-5007*9_1631-1801*9_1631-1800*9_1631-5008*9_1631-1799*9_1631-5009*9_1631-1798*9_1631-5188*9_1631-5010*9_1631-1797*9_1631-1618*9_1631-5011*9_1631-1796*9_1631-5012*9_1631-1617*9_1631-5190*9_1631-1795*9_1631-5013*9_1631-1616*9_1631-4824*9_1631-4823*9_1631-4825*9_1631-4822*9_1631-4826*9_1631-1794*9_1631-4821*9_1631-4827*9_1631-4820*9_1631-4828*9_1631-5014*9_1631-4819*9_1631-4829*9_1631-1615*9_1631-1983*9_1631-1982*9_1631-5192*9_1631-1793*9_1631-1981*9_1631-4818*9_1631-4830*9_1631-1980*9_1631-1979*9_1631-4817*9_1631-4831*9_1631-5015*9_1631-1978*9_1631-1440*9_1631-1614*9_1631-1792*9_1631-4816*9_1631-4832*9_1631-5193*9_1631-1977*9_1631-1976*9_1631-5016*9_1631-4815*9_1631-4833*9_1631-1439*9_1631-1975*9_1631-1613*9_1631-4814*9_1631-4834*9_1631-5194*9_1631-1974*9_1631-5017*9_1631-4835*9_1631-1973*9_1631-4836*9_1631-1437*9_1631-1789*9_1631-4837*9_3063-5427*8_3063-5428*8_3063-5430*8_1029-7251*8_1029-846*8_1029-845*8_1029-844*8_1029-843*8_1029-7080*8_1029-7078*8_1029-7077*8_1029-842*8_1029-7076*8_1029-7075*8_1029-7074*8_1029-841*8_1029-7073*8_1029-1014*8_1029-840*8_1029-7072*8_1029-7071*8_1029-839*8_1029-838*8_1029-1011*8_5838-601*10_5838-5657*10_5838-600*10_5838-599*10_5838-5654*10_5838-5653*10_5838-772*10_5838-597*10_5838-5652*10_5838-771*10_5838-596*10_5838-5651*10_5838-770*10_5838-429*10_5838-595*10_5838-5650*10_5838-428*10_5838-427*10_5838-769*10_5838-426*10_5838-594*10_5838-5649*10_5838-948*10_5838-425*10_5838-5486*10_5838-5485*10_5838-5487*10_5838-424*10_5838-768*10_5838-5484*10_5838-5488*10_5838-5648*10_5838-593*10_5838-5483*10_5838-5489*10_5838-947*10_5838-5482*10_5838-5490*10_5838-423*10_5838-5481*10_5838-5491*10_5838-5647*10_5838-592*10_5838-5480*10_5838-5492*10_5838-767*10_5838-422*10_5838-946*10_5838-5479*10_5838-421*10_5838-5478*10_5838-5494*10_5838-5646*10_5838-591*10_5838-5477*10_5838-5645*10_5838-5476*10_5838-590*10_5838-765*10_5838-5474*10_5838-417*10_5838-416*10_5593-5426*9_5593-5429*9_5593-3219*9_5593-3218*9_5593-3403*9_5593-5243*9_5593-5431*9_5593-3402*9_5593-3217*9_5593-3401*9_5593-5246*9_5593-3400*9_5593-5432*9_5593-5247*9_5593-3216*9_5593-5248*9_5593-3399*9_5593-5249*9_5593-5433*9_5593-3398*9_5593-3215*9_5593-3397*9_5593-5251*9_5593-3214*9_5006-1791*10_5006-1790*10_5006-1972*10_5006-1971*10_5006-4838*10_5006-1970*10_5006-5018*10_5006-4839*10_5006-1788*10_5006-1969*10_5006-1968*10_5006-4840*10_5006-5019*10_5006-1787*10_5006-1612*10_5006-1967*10_5006-4841*10_5006-5020*10_5006-1786*10_5006-1966*10_5006-1611*10_5006-4842*10_5006-1965*10_5006-5021*10_5006-1785*10_5006-1610*10_5006-4843*10_5006-5195*10_5006-1964*10_5006-4654*10_5006-5022*10_5006-4653*10_5006-4655*10_5006-1784*10_5006-4652*10_5006-4656*10_5006-4844*10_5006-5196*10_5006-1609*10_5006-4651*10_5006-4657*10_5006-1963*10_5006-4650*10_5006-4658*10_5006-4649*10_5006-4659*10_5006-4845*10_5006-5023*10_5006-4648*10_5006-1783*10_5006-1962*10_5006-4647*10_5006-4661*10_5006-4662*10_5006-1607*10_5006-2151*10_5006-1782*10_5006-2149*10_5006-2155*10_5006-2148*10_5006-1435*10_5006-1781*10_7264-1012*8_7264-7249*8_7264-848*8_7264-7248*8_7264-847*8_7264-849*8_7264-1010*8_7264-7247*8_7264-7246*8_612-5819*9_5673-5496*8_612-5818*9_5673-5495*8_5673-5493*8_5673-943*8_612-5817*9_612-260*9_612-258*9_612-256*9_5419-5250*9_5419-5252*9_5419-3213*9_5419-3036*9_5419-5253*9_5419-3212*9_5419-3035*9_5419-3396*9_5419-5254*9_5419-3211*9_5419-3395*9_5419-3034*9_5419-3394*9_5419-5255*9_5419-3393*9_5419-3210*9_5419-5434*9_5419-3392*9_5419-5256*9_5419-3033*9_5419-3209*9_5419-3391*9_5419-5067*9_5419-5435*9_5419-5066*9_5419-5068*9_5419-5065*9_5419-5069*9_5419-5257*9_5419-3032*9_5419-5064*9_5419-5070*9_5419-3390*9_5419-5063*9_5419-5071*9_5419-3208*9_5419-5062*9_5419-5072*9_5419-5258*9_5419-5436*9_5419-3389*9_5419-5061*9_5419-5073*9_5419-3031*9_5419-5060*9_5419-5074*9_5419-3388*9_5419-3207*9_5419-5059*9_5419-5075*9_5419-5259*9_5419-5437*9_5419-3030*9_5419-5076*9_5419-3387*9_5419-2857*9_5419-3206*9_5419-5260*9_5419-5057*9_5419-5077*9_5419-3386*9_5419-5056*9_5419-3205*9_5419-3385*9_5419-5439*9_5419-3028*9_1441-1438*10_1441-4812*10_1441-4811*10_1441-4810*10_1441-4809*10_1441-1264*10_1441-1266*10_1441-4808*10_1441-1263*10_1441-1262*10_1441-1261*10_1441-4807*10_1441-1260*10_1441-4806*10_1441-4805*10_4832-4663*10_4832-1960*10_5414-5058*9_5414-2856*9_5414-5055*9_5414-2685*9_7250-7245*8_7250-7243*8_7250-7242*8_7250-7070*8_7250-7241*8_7250-7069*8_7250-672*8_7250-7068*8_7250-7240*8_7250-671*8_7250-673*8_7250-670*8_7250-669*8_7250-7067*8_7250-668*8_7250-7239*8_7250-667*8_7250-837*8_7250-7066*8_7250-666*8_7250-7238*8_7250-7065*8_7250-836*8_7250-665*8_7250-664*8_7250-7064*8_7250-7237*8_7250-835*8_7250-663*8_7250-7063*8_7250-7236*8_7250-662*8_7250-834*8_7250-7062*8_7250-661*8_7250-833*8_7250-7061*8_7250-660*8_7250-6898*8_7250-7234*8_7250-6897*8_7250-6899*8_7250-832*8_7250-6896*8_7250-6900*8_7250-7060*8_7250-1009*8_7250-6895*8_7250-6901*8_7250-659*8_7250-6894*8_7250-6902*8_7250-6893*8_7250-6903*8_7250-7059*8_7250-1008*8_7250-6904*8_7250-6905*8_7250-6890*8_7250-496*8_7250-495*8_7250-494*8_7250-830*8_7250-493*8_7250-492*8_7250-491*8_7250-7057*8_7250-490*8_7250-7231*8_7250-489*8_7250-488*8_6005-257*10_6005-5816*10_6005-255*10_6005-5989*10_6005-5815*10_6005-254*10_6005-5814*10_6005-5988*10_6005-253*10_6005-252*10_6005-5813*10_6005-5987*10_6005-5644*10_6005-251*10_6005-5812*10_6005-6164*10_6005-250*10_6005-5811*10_6005-6163*10_6476-3093*6_6476-3092*6_6476-3091*6_6476-3090*6_6476-3089*6_6476-6297*6_6476-3088*6_6476-6296*6_6476-6295*6_6476-3087*6_6476-6294*6_6476-6293*6_6476-3086*6_6476-6292*6_6476-3085*6_167-152*12_167-7392*12_1965-1961*11_1965-4666*11_4654-1780*11_1965-4668*11_4654-1779*11_1965-4846*11_1965-4669*11_4654-1778*11_1965-4847*11_1965-4670*11_1965-2141*11_1965-2140*11_1965-2142*11_1965-2139*11_1965-2143*11_1965-2138*11_1965-2144*11_1965-4848*11_1965-4671*11_1965-2137*11_1965-2145*11_4654-4478*11_4654-4477*11_4654-4476*11_1965-2136*11_1965-2146*11_1965-4672*11_1965-4849*11_1965-2135*11_1965-2147*11_4654-1775*11_1965-4850*11_1965-4851*11_1965-2150*11_5827-5643*10_5827-5642*10_5827-420*10_5827-5641*10_5827-249*10_5827-419*10_5827-248*10_5827-5640*10_5827-247*10_5827-418*10_5827-5639*10_5827-246*10_5827-5638*10_5827-245*10_5827-5475*10_5827-5473*10_5827-5637*10_5827-244*10_5827-5472*10_5827-5471*10_5827-5470*10_5827-5636*10_5827-5810*10_5827-243*10_5827-5469*10_5827-415*10_5827-5468*10_5827-242*10_5827-5467*10_5827-5635*10_5827-5809*10_5827-414*10_5827-5466*10_5827-5634*10_5827-80*10_5827-5808*10_5827-79*10_5827-77*10_5827-83*10_5827-413*10_5827-76*10_5827-84*10_5827-75*10_5827-5985*10_5827-86*10_5827-72*10_5827-588*10_155-150*12_155-149*12_155-148*12_155-147*12_155-146*12_155-145*12_155-144*12_155-7216*12_155-7217*12_155-7218*12_155-7219*12_155-7220*12_155-143*12_155-7221*12_155-7222*12_155-142*12_155-7223*12_155-320*12_155-7224*12_155-141*12_155-140*12_5390-5389*8_5390-2517*8_5390-2516*8_5390-5385*8_5390-2515*8_5390-5384*8_5390-2343*8_5390-2342*8_5390-2514*8_5390-2341*8_5390-5383*8_5390-2340*8_5390-2513*8_5390-2339*8_5390-5214*8_5390-5213*8_5390-5215*8_5390-2512*8_5390-5212*8_5390-5216*8_5390-2338*8_5390-5211*8_5390-5217*8_5390-5210*8_5390-5381*8_5390-2337*8_5390-2511*8_5390-5209*8_5390-5219*8_5390-2336*8_5390-5208*8_5390-5220*8_5390-5380*8_5390-2510*8_5390-5207*8_5390-2335*8_5390-5379*8_5390-2509*8_5390-5206*8_5390-2334*8_5390-5378*8_5390-5205*8_5390-2508*8_5390-2333*8_5390-5204*8_5390-5377*8_5390-2507*8_5390-2332*8_5390-5203*8_5390-2168*8_5390-5376*8_5390-2167*8_5390-2169*8_5390-2166*8_5390-2506*8_5390-2686*8_5390-2165*8_5390-2331*8_5390-5202*8_5390-2164*8_5390-2163*8_5390-5375*8_5390-2505*8_5390-2162*8_5390-2330*8_5390-5201*8_5390-2684*8_5390-2161*8_5390-5038*8_5390-5374*8_5390-5037*8_5390-5039*8_5390-2160*8_5390-2504*8_5390-5036*8_5390-5040*8_5390-5200*8_5390-2329*8_5390-5035*8_5390-5041*8_5390-2683*8_5390-5034*8_5390-5042*8_5390-2159*8_5390-5033*8_5390-5043*8_5390-5199*8_5390-2328*8_5390-5032*8_5390-5044*8_5390-2503*8_5390-2158*8_5390-2682*8_5390-5031*8_5390-5045*8_5390-2157*8_5390-5030*8_5390-2681*8_5390-5029*8_5390-5197*8_5390-2680*8_5390-5028*8_5390-5048*8_5390-2326*8_5390-2501*8_5390-2325*8_5480-589*11_5480-587*11_5480-586*11_5480-585*11_5480-584*11_5480-5304*11_5480-5303*11_5480-5305*11_5480-5302*11_5480-5306*11_5480-5301*11_5480-5307*11_5480-5300*11_5480-5308*11_5480-583*11_5480-5299*11_5480-5309*11_5480-582*11_5480-5298*11_5480-5310*11_5480-581*11_5480-580*11_5480-579*11_2346-5198*8_2346-2156*8_2346-2154*8_4980-4977*10_4980-1096*10_4980-4976*10_4980-1095*10_4980-1097*10_4980-1094*10_4980-1093*10_4980-1099*10_4980-4975*10_4980-1092*10_4980-4974*10_4980-1091*10_4980-4973*10_4980-1090*10_4980-4804*10_4980-4972*10_4980-1089*10_4980-4803*10_4980-4802*10_4980-4801*10_4980-1088*10_4980-4800*10_4980-4971*10_4980-4799*10_4980-1087*10_4980-4798*10_4980-4970*10_4980-5150*10_4980-4797*10_4980-1086*10_4980-4969*10_4980-4796*10_4980-5148*10_4980-1085*10_4980-920*10_4980-4968*10_4980-919*10_4980-921*10_4980-4795*10_4980-5147*10_4980-918*10_4980-922*10_4980-917*10_4980-923*10_4980-916*10_4980-924*10_4980-1084*10_4980-4794*10_4980-5146*10_4980-915*10_4980-925*10_4980-4967*10_4980-914*10_4980-926*10_4980-1083*10_4980-1259*10_4980-4793*10_4980-5145*10_4980-913*10_4980-927*10_4980-4966*10_4980-912*10_4980-928*10_4980-4792*10_4980-5144*10_4980-1082*10_4980-1258*10_4980-911*10_4980-929*10_4980-4965*10_4980-4791*10_4980-5143*10_4980-1081*10_4980-1257*10_4980-910*10_4980-930*10_4980-4628*10_4980-4964*10_4980-4627*10_4980-4629*10_4980-4626*10_4980-4630*10_4980-4790*10_4980-5142*10_4980-909*10_4980-931*10_4980-4625*10_4980-4631*10_4980-1080*10_4980-1256*10_4980-4624*10_4980-4632*10_4980-4623*10_4980-4633*10_4980-908*10_4980-932*10_4980-1436*10_4980-4789*10_4980-4963*10_4980-5141*10_4980-4622*10_4980-4634*10_4980-1079*10_4980-1255*10_4980-4621*10_4980-4635*10_4980-907*10_4980-933*10_4980-4620*10_4980-4636*10_4980-4788*10_4980-5140*10_4980-4962*10_4980-4619*10_4980-4637*10_4980-906*10_4980-934*10_4980-1078*10_4980-1254*10_4980-1434*10_4980-4787*10_4980-4618*10_4980-4638*10_4980-4961*10_4980-1433*10_4980-4639*10_4980-904*10_4980-745*10_4980-741*10_3386-3384*10_3386-5080*10_3386-5079*10_3386-5081*10_3386-5078*10_3386-5082*10_3386-3383*10_3386-5083*10_3386-3382*10_3386-5084*10_3386-3381*10_3386-5085*10_3386-3380*10_3386-5086*10_3386-3379*10_3386-5087*10_3386-5261*10_3386-3378*10_3386-3562*10_3386-3561*10_3386-3563*10_3386-3560*10_3386-3564*10_3386-5088*10_3386-5262*10_3386-3559*10_3386-3565*10_3386-3558*10_3386-3566*10_3386-3377*10_3386-5089*10_3386-5263*10_3386-3557*10_3386-3567*10_3386-3204*10_3386-3376*10_3386-3556*10_3386-3568*10_3386-4904*10_3386-5264*10_3386-4903*10_3386-4905*10_3386-4902*10_3386-4906*10_3386-5090*10_3386-4901*10_3386-4907*10_3386-3203*10_3386-3555*10_3386-3569*10_3386-4900*10_3386-4908*10_3386-5265*10_3386-3375*10_3386-4899*10_3386-4909*10_3386-5091*10_3386-3202*10_3386-3554*10_3386-3570*10_3386-4898*10_3386-4910*10_3386-5266*10_3386-3374*10_3386-3201*10_3386-3553*10_3386-3571*10_3386-5092*10_3386-4897*10_3386-4911*10_3386-5267*10_3386-3200*10_3386-3552*10_3386-3572*10_3386-4896*10_3386-4912*10_3386-3373*10_3386-5093*10_3386-5268*10_3386-4895*10_3386-4913*10_3386-3199*10_3386-3551*10_3386-3573*10_3386-3372*10_3386-4894*10_3386-4914*10_3386-5094*10_3386-5269*10_3386-3198*10_3386-3550*10_3386-3574*10_3386-4893*10_3386-4915*10_3386-3371*10_3386-5095*10_3386-5270*10_3386-5438*10_3386-3197*10_3386-3549*10_3386-3575*10_3386-4892*10_3386-4916*10_3386-3370*10_3386-3738*10_3386-3737*10_3386-3739*10_3386-3196*10_3386-3548*10_3386-3576*10_3386-3736*10_3386-3740*10_3386-5096*10_3386-5440*10_3386-5271*10_3386-3735*10_3386-3741*10_3386-4891*10_3386-4917*10_3386-3734*10_3386-3742*10_3386-5441*10_3386-3029*10_3386-3733*10_3386-3743*10_3386-3195*10_3386-3369*10_3386-3547*10_3386-3577*10_3386-3732*10_3386-3744*10_3386-5272*10_3386-5097*10_3386-4890*10_3386-4918*10_3386-5442*10_3386-3027*10_3386-3731*10_3386-3745*10_3386-3026*10_3386-3194*10_3386-3546*10_3386-3730*10_3386-3746*10_3386-3368*10_3386-4728*10_3386-4727*10_3386-4729*10_3386-4889*10_3386-4919*10_3386-5273*10_3386-4730*10_3386-5098*10_3386-4725*10_3386-4731*10_3386-3025*10_3386-3729*10_3386-4724*10_3386-4732*10_3386-4723*10_3386-4733*10_3386-3024*10_3386-3728*10_3386-3748*10_3386-4888*10_3386-4920*10_3386-4722*10_3386-3023*10_3386-3749*10_3386-4736*10_435-5986*10_435-82*10_435-81*10_435-85*10_435-87*10_435-78*10_435-88*10_435-5984*10_435-89*10_435-90*10_435-91*10_435-74*10_435-92*10_435-5633*10_435-93*10_4815-1432*11_4815-4640*11_4815-4641*11_4815-4642*11_4815-4643*11_4815-1431*11_4815-4644*11_4815-4645*11_4815-1430*11_4815-4646*11_4815-1429*11_4815-1428*11_4815-1608*11_4815-1253*11_4815-1427*11_4815-1606*11_4815-1252*11_4815-1426*11_4815-1605*11_4815-1251*11_4815-1604*11_4815-1425*11_4815-1250*11_4815-1603*11_4815-4463*11_4815-1424*11_4815-4462*11_4815-4464*11_4815-4461*11_4815-4465*11_4815-4460*11_4815-4466*11_4815-4459*11_4815-4467*11_4815-1249*11_4815-1602*11_4815-4458*11_4815-4468*11_4815-1423*11_4815-4457*11_4815-4469*11_4815-1248*11_4815-4470*11_4815-1601*11_4815-4455*11_4815-4471*11_4815-1422*11_4815-1600*11_4815-4454*11_4815-1247*11_4815-1077*11_4815-4473*11_4815-1421*11_4815-1599*11_5068-4887*10_5068-4886*10_5068-4885*10_5068-3022*10_5068-4884*10_5068-3021*10_5068-2855*10_5068-4883*10_5068-2854*10_5068-2853*10_5068-2852*10_5068-3020*10_5068-4882*10_5068-2851*10_5068-2850*10_5068-3019*10_5068-4881*10_5068-2849*10_5068-5054*10_5068-2848*10_5068-4880*10_5068-3018*10_5068-2847*10_5068-5053*10_5068-4879*10_5068-3017*10_5068-3193*10_5068-2846*10_5068-4716*10_5068-4715*10_5068-4717*10_5068-4714*10_5068-4718*10_5068-4878*10_5068-2845*10_5068-4713*10_5068-4719*10_5068-3016*10_5068-3192*10_5068-4712*10_5068-4720*10_5068-4711*10_5068-4721*10_5068-2844*10_5068-4877*10_5068-5051*10_5068-4710*10_5068-3015*10_5068-3191*10_5068-4709*10_5068-2843*10_5068-4708*10_5068-4876*10_5068-2842*10_5068-3014*10_5068-3190*10_5068-4726*10_6168-6162*11_6168-6161*11_6168-6160*11_6168-95*11_6168-97*11_6168-99*11_6168-100*11_6168-6340*11_6168-101*11_6168-6339*11_6168-102*11_6168-6338*11_6168-103*11_6168-6337*11_6168-104*11_6168-106*11_599-766*11_5455-3927*9_5455-3926*9_5455-5452*9_5455-3925*9_5455-5451*9_5455-3924*9_5455-5450*9_5455-3923*9_5455-5449*9_5455-3922*9_5455-5448*9_5455-3751*9_5455-3753*9_5455-3921*9_5455-3750*9_5455-3754*9_5455-5279*9_5455-5447*9_5455-3920*9_5455-5278*9_5455-5277*9_5455-5276*9_5455-3747*9_5455-5275*9_5455-5446*9_5455-3919*9_5455-5274*9_5455-5445*9_5455-3918*9_5455-3917*9_5455-5443*9_5455-3916*9_5455-3915*9_5455-3914*9_5455-3913*9_5455-5103*9_5455-3912*9_1297-5321*8_1297-936*8_2136-4673*12_2136-2134*12_2136-4674*12_2136-2133*12_2136-4675*12_2136-2132*12_2136-4676*12_2136-2131*12_2136-4667*12_2136-4677*12_2136-2130*12_2136-4678*12_2136-2129*12_2136-4665*12_2136-4679*12_2136-2128*12_2136-2312*12_2136-4496*12_2136-4664*12_2136-4680*12_2136-1959*12_2136-2311*12_2136-2313*12_2136-4495*12_2136-4497*12_2136-1958*12_2136-2310*12_2136-2314*12_2136-4494*12_2136-4498*12_2136-1957*12_2136-2309*12_2136-2315*12_2136-4493*12_2136-4499*12_2136-1956*12_2136-2308*12_2136-2316*12_2136-4492*12_2136-4500*12_2136-4852*12_2136-2127*12_2136-4681*12_2136-1955*12_2136-2307*12_2136-2317*12_2136-4491*12_2136-4501*12_2136-4853*12_2136-1954*12_2136-2126*12_2136-2306*12_2136-2318*12_2136-4490*12_2136-4502*12_2136-4682*12_2136-4854*12_2136-1953*12_2136-2305*12_2136-2319*12_2136-4489*12_2136-4503*12_2136-4855*12_2136-2125*12_2136-4683*12_2136-1952*12_2136-2304*12_2136-2320*12_2136-4488*12_2136-4504*12_2136-4856*12_2136-2124*12_2136-4660*12_2136-4684*12_2136-1951*12_2136-2303*12_2136-2321*12_2136-4487*12_2136-4505*12_2136-4857*12_2136-1950*12_2136-2302*12_2136-2322*12_2136-4486*12_2136-4506*12_2136-4858*12_2136-2123*12_2136-4685*12_2136-1949*12_2136-2301*12_2136-2323*12_2136-4485*12_2136-4507*12_2136-4859*12_2136-2122*12_2136-4686*12_2136-1948*12_2136-2300*12_2136-2324*12_2136-4484*12_2136-4508*12_2136-4860*12_2136-2121*12_2136-4687*12_2136-1947*12_2136-2299*12_2136-4483*12_2136-4509*12_2136-4861*12_2136-2120*12_2136-2152*12_2136-2488*12_2136-4320*12_2136-4688*12_2136-5024*12_2136-2487*12_2136-2489*12_2136-4319*12_2136-4321*12_2136-5025*12_2136-1946*12_2136-2298*12_2136-2486*12_2136-2490*12_2136-4318*12_2136-4322*12_2136-4482*12_2136-4510*12_2136-4862*12_2136-5026*12_2136-2485*12_2136-2491*12_2136-4317*12_2136-4323*12_2136-5027*12_2136-2484*12_2136-2492*12_2136-4316*12_2136-4324*12_2136-2483*12_2136-2493*12_2136-4315*12_2136-4325*12_2136-1945*12_2136-2119*12_2136-2153*12_2136-2297*12_2136-2327*12_2136-4481*12_2136-4511*12_2136-4689*12_2136-4863*12_2136-2482*12_2136-2494*12_2136-4314*12_2136-4326*12_2136-1777*12_2136-2481*12_2136-2495*12_2136-4313*12_2136-4327*12_2136-1776*12_2136-1944*12_2136-2296*12_2136-2480*12_2136-2496*12_2136-4312*12_2136-4328*12_2136-4480*12_2136-4512*12_2136-4864*12_2136-2118*12_2136-4690*12_2136-2479*12_2136-2497*12_2136-4311*12_2136-4329*12_2136-4479*12_2136-4513*12_2136-1774*12_2136-2478*12_2136-2498*12_2136-4330*12_2136-2117*12_2136-1773*12_2136-4331*12_2136-2294*12_2136-4866*12_2136-4692*12_280-285*10_280-286*10_280-287*10_280-288*10_280-6336*10_280-6520*10_280-105*10_280-6519*10_280-6521*10_280-6518*10_280-6522*10_280-107*10_280-6517*10_280-6523*10_280-108*10_280-6516*10_280-6524*10_280-289*10_280-109*10_280-6515*10_280-98*10_280-110*10_280-290*10_280-6514*10_280-111*10_280-6513*10_280-291*10_280-96*10_280-112*10_280-464*10_280-6512*10_280-292*10_280-113*10_280-465*10_280-94*10_280-114*10_280-466*10_280-293*10_280-115*10_280-467*10_280-294*10_280-116*10_280-468*10_280-295*10_280-117*10_280-469*10_280-296*10_280-6696*10_280-6695*10_280-6697*10_280-118*10_280-470*10_280-6694*10_280-6698*10_280-6693*10_280-6699*10_280-6692*10_280-6700*10_280-6691*10_280-119*10_280-471*10_280-6690*10_280-6702*10_280-6689*10_280-120*10_4658-4475*11_4658-4474*11_4658-1772*11_4658-4472*11_4658-1771*11_4658-1598*11_4658-1770*11_4658-1597*11_4658-1769*11_4658-1596*11_4658-4306*11_4658-4305*11_4658-4307*11_4658-1768*11_4658-4304*11_4658-4308*11_4658-4303*11_4658-4309*11_4658-1595*11_4658-4302*11_4658-4310*11_4658-4301*11_4658-4300*11_4658-1767*11_4658-1594*11_4658-4299*11_4658-1593*11_4658-1766*11_4658-1592*11_4711-3013*11_4711-4707*11_4711-3012*11_4711-4706*11_4711-3011*11_4711-4705*11_4711-3010*11_4711-2840*11_4711-4704*11_4711-2839*11_4711-2841*11_4711-3009*11_4711-2838*11_4711-2837*11_4711-4535*11_4711-4703*11_4711-2836*11_4711-3008*11_4711-4534*11_4711-4536*11_4711-4533*11_4711-4537*11_4711-4532*11_4711-4538*11_4711-2835*11_4711-4531*11_4711-4539*11_4711-4702*11_4711-3007*11_4711-2834*11_4711-4530*11_4711-4540*11_4711-3189*11_4711-3188*11_4711-2833*11_4711-4529*11_4711-4541*11_4711-4701*11_4711-3006*11_4711-3187*11_4711-2832*11_4711-4528*11_4711-4542*11_4711-3186*11_4711-4700*11_4711-3005*11_4711-4527*11_4711-4543*11_4711-2831*11_4711-3185*11_4711-3004*11_4711-3184*11_4711-4526*11_4711-4544*11_4711-2830*11_4711-3183*11_4711-4525*11_4711-4545*11_4711-2829*11_4711-3003*11_4711-3182*11_4711-4524*11_4711-4546*11_4711-2828*11_4711-3002*11_4711-3181*11_4711-4523*11_4711-4547*11_4711-2827*11_4711-3180*11_4711-3001*11_4711-4548*11_4711-2826*11_4711-3179*11_4711-4359*11_4711-3000*11_4711-4358*11_4711-4360*11_4711-4361*11_4711-4362*11_4711-4364*11_4711-2999*11_5467-5465*11_5467-240*11_5467-5464*11_5467-239*11_5467-241*11_5467-238*11_5467-5463*11_5467-237*11_5467-236*11_5467-5462*11_5467-235*11_5467-5461*11_5467-412*11_5467-234*11_5467-5460*11_5467-411*11_5467-233*11_5467-410*11_5467-5291*11_5467-5459*11_5467-5290*11_5467-5292*11_5467-5289*11_5467-5293*11_5467-232*11_5467-5288*11_5467-5294*11_5467-409*11_5467-5287*11_5467-5295*11_5467-5458*11_5467-408*11_5467-5286*11_5467-5296*11_5467-231*11_5467-5285*11_5467-5297*11_5467-5457*11_5467-407*11_5467-230*11_5467-5284*11_5467-64*11_5467-5456*11_5467-63*11_5467-65*11_5467-62*11_5467-66*11_5467-406*11_5467-5283*11_5467-61*11_5467-67*11_5467-229*11_5467-60*11_5467-68*11_5467-5282*11_5467-59*11_5467-69*11_5467-405*11_5467-228*11_5467-58*11_5467-70*11_5467-5281*11_5467-404*11_5467-57*11_5467-71*11_5467-227*11_5467-56*11_5467-5280*11_5467-5632*11_5467-403*11_5467-55*11_5467-73*11_5467-226*11_5467-54*11_5467-402*11_5467-225*11_5467-53*11_5467-401*11_5467-5115*11_5467-5114*11_5467-5116*11_5467-5113*11_5467-5117*11_5467-52*11_5467-224*11_5467-5112*11_5467-5118*11_5467-5111*11_5467-5119*11_5467-400*11_5467-5110*11_5467-5120*11_5467-51*11_5467-5109*11_5467-5121*11_5467-223*11_5467-5108*11_5467-5122*11_5467-399*11_5467-50*11_5467-5107*11_5467-5123*11_5467-222*11_5467-5106*11_5467-5124*11_5467-49*11_5467-398*11_5467-221*11_1431-4456*12_1431-1420*12_1431-1419*12_1431-1246*12_1431-1245*12_1431-1418*12_1431-4453*12_1431-1244*12_1431-4452*12_1431-1417*12_1431-1243*12_1431-4451*12_1431-1416*12_1431-4288*12_1431-4287*12_1431-4289*12_1431-4286*12_1431-4290*12_1431-1242*12_1431-4285*12_1431-4291*12_1431-4284*12_1431-4292*12_1431-4450*12_1431-4283*12_1431-4293*12_1431-1415*12_1431-1241*12_1431-4282*12_1431-4294*12_1431-1076*12_1431-1075*12_1431-4281*12_1431-4295*12_1431-4449*12_1431-1074*12_1431-1240*12_1431-1414*12_1431-4280*12_1431-4296*12_1431-1073*12_1431-1072*12_1431-4448*12_1431-4279*12_1431-4297*12_1431-1071*12_1431-1239*12_1431-1591*12_1431-4278*12_1431-4298*12_1431-1070*12_1431-4447*12_1431-4277*12_1431-1238*12_1431-1590*12_1431-1412*12_1431-1236*12_5237-5052*10_5237-5050*10_5237-5049*10_5237-2679*10_5237-5047*10_5237-2678*10_5237-5046*10_5237-2677*10_5237-2676*10_5237-2674*10_2926-6289*5_2926-6290*5_2926-6291*5_3941-5444*8_4471-1589*12_4471-1588*12_4471-1413*12_4471-1587*12_4471-1586*12_4471-1765*12_4471-1411*12_4471-1764*12_4471-1585*12_4471-1410*12_4471-1763*12_4471-4119*12_4471-1584*12_4471-4118*12_4471-4120*12_4471-4117*12_4471-4121*12_4471-4116*12_4471-4122*12_4471-4115*12_4471-4123*12_4471-1409*12_4471-1762*12_4471-4114*12_4471-4124*12_4471-4113*12_4471-4125*12_4471-1408*12_4471-4112*12_4471-4126*12_4471-1761*12_4471-4111*12_4471-4127*12_4471-1760*12_4471-4110*12_4471-4128*12_4471-1237*12_4471-4129*12_4471-1235*12_7575-7225*12_7575-7226*12_7575-7227*12_7575-7228*12_7575-319*12_7575-7229*12_7575-318*12_7575-317*12_2844-4699*11_2844-4875*11_2844-4698*11_2844-4874*11_2844-2668*11_2844-2667*11_2844-2669*11_2844-4697*11_2844-4873*11_2844-2666*11_2844-2670*11_2844-2665*11_2844-2671*11_2844-2664*11_2844-2672*11_2844-4696*11_2844-4872*11_2844-2663*11_2844-2673*11_2844-4695*11_2844-4871*11_2844-2662*11_2844-2661*11_2844-2675*11_2844-4694*11_2844-4870*11_2844-2660*11_2844-4693*11_2844-4869*11_2844-2659*11_2844-4868*11_2844-2658*11_2844-4522*11_2844-2657*11_2844-4691*11_2844-4867*11_2844-4521*11_2844-2656*11_2844-4520*11_2844-4519*11_2844-2655*11_2844-4865*11_2844-4518*11_2844-2654*11_2844-4517*11_1177-1006*8_1177-6725*8_4880-2499*11_4880-2500*11_4880-2502*11_919-743*11_919-742*11_919-744*11_919-4960*11_919-740*11_919-746*11_919-739*11_919-747*11_919-4959*11_919-4786*11_919-738*11_919-748*11_919-4785*11_919-737*11_919-749*11_919-4958*11_919-5139*11_919-736*11_919-750*11_919-4784*11_919-5138*11_919-4957*11_919-735*11_919-751*11_919-4783*11_919-5137*11_919-734*11_919-4956*11_919-4782*11_919-733*11_919-4781*11_919-4955*11_919-732*11_919-4780*11_919-905*11_919-4954*11_919-731*11_919-4779*11_919-4616*11_919-4615*11_919-4617*11_919-4953*11_919-4614*11_919-730*11_919-4613*11_919-4612*11_919-4778*11_919-4611*11_919-567*11_919-903*11_919-566*11_919-568*11_919-4952*11_919-565*11_919-569*11_919-729*11_919-4610*11_919-564*11_919-570*11_919-563*11_919-4609*11_919-4777*11_919-728*11_919-4608*11_919-561*11_919-560*11_919-4776*11_919-4607*11_919-559*11_919-727*11_919-4606*11_919-4605*11_919-726*11_919-4604*11_1945-1943*13_1945-1942*13_1945-1941*13_1945-1940*13_1945-1939*13_1945-1938*13_1945-1937*13_1945-1936*13_1945-4136*13_1945-4135*13_1945-4137*13_1945-4134*13_1945-4138*13_1945-2116*13_1945-4133*13_1945-4139*13_1945-4132*13_1945-4140*13_1945-2115*13_1945-4131*13_1945-4141*13_1945-2114*13_1945-4130*13_1945-4142*13_1945-2113*13_1945-4143*13_1945-2112*13_1945-4144*13_1945-4145*13_1945-4146*13_1945-4147*13_1945-4148*13_1945-4149*13_1945-2295*13_1945-2293*13_1945-4150*13_1945-2292*13_1945-2291*13_1945-2290*13_1945-4151*13_1945-2289*13_1945-2288*13_1945-4152*13_1945-4153*13_1945-4154*13_7401-7230*11_7401-316*11_7401-315*11_7401-314*11_7401-313*11_7401-139*11_7401-7049*11_7401-312*11_7401-7048*11_7401-7050*11_7401-7047*11_7401-7051*11_7401-7046*11_7401-7052*11_7401-7045*11_7401-7053*11_7401-138*11_7401-7044*11_7401-7054*11_7401-311*11_7401-7043*11_7401-7055*11_7401-7042*11_7401-137*11_7401-7041*11_7401-136*11_7401-7058*11_7401-487*11_3194-3367*12_3194-3366*12_3194-3365*12_3194-3364*12_3194-3363*12_3194-4549*12_3194-3362*12_3194-4550*12_3194-3361*12_3194-4551*12_3194-3360*12_3194-4552*12_3194-4553*12_3194-3359*12_3194-4554*12_3194-4734*12_3194-3358*12_3194-4555*12_3194-4735*12_3194-3357*12_3194-4556*12_3194-3178*12_3194-3545*12_3194-3356*12_3194-3544*12_3194-3543*12_3194-4557*12_3194-3542*12_3194-3541*12_3194-3177*12_3194-3355*12_3194-3540*12_3194-4737*12_3194-4558*12_3194-3539*12_3194-3354*12_3194-3538*12_3194-3176*12_3194-4368*12_3194-4367*12_3194-4369*12_3194-4559*12_3194-4370*12_3194-4738*12_3194-4371*12_3194-3537*12_3194-4372*12_3194-4373*12_3194-3353*12_3194-3175*12_3194-4739*12_3194-4375*12_3194-3352*12_3194-3534*12_3194-4377*12_1170-6724*7_1170-6723*7_1170-6722*7_1170-6721*7_1170-822*7_1170-824*7_925-753*11_925-754*11_925-755*11_925-756*11_925-5318*11_925-757*11_925-5317*11_925-5316*11_925-758*11_925-5315*11_925-5314*11_925-759*11_925-5313*11_925-760*11_925-5312*11_7406-7056*11_7406-310*11_2841-2653*12_2841-4516*12_2841-2652*12_2841-4515*12_2841-2825*12_2841-2651*12_2841-4514*12_2841-2650*12_2841-2824*12_2841-4352*12_2841-4351*12_2841-4353*12_2841-4350*12_2841-4354*12_2841-4349*12_2841-4355*12_2841-4348*12_2841-4356*12_2841-4347*12_2841-4357*12_2841-2823*12_2841-4345*12_2841-2648*12_2841-2822*12_1255-4446*12_1255-1069*12_1255-4445*12_1255-1068*12_1255-4444*12_1255-1067*12_1255-4443*12_1255-1066*12_1255-4276*12_1255-4442*12_1255-4275*12_1255-902*12_1255-901*12_1255-1065*12_1255-4274*12_1255-900*12_1255-899*12_1255-4273*12_1255-4441*12_1255-898*12_1255-1064*12_1255-4272*12_1255-897*12_1255-896*12_1255-4440*12_1255-4271*12_1255-895*12_1255-1063*12_1255-894*12_1255-4439*12_1255-4269*12_1255-1062*12_1255-893*12_1255-4268*12_3759-3578*9_151-7040*13_151-135*13_151-134*13_151-133*13_151-132*13_4519-2649*12_4519-2477*12_4519-4343*12_4519-2476*12_4519-4342*12_4519-4344*12_4519-4341*12_4519-4340*12_4519-4346*12_4519-2475*12_4519-4339*12_4519-2647*12_4519-2474*12_4519-4338*12_4519-2473*12_4519-4337*12_4519-2646*12_4519-2472*12_4519-4336*12_4519-2645*12_4519-4335*12_4519-2471*12_4519-2644*12_4519-4334*12_4519-2470*12_4519-4333*12_4519-2469*12_4519-2643*12_4519-4332*12_4519-2468*12_4519-2642*12_4519-2821*12_4519-2467*12_4519-2820*12_4519-2641*12_4519-2466*12_4519-2819*12_4519-4167*12_4519-2640*12_4519-4166*12_4519-4168*12_4519-4165*12_4519-4169*12_4519-4164*12_4519-4170*12_4519-4163*12_4519-4171*12_4519-2465*12_4519-2818*12_4519-4162*12_4519-4172*12_4519-4161*12_4519-4173*12_4519-2464*12_4519-4160*12_4519-4174*12_4519-2817*12_4519-4159*12_4519-4175*12_4519-4158*12_4519-4176*12_4519-4177*12_4519-4156*12_4616-4438*12_4616-725*12_4616-4437*12_4616-724*12_4616-4436*12_4616-723*12_4616-4435*12_4616-722*12_4616-4434*12_4616-721*12_4616-4433*12_4616-720*12_4616-4432*12_4616-892*12_4616-719*12_4616-4431*12_4616-718*12_4616-4430*12_4616-891*12_4616-4603*12_4616-717*12_4616-4429*12_4616-890*12_4616-4602*12_4616-716*12_4616-4428*12_4616-889*12_4616-4601*12_4616-715*12_4616-4427*12_4616-552*12_4616-888*12_4616-4264*12_4616-4600*12_4616-551*12_4616-553*12_4616-4263*12_4616-4265*12_4616-550*12_4616-554*12_4616-714*12_4616-4262*12_4616-4266*12_4616-4426*12_4616-549*12_4616-555*12_4616-4261*12_4616-4267*12_4616-548*12_4616-556*12_4616-4260*12_4616-547*12_4616-557*12_4616-4259*12_4616-713*12_4616-887*12_4616-4425*12_4616-4599*12_4616-546*12_4616-558*12_4616-4258*12_4616-4270*12_4616-545*12_4616-4257*12_4616-544*12_4616-712*12_4616-4256*12_4616-4424*12_4616-4598*12_4616-4255*12_4616-711*12_4616-4423*12_4616-4775*12_4616-542*12_4616-885*12_4616-4253*12_3086-3084*7_3545-4740*13_3545-4741*13_3002-4363*13_3002-2998*13_3545-4742*13_3002-2997*13_3545-4743*13_3002-4365*13_3002-2996*13_3545-3721*13_3545-3720*13_3545-3722*13_3545-4744*13_3002-4366*13_3545-3719*13_3545-3723*13_3545-3718*13_3545-3724*13_3002-2995*13_3545-3717*13_3545-3725*13_3545-3536*13_3545-4560*13_3545-4561*13_3545-4745*13_3545-4562*13_3545-3716*13_3545-3726*13_3545-4563*13_3545-4564*13_3002-2994*13_3545-3535*13_3545-3715*13_3545-3727*13_3545-4746*13_3545-4565*13_3545-3714*13_3002-3174*13_3545-4566*13_3002-2993*13_3545-4747*13_3002-3173*13_3545-3713*13_3545-4567*13_3545-4921*13_3002-2992*13_3002-3172*13_3002-4184*13_3002-4183*13_3002-4185*13_3545-3533*13_3545-3712*13_3545-4568*13_3545-4748*13_3002-4182*13_3002-4186*13_3545-4922*13_3002-4181*13_3002-4187*13_3002-3171*13_3002-4180*13_3002-4188*13_3545-4569*13_3545-3711*13_3545-3532*13_3545-4749*13_3545-4923*13_3002-4179*13_3002-4189*13_3002-3170*13_3545-4570*13_3002-4178*13_3002-4190*13_3545-3710*13_3545-4924*13_3002-3169*13_3545-4750*13_3002-4191*13_3545-4571*13_3545-3709*13_3002-2816*13_3002-3168*13_3002-4192*13_3545-4925*13_3545-4572*13_3545-4751*13_3545-3708*13_3002-4193*13_3545-4926*13_3545-4573*13_3545-3897*13_3002-4194*13_3545-3896*13_3545-3898*13_3545-3707*13_3545-3895*13_3545-3899*13_3545-3894*13_3545-3900*13_3545-3893*13_3545-3901*13_3545-4927*13_3545-4574*13_3002-4195*13_3545-3892*13_3545-3902*13_3545-3706*13_3545-3891*13_3545-3903*13_3545-3890*13_3545-3904*13_3545-4575*13_3545-5099*13_6896-831*9_5293-5125*12_5293-397*12_5293-5126*12_5293-396*12_5293-578*12_5293-5127*12_5293-220*12_5293-577*12_5293-395*12_5293-576*12_5293-5128*12_5293-219*12_5293-575*12_5293-394*12_5293-5105*12_5293-5129*12_5293-218*12_5293-574*12_5293-48*12_5293-5104*12_5293-5130*12_5293-393*12_5293-573*12_5293-47*12_5293-217*12_5293-4941*12_5293-4940*12_5293-4942*12_5293-4939*12_5293-4943*12_5293-5131*12_5293-392*12_5293-572*12_5293-4938*12_5293-4944*12_5293-46*12_5293-4937*12_5293-4945*12_5293-216*12_5293-4936*12_5293-4946*12_5293-5132*12_5293-45*12_5293-571*12_5293-4935*12_5293-4947*12_5293-391*12_5293-4934*12_5293-4948*12_5293-44*12_5293-215*12_5293-4933*12_5293-4949*12_5293-5133*12_5293-390*12_5293-4932*12_5293-4950*12_5293-214*12_5293-4931*12_5293-4951*12_5293-42*12_5293-762*12_5293-389*12_5293-4930*12_5293-41*12_4296-4109*13_4296-4108*13_4296-4107*13_4296-4106*13_4296-4105*13_4296-1234*13_4296-1233*13_4296-1232*13_4296-4104*13_4728-3531*13_4728-4376*13_4728-3530*13_4728-4374*13_4728-4378*13_4728-4379*13_4728-4380*13_4728-4381*13_4728-3351*13_4728-3529*13_4728-4382*13_4728-4383*13_4728-3528*13_4728-4384*13_4728-3350*13_4728-4385*13_4728-3349*13_53-43*12_53-40*12_53-4928*12_53-4929*12_53-39*12_53-38*12_53-37*12_53-36*12_53-213*12_53-212*12_106-6688*12_106-121*12_106-122*12_106-123*12_106-297*12_106-298*12_106-124*12_106-299*12_1072-1061*13_1072-1060*13_1072-886*13_1072-1059*13_1072-1058*13_1072-884*13_1072-1057*13_1072-883*13_1072-1056*13_1072-4096*13_1072-4095*13_1072-4097*13_1072-882*13_1072-4094*13_1072-4098*13_1072-4093*13_1072-4099*13_1072-4092*13_1072-4100*13_1072-4091*13_1072-4101*13_1072-881*13_1072-4090*13_1072-4102*13_1072-4089*13_1072-4103*13_1072-880*13_1072-4088*13_1072-4087*13_1072-710*13_1072-4085*13_5105-35*13_5105-34*13_5105-211*13_5105-33*13_5105-210*13_5105-4753*13_5105-32*13_5105-4752*13_5105-4754*13_5105-4755*13_5105-4756*13_5105-4757*13_5105-209*13_5105-4758*13_5105-31*13_5105-4759*13_5105-208*13_5105-4760*13_5105-4761*13_5105-30*13_5105-207*13_5449-5100*10_5449-5101*10_5449-5102*10_5449-3911*10_4929-29*13_4929-28*13_4929-4762*13_4929-206*13_4929-4763*13_4929-27*13_4929-205*13_4929-4764*13_4929-204*13_4929-26*13_4929-4765*13_4929-203*13_4929-25*13_4929-4766*13_4929-388*13_4929-202*13_4929-387*13_4929-4577*13_4929-24*13_4929-4576*13_4929-4578*13_4929-4579*13_4929-4767*13_4929-386*13_4929-4580*13_4929-4581*13_4929-201*13_4929-385*13_4929-4582*13_4929-384*13_4929-4768*13_4929-23*13_4929-4583*13_4929-200*13_4929-4584*13_4929-383*13_4929-4585*13_4929-4769*13_4929-22*13_4929-382*13_4929-4586*13_4929-199*13_4929-381*13_4929-4770*13_4929-4587*13_4929-21*13_4929-198*13_4929-379*13_3004-4196*12_3004-4197*12_3004-3348*12_3004-3347*12_3004-4198*12_3004-3346*12_3004-3345*12_4430-543*13_4430-541*13_4430-540*13_4430-539*13_4430-4254*13_4430-4422*13_4430-4252*13_4430-538*13_4430-4251*13_4430-4250*13_4430-4421*13_4430-537*13_4430-4249*13_4430-536*13_4430-4248*13_4430-4420*13_4430-4247*13_4430-535*13_4430-4419*13_4430-709*13_4430-4246*13_4430-534*13_4430-4418*13_4430-4245*13_4430-4597*13_4430-708*13_4430-533*13_4430-4244*13_4430-4596*13_4430-4417*13_4430-707*13_4430-532*13_4430-4243*13_4430-4595*13_4430-368*13_4430-4416*13_4430-367*13_4430-369*13_4430-366*13_4430-370*13_4430-706*13_4430-365*13_4430-371*13_4430-531*13_4430-4242*13_4430-4594*13_4430-364*13_4430-372*13_4430-363*13_4430-373*13_4430-4415*13_4430-705*13_4430-362*13_4430-374*13_4430-530*13_4430-4241*13_4430-4593*13_4430-361*13_4430-375*13_4430-4078*13_4430-4414*13_4430-4077*13_4430-4079*13_4430-360*13_4430-376*13_4430-704*13_4430-4076*13_4430-4080*13_4430-4240*13_4430-4592*13_4430-529*13_4430-4075*13_4430-4081*13_4430-4074*13_4430-4082*13_4430-359*13_4430-377*13_4430-4073*13_4430-4083*13_4430-4239*13_4430-4413*13_4430-4591*13_4430-528*13_4430-4072*13_4430-4084*13_4430-358*13_4430-4071*13_4430-357*13_4430-4070*13_4430-4086*13_4430-4238*13_4430-4069*13_4430-356*13_4430-4589*13_4430-355*13_4430-4067*13_4259-4068*14_3177-4199*14_3177-3344*14_3177-4200*14_3177-4201*14_3177-4202*14_3177-4203*14_3177-4204*14_3177-4205*14_3177-3527*14_3177-3526*14_3177-3525*14_3177-4206*14_3177-3524*14_3177-3523*14_3177-3522*14_3177-4207*14_3177-3521*14_3177-4386*14_3177-4208*14_3177-4388*14_417-764*11_417-763*11_417-5311*11_417-761*11_356-354*14_356-353*14_356-352*14_356-4064*14_356-4063*14_356-4065*14_356-4062*14_356-4066*14_356-4061*14_356-4237*14_356-4060*14_356-4236*14_356-4059*14_356-4235*14_356-4058*14_356-4234*14_356-180*14_356-179*14_356-181*14_356-4057*14_356-4233*14_356-178*14_356-182*14_356-177*14_356-183*14_356-176*14_356-184*14_356-4056*14_356-4232*14_356-185*14_356-4055*14_356-4231*14_356-186*14_356-187*14_356-4054*14_356-4230*14_356-188*14_356-4053*14_356-4229*14_356-189*14_356-4052*14_356-4228*14_356-4412*14_356-190*14_356-4411*14_356-4410*14_356-191*14_356-4051*14_356-4227*14_356-4409*14_356-192*14_356-4408*14_356-4050*14_356-4226*14_356-4407*14_356-193*14_356-4049*14_356-4225*14_356-4406*14_356-4*14_356-3*14_356-5*14_356-2*14_356-6*14_356-194*14_356-1*14_356-7*14_356-0*14_356-8*14_356-4048*14_356-4224*14_356-9*14_356-4404*14_356-195*14_356-10*14_356-4403*14_356-13*14_4574-3888*14_4574-3887*14_4574-3889*14_4574-3886*14_4574-3885*14_4574-3884*14_4574-3883*14_4574-3882*14_4574-3881*14_4574-4398*14_4574-4397*14_4574-4399*14_4574-3880*14_4574-4396*14_4574-4395*14_4574-4394*14_4574-3705*14_4574-3879*14_4574-4393*14_4574-3704*14_4574-4392*14_4574-3878*14_4574-4391*14_4574-3703*14_4574-3877*14_4574-4390*14_4574-3702*14_4574-4389*14_4574-3876*14_4574-3701*14_4574-3875*14_4574-3700*14_4574-4387*14_4574-3874*14_4574-3699*14_4574-3873*14_4574-3698*14_4574-4222*14_4574-4221*14_4574-4223*14_4574-3872*14_4574-4220*14_4574-3697*14_4574-4219*14_4574-4218*14_4574-4217*14_4574-3696*14_4574-4216*14_4574-3905*14_4574-4215*14_4574-4214*14_4574-3906*14_4574-4212*14_4574-4210*14_221-4771*12_221-4772*12_3926-3910*10_3926-3909*10_3926-3908*10_3926-3907*10_31-20*14_31-19*14_31-197*14_31-18*14_31-196*14_31-4588*14_31-17*14_31-16*14_31-4400*14_31-4401*14_31-4402*14_31-4590*14_31-4405*14_31-15*14_31-380*14_31-378*14_31-14*14_31-12*14_848-658*9_848-6892*9_848-6891*9_848-657*9_848-6889*9_848-656*9_848-6888*9_848-6887*9_848-655*9_848-486*9_848-485*9_848-6885*9_848-654*9_198-11*14_198-4773*14_198-4774*14_4222-4213*15_4222-4211*15_4222-4209*15_4222-3520*15_6724-6720*8_6724-823*8_6724-825*8_6724-826*8_6724-827*8_6724-6719*8_6724-828*8_6724-6718*8_6724-829*8_6724-6717*8_6724-6716*8_6724-6715*8_6724-6714*8_6724-6713*8_6724-648*8_6724-6712*8_6724-647*8_6724-649*8_6724-646*8_6724-650*8_6724-645*8_6724-651*8_6724-644*8_6724-652*8_6724-643*8_6724-653*8_6724-6711*8_6724-6710*8_6724-6709*8_6724-6708*8_6724-6886*8_6724-6707*8_144-131*13_144-309*13_144-130*13_144-308*13_144-129*13_144-307*13_144-128*13_144-6864*13_144-6865*13_144-306*13_144-6866*13_144-6867*13_144-6868*13_144-6869*13_144-127*13_144-305*13_144-6870*13_144-6871*13_144-126*13_144-6873*13_144-6874*13_144-125*13_144-6875*13_2112-4155*14_2112-4157*14_1107-5320*10_1107-937*10_1107-5319*10_132-304*14_132-6872*14_132-303*14_132-302*14_132-301*14_132-300*14_132-6876*14_132-6877*14_132-6878*14_132-6879*14_132-484*14_132-483*14_132-482*14_132-481*14_132-480*14_132-6880*14_132-479*14_132-6881*14_132-6701*14_132-476*14_132-475*14_132-474*14_836-6884*9_836-6883*9_836-6882*9_836-478*9_836-477*9_836-6705*9_745-752*11_745-5136*11_745-5135*11_745-5134*11_661-6706*9_661-473*9_661-472*9_661-6704*9_661-6703*9_4777-562*13_
