"id","Scenario","Actual Range","Protocol","Buildings","Total nodes","Nodes on circ","Total coverage","Coverage on circ","Alert received mean time","Hops","Slots","Messages sent","Messages received", "Starting x", "Starting y","Starting node", "Vehicle distance", "Received node ids", "Node ids", "Transmission map", "Received on circ nodes", "Transmission vector"
0,1,300,300,1,1776,80,800,37,909107,10.6486,850.649,496,800,1153.84,1884.7,310,25,309_311_308_312_314_274_315_273_316_310_272_279_317_318_319_320_321_1195_1460_1461_1462_1463_1191_1464_1459_1458_1473_1474_1471_1470_1472_1563_1465_1475_1399_278_850_271_849_848_270_260_259_261_262_300_827_1388_828_1014_1013_1012_1002_1001_998_997_996_950_1377_1344_1188_1177_1010_933_1355_1009_1025_1366_1008_1007_1006_263_257_264_229_256_228_268_331_332_333_1024_955_966_1000_944_949_943_948_946_947_962_1026_1027_1028_1029_281_282_277_276_288_275_289_294_290_292_216_217_220_218_221_219_222_175_173_176_338_223_174_177_339_178_215_226_340_203_179_181_227_343_204_205_140_139_847_206_138_141_207_137_142_1739_230_255_265_266_267_337_341_751_208_977_988_993_922_992_991_900_953_954_956_143_209_145_605_134_144_606_135_607_334_342_750_749_961_978_963_980_964_982_945_942_201_612_344_345_748_346_351_348_747_593_594_299_301_735_172_171_170_168_167_166_165_587_163_214_212_211_6_5_210_4_1775_1738_1737_1774_1736_1740_1735_124_1734_182_183_184_185_126_186_189_123_122_656_379_381_567_383_592_571_572_8_655_9_595_570_353_357_354_356_162_355_161_588_160_589_159_864_590_865_157_857_867_154_869_868_151_813_802_1741_1742_200_199_198_197_196_579_121_611_120_610_119_658_609_118_659_115_660_116_661_112_103_104_608_614_105_616_615_642_617_641_618_640_619_639_620_638_621_117_637_622_623_101_625_671_626_632_1190_1189_1187_1186_1174_957_958_959_631_630_627_629_633_644_628_643_645_636_647_634_648_57_59_60_10_74_11_12_13_15_16_17_18_83_19_20_133_21_22_1708_679_82_1707_681_1706_81_1709_682_79_1705_1711_1704_1712_1703_1713_1702_1701_1695_1694_1011_1022_1033_1044_84_64_62_61_63_38_131_130_129_146_148_128_127_149_150_586_156_23_1664_1667_1668_31_683_73_72_684_71_685_86_70_93_87_92_88_90_89_152_155_596_575_153_441_382_432_431_106_649_430_429_433_566_442_443_434_444_428_565_436_427_437_426_398_425_438_423_439_414_415_416_352_37_85_78_35_34_33_32_53_52_51_30_28_50_29_107_578_39_27_26_24_195_164_440_40_41_42_54_43_45_44_55_678_56_672_670_100_1030_951_952_941_940_939_938_811_810_1130_1163_1164_1185_350_372_445_412_448_411_410_409_417_418_419_394_99_190_188_98_192_97_187_96_193_95_194_7_94_68_75_67_76_66_77_65_46_48_49_359_667_293_654_1690_1691_1692_420_421_422_108_109_110_111_1689_384_582_1005_360_361_385_666_989_990_1144_1155_1166_987_386_387_676_677_585_576_584_395_393_396_392_390_397_389_403_388_349_581_599_583_404_405_560_852_604_568_378_371_373_1019_675_960_981_1031_674_673_911_995_1625_597_600_724_742_743_835_994_976_370_846_741_965_979_967_972_968_969_1133_362_363_364_283_284_285_851_974_368_367_577_975_132_983_973_970_971_601_824_744_745_870_871_872_873_874_875_531_532_533_561_562_663_986_985_984_554_534_563_564_528_529_530_504_1055_505_519_518_517_503_501_1467_377_366_1017_1696_303_304_305_374_375_376_1018_889_1310_877_866_779_668_557_662_664_365_408_407_406_650_603_1165_665_1176_1178_1179_1180_1181_1122_516_515_1182_231_232_233_245_1020_1021_1023_573_574_653_652_651_1468_1175_1066_1077_446_1088_335_1099_224_1111_113_2_1665_1697_1698_1700_1469_1495_752_1167_1168_1496_1494_1497_1498_1500_1169_559_556_555_1501_1502_1503_1528_1504_1527_1526_1531_1530_1505_1525_1551_1524_1529_1519_1562_1561_1560_1520_1522_1518_1170_1194_1517_1516_1541_1515_1542_1440_1439_1533_1534_1221_1332_1554_1171_1443_1110_1_0_999_888_1540_1172_500_494_499_493_492_490_506_507_459_,0_1_2_3_4_5_6_7_8_9_10_11_12_13_14_15_16_17_18_19_20_21_22_23_24_25_26_27_28_29_30_31_32_33_34_35_36_37_38_39_40_41_42_43_44_45_46_47_48_49_50_51_52_53_54_55_56_57_58_59_60_61_62_63_64_65_66_67_68_69_70_71_72_73_74_75_76_77_78_79_80_81_82_83_84_85_86_87_88_89_90_91_92_93_94_95_96_97_98_99_100_101_102_103_104_105_106_107_108_109_110_111_112_113_114_115_116_117_118_119_120_121_122_123_124_125_126_127_128_129_130_131_132_133_134_135_136_137_138_139_140_141_142_143_144_145_146_147_148_149_150_151_152_153_154_155_156_157_158_159_160_161_162_163_164_165_166_167_168_169_170_171_172_173_174_175_176_177_178_179_180_181_182_183_184_185_186_187_188_189_190_191_192_193_194_195_196_197_198_199_200_201_202_203_204_205_206_207_208_209_210_211_212_213_214_215_216_217_218_219_220_221_222_223_224_225_226_227_228_229_230_231_232_233_234_235_236_237_238_239_240_241_242_243_244_245_246_247_248_249_250_251_252_253_254_255_256_257_258_259_260_261_262_263_264_265_266_267_268_269_270_271_272_273_274_275_276_277_278_279_280_281_282_283_284_285_286_287_288_289_290_291_292_293_294_295_296_297_298_299_300_301_302_303_304_305_306_307_308_309_310_311_312_313_314_315_316_317_318_319_320_321_322_323_324_325_326_327_328_329_330_331_332_333_334_335_336_337_338_339_340_341_342_343_344_345_346_347_348_349_350_351_352_353_354_355_356_357_358_359_360_361_362_363_364_365_366_367_368_369_370_371_372_373_374_375_376_377_378_379_380_381_382_383_384_385_386_387_388_389_390_391_392_393_394_395_396_397_398_399_400_401_402_403_404_405_406_407_408_409_410_411_412_413_414_415_416_417_418_419_420_421_422_423_424_425_426_427_428_429_430_431_432_433_434_435_436_437_438_439_440_441_442_443_444_445_446_447_448_449_450_451_452_453_454_455_456_457_458_459_460_461_462_463_464_465_466_467_468_469_470_471_472_473_474_475_476_477_478_479_480_481_482_483_484_485_486_487_488_489_490_491_492_493_494_495_496_497_498_499_500_501_502_503_504_505_506_507_508_509_510_511_512_513_514_515_516_517_518_519_520_521_522_523_524_525_526_527_528_529_530_531_532_533_534_535_536_537_538_539_540_541_542_543_544_545_546_547_548_549_550_551_552_553_554_555_556_557_558_559_560_561_562_563_564_565_566_567_568_569_570_571_572_573_574_575_576_577_578_579_580_581_582_583_584_585_586_587_588_589_590_591_592_593_594_595_596_597_598_599_600_601_602_603_604_605_606_607_608_609_610_611_612_613_614_615_616_617_618_619_620_621_622_623_624_625_626_627_628_629_630_631_632_633_634_635_636_637_638_639_640_641_642_643_644_645_646_647_648_649_650_651_652_653_654_655_656_657_658_659_660_661_662_663_664_665_666_667_668_669_670_671_672_673_674_675_676_677_678_679_680_681_682_683_684_685_686_687_688_689_690_691_692_693_694_695_696_697_698_699_700_701_702_703_704_705_706_707_708_709_710_711_712_713_714_715_716_717_718_719_720_721_722_723_724_725_726_727_728_729_730_731_732_733_734_735_736_737_738_739_740_741_742_743_744_745_746_747_748_749_750_751_752_753_754_755_756_757_758_759_760_761_762_763_764_765_766_767_768_769_770_771_772_773_774_775_776_777_778_779_780_781_782_783_784_785_786_787_788_789_790_791_792_793_794_795_796_797_798_799_800_801_802_803_804_805_806_807_808_809_810_811_812_813_814_815_816_817_818_819_820_821_822_823_824_825_826_827_828_829_830_831_832_833_834_835_836_837_838_839_840_841_842_843_844_845_846_847_848_849_850_851_852_853_854_855_856_857_858_859_860_861_862_863_864_865_866_867_868_869_870_871_872_873_874_875_876_877_878_879_880_881_882_883_884_885_886_887_888_889_890_891_892_893_894_895_896_897_898_899_900_901_902_903_904_905_906_907_908_909_910_911_912_913_914_915_916_917_918_919_920_921_922_923_924_925_926_927_928_929_930_931_932_933_934_935_936_937_938_939_940_941_942_943_944_945_946_947_948_949_950_951_952_953_954_955_956_957_958_959_960_961_962_963_964_965_966_967_968_969_970_971_972_973_974_975_976_977_978_979_980_981_982_983_984_985_986_987_988_989_990_991_992_993_994_995_996_997_998_999_1000_1001_1002_1003_1004_1005_1006_1007_1008_1009_1010_1011_1012_1013_1014_1015_1016_1017_1018_1019_1020_1021_1022_1023_1024_1025_1026_1027_1028_1029_1030_1031_1032_1033_1034_1035_1036_1037_1038_1039_1040_1041_1042_1043_1044_1045_1046_1047_1048_1049_1050_1051_1052_1053_1054_1055_1056_1057_1058_1059_1060_1061_1062_1063_1064_1065_1066_1067_1068_1069_1070_1071_1072_1073_1074_1075_1076_1077_1078_1079_1080_1081_1082_1083_1084_1085_1086_1087_1088_1089_1090_1091_1092_1093_1094_1095_1096_1097_1098_1099_1100_1101_1102_1103_1104_1105_1106_1107_1108_1109_1110_1111_1112_1113_1114_1115_1116_1117_1118_1119_1120_1121_1122_1123_1124_1125_1126_1127_1128_1129_1130_1131_1132_1133_1134_1135_1136_1137_1138_1139_1140_1141_1142_1143_1144_1145_1146_1147_1148_1149_1150_1151_1152_1153_1154_1155_1156_1157_1158_1159_1160_1161_1162_1163_1164_1165_1166_1167_1168_1169_1170_1171_1172_1173_1174_1175_1176_1177_1178_1179_1180_1181_1182_1183_1184_1185_1186_1187_1188_1189_1190_1191_1192_1193_1194_1195_1196_1197_1198_1199_1200_1201_1202_1203_1204_1205_1206_1207_1208_1209_1210_1211_1212_1213_1214_1215_1216_1217_1218_1219_1220_1221_1222_1223_1224_1225_1226_1227_1228_1229_1230_1231_1232_1233_1234_1235_1236_1237_1238_1239_1240_1241_1242_1243_1244_1245_1246_1247_1248_1249_1250_1251_1252_1253_1254_1255_1256_1257_1258_1259_1260_1261_1262_1263_1264_1265_1266_1267_1268_1269_1270_1271_1272_1273_1274_1275_1276_1277_1278_1279_1280_1281_1282_1283_1284_1285_1286_1287_1288_1289_1290_1291_1292_1293_1294_1295_1296_1297_1298_1299_1300_1301_1302_1303_1304_1305_1306_1307_1308_1309_1310_1311_1312_1313_1314_1315_1316_1317_1318_1319_1320_1321_1322_1323_1324_1325_1326_1327_1328_1329_1330_1331_1332_1333_1334_1335_1336_1337_1338_1339_1340_1341_1342_1343_1344_1345_1346_1347_1348_1349_1350_1351_1352_1353_1354_1355_1356_1357_1358_1359_1360_1361_1362_1363_1364_1365_1366_1367_1368_1369_1370_1371_1372_1373_1374_1375_1376_1377_1378_1379_1380_1381_1382_1383_1384_1385_1386_1387_1388_1389_1390_1391_1392_1393_1394_1395_1396_1397_1398_1399_1400_1401_1402_1403_1404_1405_1406_1407_1408_1409_1410_1411_1412_1413_1414_1415_1416_1417_1418_1419_1420_1421_1422_1423_1424_1425_1426_1427_1428_1429_1430_1431_1432_1433_1434_1435_1436_1437_1438_1439_1440_1441_1442_1443_1444_1445_1446_1447_1448_1449_1450_1451_1452_1453_1454_1455_1456_1457_1458_1459_1460_1461_1462_1463_1464_1465_1466_1467_1468_1469_1470_1471_1472_1473_1474_1475_1476_1477_1478_1479_1480_1481_1482_1483_1484_1485_1486_1487_1488_1489_1490_1491_1492_1493_1494_1495_1496_1497_1498_1499_1500_1501_1502_1503_1504_1505_1506_1507_1508_1509_1510_1511_1512_1513_1514_1515_1516_1517_1518_1519_1520_1521_1522_1523_1524_1525_1526_1527_1528_1529_1530_1531_1532_1533_1534_1535_1536_1537_1538_1539_1540_1541_1542_1543_1544_1545_1546_1547_1548_1549_1550_1551_1552_1553_1554_1555_1556_1557_1558_1559_1560_1561_1562_1563_1564_1565_1566_1567_1568_1569_1570_1571_1572_1573_1574_1575_1576_1577_1578_1579_1580_1581_1582_1583_1584_1585_1586_1587_1588_1589_1590_1591_1592_1593_1594_1595_1596_1597_1598_1599_1600_1601_1602_1603_1604_1605_1606_1607_1608_1609_1610_1611_1612_1613_1614_1615_1616_1617_1618_1619_1620_1621_1622_1623_1624_1625_1626_1627_1628_1629_1630_1631_1632_1633_1634_1635_1636_1637_1638_1639_1640_1641_1642_1643_1644_1645_1646_1647_1648_1649_1650_1651_1652_1653_1654_1655_1656_1657_1658_1659_1660_1661_1662_1663_1664_1665_1666_1667_1668_1669_1670_1671_1672_1673_1674_1675_1676_1677_1678_1679_1680_1681_1682_1683_1684_1685_1686_1687_1688_1689_1690_1691_1692_1693_1694_1695_1696_1697_1698_1699_1700_1701_1702_1703_1704_1705_1706_1707_1708_1709_1710_1711_1712_1713_1714_1715_1716_1717_1718_1719_1720_1721_1722_1723_1724_1725_1726_1727_1728_1729_1730_1731_1732_1733_1734_1735_1736_1737_1738_1739_1740_1741_1742_1743_1744_1745_1746_1747_1748_1749_1750_1751_1752_1753_1754_1755_1756_1757_1758_1759_1760_1761_1762_1763_1764_1765_1766_1767_1768_1769_1770_1771_1772_1773_1774_1775_,9:{10;74;11;12;13;15;16;17;18;83;19;20;}12:{683;73;72;684;71;685;86;70;93;87;92;88;90;89;}18:{84;64;62;61;63;38;}20:{21;22;1708;679;82;1707;681;1706;81;1709;682;79;1705;1711;1704;1712;1703;1713;1702;1701;1695;1694;}29:{39;27;26;24;}30:{46;48;49;}45:{676;677;}50:{40;41;42;54;43;45;44;55;678;56;672;}55:{666;}61:{37;85;78;35;34;33;32;53;52;51;30;28;50;29;}88:{663;}89:{195;}103:{667;}104:{670;100;}106:{108;109;110;111;}119:{107;}122:{106;}131:{132;}133:{131;130;129;146;148;128;127;149;150;586;156;}135:{649;}140:{201;}145:{133;}151:{152;155;596;575;153;441;382;432;431;}153:{604;}156:{585;576;584;}157:{164;440;}160:{577;}165:{587;163;}167:{573;574;}168:{167;166;165;}173:{172;171;170;168;}178:{8;655;9;}179:{214;212;211;6;5;210;4;1775;1738;1737;1774;1736;1740;1735;124;1734;}181:{1741;1742;}189:{99;190;188;98;192;97;187;96;193;95;194;7;94;68;75;67;76;66;77;65;}198:{654;}201:{200;199;198;197;196;579;121;}204:{578;}208:{143;209;145;605;134;144;606;135;607;}215:{182;183;184;185;126;186;189;123;122;656;}216:{220;218;221;219;222;175;173;176;338;223;174;177;339;178;215;226;340;203;179;181;227;343;204;205;140;139;847;206;138;141;207;137;142;1739;}217:{337;341;751;208;}219:{334;342;750;749;}229:{230;255;265;266;267;}230:{231;232;233;245;}262:{263;257;264;229;256;228;268;331;332;333;}272:{278;850;271;849;848;270;260;259;261;262;}274:{272;279;}278:{293;}279:{281;282;277;276;288;275;289;294;290;292;216;217;}288:{283;284;285;851;}292:{852;}300:{299;301;}301:{303;304;305;}303:{1176;1178;1179;1180;}309:{310;}310:{309;311;308;312;314;274;315;273;316;}316:{317;318;319;320;321;1195;1460;1461;1462;1463;}318:{300;}332:{735;}339:{344;345;748;346;351;348;747;593;594;}343:{352;}345:{350;372;}346:{359;}350:{568;378;371;373;}351:{360;361;}352:{349;}359:{370;846;741;}360:{362;363;364;}361:{368;}362:{367;}364:{377;366;}370:{365;408;407;406;}373:{374;375;376;}381:{385;}385:{386;387;}405:{559;556;555;}416:{445;412;448;411;410;409;417;418;419;394;}419:{420;421;422;}421:{505;519;518;517;}428:{404;405;560;}431:{430;429;433;566;442;443;434;444;428;565;436;427;437;426;398;425;438;423;439;414;415;416;}440:{384;582;}444:{395;393;396;392;390;397;389;403;388;}501:{500;494;499;493;492;490;506;507;459;}504:{503;501;}517:{516;515;}561:{554;534;563;564;528;529;530;504;}578:{581;599;583;}579:{600;}583:{597;}593:{595;570;353;357;354;356;162;355;161;588;160;589;159;864;590;865;157;857;867;154;869;868;151;813;802;}594:{379;381;567;383;592;571;572;}600:{601;}607:{612;}608:{642;617;641;618;640;619;639;620;638;621;117;637;622;623;101;625;671;626;632;}632:{631;630;627;629;633;644;628;643;645;636;647;634;648;57;59;60;}648:{675;}649:{650;603;}654:{653;652;651;}656:{611;120;610;119;658;609;118;659;115;660;116;661;112;103;104;608;614;105;616;615;}663:{662;664;}672:{674;673;}673:{665;}679:{1689;}681:{1690;1691;1692;}735:{724;742;743;835;}741:{752;}743:{824;744;745;870;871;872;873;874;875;}872:{531;532;533;561;562;}900:{889;1310;877;866;779;668;557;}933:{911;}945:{960;981;}946:{1031;}948:{1030;951;952;941;940;939;938;811;810;}950:{949;943;948;946;947;962;1026;1027;1028;1029;}953:{989;990;1144;1155;1166;987;}955:{977;988;993;922;992;991;900;953;954;956;}956:{957;958;959;}962:{970;971;}978:{975;}979:{974;}981:{965;979;967;972;968;969;1133;}982:{983;973;}987:{986;985;984;}993:{1017;}996:{995;}997:{996;950;}1006:{1005;}1009:{1024;955;966;1000;944;}1013:{1019;}1014:{1018;}1019:{1020;1021;1023;}1026:{994;976;}1029:{961;978;963;980;964;982;945;942;}1044:{1055;}1055:{1066;1077;446;1088;335;1099;224;1111;113;2;1665;}1144:{1122;}1165:{1167;1168;}1167:{1169;}1169:{1170;1194;}1170:{1171;}1171:{1172;}1174:{1130;1163;1164;1185;}1176:{1175;}1177:{1011;1022;1033;1044;}1180:{1181;}1181:{1182;}1185:{1165;}1191:{1190;1189;1187;1186;1174;}1195:{1191;1464;1459;1458;1473;}1344:{1188;1177;1010;933;1355;1009;1025;1366;1008;1007;1006;}1388:{1377;1344;}1399:{827;1388;828;1014;1013;1012;1002;1001;998;997;}1458:{1465;}1465:{1467;}1467:{1468;}1468:{1469;1495;}1469:{1562;1561;1560;}1471:{1470;1472;1563;}1472:{1475;1399;}1473:{1474;1471;}1495:{1496;1494;1497;1498;1500;}1500:{1501;1502;1503;1528;}1502:{1504;1527;1526;1531;1530;}1516:{1515;1542;1440;1439;1533;1534;}1517:{1541;}1518:{1517;1516;}1524:{1520;1522;1518;}1528:{1505;1525;1551;1524;1529;}1529:{1519;}1534:{1221;1332;1554;}1554:{1443;1110;1;0;999;888;1540;}1696:{1697;1698;1700;}1701:{1696;}1703:{23;1664;1667;1668;31;}1706:{1625;},1_29_30_39_51_52_53_54_392_397_398_403_404_405_432_433_434_562_563_565_566_608_615_616_617_642_645_810_811_1002_1021_1023_1344_1533_1534_1664_1667_,310-309*0_310-311*0_310-308*0_310-312*0_310-314*0_310-274*0_310-315*0_310-273*0_310-316*0_309-310*1_274-272*2_274-279*2_316-317*3_316-318*3_316-319*3_316-320*3_316-321*3_316-1195*3_316-1460*3_316-1461*3_316-1462*3_316-1463*3_1195-1191*4_1195-1464*4_1195-1459*4_1195-1458*4_1195-1473*4_1473-1474*5_1473-1471*5_1471-1470*6_1471-1472*6_1471-1563*6_1458-1465*5_1472-1475*7_1472-1399*7_272-278*4_272-850*4_272-271*4_272-849*4_272-848*4_272-270*4_272-260*4_272-259*4_272-261*4_272-262*4_318-300*4_1399-827*8_1399-1388*8_1399-828*8_1399-1014*8_1399-1013*8_1399-1012*8_1399-1002*8_1399-1001*8_1399-998*8_1399-997*8_997-996*9_997-950*9_1388-1377*9_1388-1344*9_1344-1188*10_1344-1177*10_1344-1010*10_1344-933*10_1344-1355*10_1344-1009*10_1344-1025*10_1344-1366*10_1344-1008*10_1344-1007*10_1344-1006*10_262-263*5_262-257*5_262-264*5_262-229*5_262-256*5_262-228*5_262-268*5_262-331*5_262-332*5_262-333*5_1009-1024*11_1009-955*11_1009-966*11_1009-1000*11_1009-944*11_950-949*10_950-943*10_950-948*10_950-946*10_950-947*10_950-962*10_950-1026*10_950-1027*10_950-1028*10_950-1029*10_279-281*3_279-282*3_279-277*3_279-276*3_279-288*3_279-275*3_279-289*3_279-294*3_279-290*3_279-292*3_279-216*3_279-217*3_216-220*4_216-218*4_216-221*4_216-219*4_216-222*4_216-175*4_216-173*4_216-176*4_216-338*4_216-223*4_216-174*4_216-177*4_216-339*4_216-178*4_216-215*4_216-226*4_216-340*4_216-203*4_216-179*4_216-181*4_216-227*4_216-343*4_216-204*4_216-205*4_216-140*4_216-139*4_216-847*4_216-206*4_216-138*4_216-141*4_216-207*4_216-137*4_216-142*4_216-1739*4_229-230*6_229-255*6_229-265*6_229-266*6_229-267*6_217-337*4_217-341*4_217-751*4_217-208*4_955-977*12_955-988*12_955-993*12_955-922*12_955-992*12_955-991*12_955-900*12_955-953*12_955-954*12_955-956*12_208-143*5_208-209*5_208-145*5_208-605*5_208-134*5_208-144*5_208-606*5_208-135*5_208-607*5_219-334*7_219-342*7_219-750*7_219-749*7_1029-961*11_1029-978*11_1029-963*11_1029-980*11_1029-964*11_1029-982*11_1029-945*11_1029-942*11_140-201*5_607-612*6_339-344*5_339-345*5_339-748*5_339-346*5_339-351*5_339-348*5_339-747*5_339-593*5_339-594*5_300-299*5_300-301*5_332-735*6_173-172*8_173-171*8_173-170*8_173-168*8_168-167*9_168-166*9_168-165*9_165-587*10_165-163*10_179-214*5_179-212*5_179-211*5_179-6*5_179-5*5_179-210*5_179-4*5_179-1775*5_179-1738*5_179-1737*5_179-1774*5_179-1736*5_179-1740*5_179-1735*5_179-124*5_179-1734*5_215-182*8_215-183*8_215-184*8_215-185*8_215-126*8_215-186*8_215-189*8_215-123*8_215-122*8_215-656*8_594-379*6_594-381*6_594-567*6_594-383*6_594-592*6_594-571*6_594-572*6_178-8*6_178-655*6_178-9*6_593-595*6_593-570*6_593-353*6_593-357*6_593-354*6_593-356*6_593-162*6_593-355*6_593-161*6_593-588*6_593-160*6_593-589*6_593-159*6_593-864*6_593-590*6_593-865*6_593-157*6_593-857*6_593-867*6_593-154*6_593-869*6_593-868*6_593-151*6_593-813*6_593-802*6_181-1741*5_181-1742*5_201-200*8_201-199*8_201-198*8_201-197*8_201-196*8_201-579*8_201-121*8_656-611*9_656-120*9_656-610*9_656-119*9_656-658*9_656-609*9_656-118*9_656-659*9_656-115*9_656-660*9_656-116*9_656-661*9_656-112*9_656-103*9_656-104*9_656-608*9_656-614*9_656-105*9_656-616*9_656-615*9_608-642*10_608-617*10_608-641*10_608-618*10_608-640*10_608-619*10_608-639*10_608-620*10_608-638*10_608-621*10_608-117*10_608-637*10_608-622*10_608-623*10_608-101*10_608-625*10_608-671*10_608-626*10_608-632*10_1191-1190*5_1191-1189*5_1191-1187*5_1191-1186*5_1191-1174*5_956-957*13_956-958*13_956-959*13_632-631*11_632-630*11_632-627*11_632-629*11_632-633*11_632-644*11_632-628*11_632-643*11_632-645*11_632-636*11_632-647*11_632-634*11_632-648*11_632-57*11_632-59*11_632-60*11_9-10*7_9-74*7_9-11*7_9-12*7_9-13*7_9-15*7_9-16*7_9-17*7_9-18*7_9-83*7_9-19*7_9-20*7_145-133*6_20-21*8_20-22*8_20-1708*8_20-679*8_20-82*8_20-1707*8_20-681*8_20-1706*8_20-81*8_20-1709*8_20-682*8_20-79*8_20-1705*8_20-1711*8_20-1704*8_20-1712*8_20-1703*8_20-1713*8_20-1702*8_20-1701*8_20-1695*8_20-1694*8_1177-1011*11_1177-1022*11_1177-1033*11_1177-1044*11_18-84*8_18-64*8_18-62*8_18-61*8_18-63*8_18-38*8_133-131*10_133-130*10_133-129*10_133-146*10_133-148*10_133-128*10_133-127*10_133-149*10_133-150*10_133-586*10_133-156*10_1703-23*9_1703-1664*9_1703-1667*9_1703-1668*9_1703-31*9_12-683*8_12-73*8_12-72*8_12-684*8_12-71*8_12-685*8_12-86*8_12-70*8_12-93*8_12-87*8_12-92*8_12-88*8_12-90*8_12-89*8_151-152*7_151-155*7_151-596*7_151-575*7_151-153*7_151-441*7_151-382*7_151-432*7_151-431*7_122-106*9_135-649*9_431-430*8_431-429*8_431-433*8_431-566*8_431-442*8_431-443*8_431-434*8_431-444*8_431-428*8_431-565*8_431-436*8_431-427*8_431-437*8_431-426*8_431-398*8_431-425*8_431-438*8_431-423*8_431-439*8_431-414*8_431-415*8_431-416*8_343-352*6_61-37*9_61-85*9_61-78*9_61-35*9_61-34*9_61-33*9_61-32*9_61-53*9_61-52*9_61-51*9_61-30*9_61-28*9_61-50*9_61-29*9_119-107*11_204-578*5_29-39*10_29-27*10_29-26*10_29-24*10_89-195*9_157-164*7_157-440*7_50-40*10_50-41*10_50-42*10_50-54*10_50-43*10_50-45*10_50-44*10_50-55*10_50-678*10_50-56*10_50-672*10_104-670*10_104-100*10_948-1030*11_948-951*11_948-952*11_948-941*11_948-940*11_948-939*11_948-938*11_948-811*11_948-810*11_1174-1130*6_1174-1163*6_1174-1164*6_1174-1185*6_345-350*7_345-372*7_416-445*9_416-412*9_416-448*9_416-411*9_416-410*9_416-409*9_416-417*9_416-418*9_416-419*9_416-394*9_189-99*9_189-190*9_189-188*9_189-98*9_189-192*9_189-97*9_189-187*9_189-96*9_189-193*9_189-95*9_189-194*9_189-7*9_189-94*9_189-68*9_189-75*9_189-67*9_189-76*9_189-66*9_189-77*9_189-65*9_30-46*11_30-48*11_30-49*11_346-359*7_103-667*10_278-293*5_198-654*9_681-1690*9_681-1691*9_681-1692*9_419-420*10_419-421*10_419-422*10_106-108*10_106-109*10_106-110*10_106-111*10_679-1689*9_440-384*8_440-582*8_1006-1005*11_351-360*7_351-361*7_381-385*7_55-666*11_953-989*13_953-990*13_953-1144*13_953-1155*13_953-1166*13_953-987*13_385-386*8_385-387*8_45-676*12_45-677*12_156-585*11_156-576*11_156-584*11_444-395*9_444-393*9_444-396*9_444-392*9_444-390*9_444-397*9_444-389*9_444-403*9_444-388*9_352-349*9_578-581*6_578-599*6_578-583*6_428-404*10_428-405*10_428-560*10_292-852*4_153-604*8_350-568*8_350-378*8_350-371*8_350-373*8_1013-1019*9_648-675*13_945-960*12_945-981*12_946-1031*11_672-674*12_672-673*12_933-911*12_996-995*10_1706-1625*9_583-597*7_579-600*9_735-724*7_735-742*7_735-743*7_735-835*7_1026-994*12_1026-976*12_359-370*8_359-846*8_359-741*8_981-965*13_981-979*13_981-967*13_981-972*13_981-968*13_981-969*13_981-1133*13_360-362*8_360-363*8_360-364*8_288-283*6_288-284*6_288-285*6_288-851*6_979-974*14_361-368*8_362-367*9_160-577*12_978-975*12_131-132*11_982-983*12_982-973*12_962-970*12_962-971*12_600-601*10_743-824*8_743-744*8_743-745*8_743-870*8_743-871*8_743-872*8_743-873*8_743-874*8_743-875*8_872-531*9_872-532*9_872-533*9_872-561*9_872-562*9_88-663*10_987-986*14_987-985*14_987-984*14_561-554*10_561-534*10_561-563*10_561-564*10_561-528*10_561-529*10_561-530*10_561-504*10_1044-1055*12_421-505*11_421-519*11_421-518*11_421-517*11_504-503*11_504-501*11_1465-1467*6_364-377*10_364-366*10_993-1017*14_1701-1696*11_301-303*6_301-304*6_301-305*6_373-374*9_373-375*9_373-376*9_1014-1018*9_900-889*13_900-1310*13_900-877*13_900-866*13_900-779*13_900-668*13_900-557*13_663-662*11_663-664*11_370-365*9_370-408*9_370-407*9_370-406*9_649-650*12_649-603*12_1185-1165*7_673-665*13_303-1176*7_303-1178*7_303-1179*7_303-1180*7_1180-1181*8_1144-1122*14_517-516*13_517-515*13_1181-1182*9_230-231*7_230-232*7_230-233*7_230-245*7_1019-1020*10_1019-1021*10_1019-1023*10_167-573*10_167-574*10_654-653*10_654-652*10_654-651*10_1467-1468*7_1176-1175*8_1055-1066*13_1055-1077*13_1055-446*13_1055-1088*13_1055-335*13_1055-1099*13_1055-224*13_1055-1111*13_1055-113*13_1055-2*13_1055-1665*13_1696-1697*12_1696-1698*12_1696-1700*12_1468-1469*8_1468-1495*8_741-752*10_1165-1167*8_1165-1168*8_1495-1496*9_1495-1494*9_1495-1497*9_1495-1498*9_1495-1500*9_1167-1169*9_405-559*11_405-556*11_405-555*11_1500-1501*10_1500-1502*10_1500-1503*10_1500-1528*10_1502-1504*11_1502-1527*11_1502-1526*11_1502-1531*11_1502-1530*11_1528-1505*11_1528-1525*11_1528-1551*11_1528-1524*11_1528-1529*11_1529-1519*12_1469-1562*9_1469-1561*9_1469-1560*9_1524-1520*12_1524-1522*12_1524-1518*12_1169-1170*10_1169-1194*10_1518-1517*13_1518-1516*13_1517-1541*14_1516-1515*14_1516-1542*14_1516-1440*14_1516-1439*14_1516-1533*14_1516-1534*14_1534-1221*15_1534-1332*15_1534-1554*15_1170-1171*11_1554-1443*16_1554-1110*16_1554-1*16_1554-0*16_1554-999*16_1554-888*16_1554-1540*16_1171-1172*12_501-500*17_501-494*17_501-499*17_501-493*17_501-492*17_501-490*17_501-506*17_501-507*17_501-459*17_
