"id","Scenario","Actual Range","Protocol","Buildings","Total nodes","Nodes on circ","Total coverage","Coverage on circ","Alert received mean time","Hops","Slots","Messages sent","Messages received", "Starting x", "Starting y","Starting node", "Vehicle distance", "Received node ids", "Node ids", "Transmission map", "Received on circ nodes", "Transmission vector"
0,1,300,100,0,1344,16,1344,16,4451.94,5.9375,5.25,903,1344,2100,225,485,25,484_486_483_487_482_488_481_489_480_490_752_751_753_750_754_749_755_491_748_756_492_747_757_746_758_493_745_759_494_744_760_495_743_761_496_848_847_849_742_762_846_850_845_851_844_852_497_763_741_764_740_765_739_766_738_767_737_576_577_384_736_385_578_386_579_387_580_388_735_389_581_390_734_582_836_391_583_733_835_392_584_857_732_585_834_858_833_508_859_400_832_509_843_853_498_842_854_499_841_855_500_840_856_839_501_838_502_837_399_401_398_402_397_403_831_396_404_830_395_405_829_394_406_828_393_407_408_827_409_826_410_825_411_824_485_860_731_861_730_729_510_728_511_727_512_944_726_725_724_723_722_721_288_720_823_822_821_820_819_818_503_504_505_506_507_586_943_945_942_946_941_947_940_948_513_939_949_938_950_514_412_817_413_304_816_303_305_414_302_306_301_307_300_308_815_299_309_415_298_310_814_416_928_927_929_926_930_925_931_417_924_932_418_923_933_922_934_419_921_935_420_920_936_421_919_937_422_918_423_588_589_590_591_592_863_862_593_594_595_956_957_958_959_608_607_609_522_606_610_605_611_604_612_813_297_311_812_296_312_811_295_313_810_294_314_809_807_806_917_805_916_915_427_914_428_913_429_320_912_319_321_318_322_323_324_430_911_431_432_1024_1023_1025_1022_1026_1021_1027_1020_1028_433_1019_1029_1018_1030_434_1017_1031_435_515_516_517_518_289_290_519_951_291_719_292_520_952_718_521_953_717_954_716_523_955_715_524_714_587_596_620_621_316_804_713_712_711_317_910_315_325_909_326_908_327_907_328_906_1016_1032_905_1015_1033_904_1014_1034_903_1013_1035_1012_1036_1011_1037_1010_1038_1009_1039_336_1008_528_1040_335_337_527_529_334_338_526_530_333_339_531_332_340_532_1007_1041_341_533_342_534_1006_1042_343_535_1005_1043_293_201_215_797_622_619_623_618_624_1055_1054_617_625_1053_616_626_1052_1051_615_627_1050_614_628_1049_613_629_1048_630_1047_631_1046_632_1045_633_436_437_438_439_440_441_442_443_808_426_444_425_445_424_446_447_525_350_351_710_709_708_707_706_705_192_704_193_194_195_196_703_197_702_701_700_803_802_801_208_800_207_209_206_210_205_211_799_204_212_203_213_798_202_214_216_796_217_795_218_794_1044_634_603_602_601_600_902_901_900_1004_1003_1002_344_1001_345_1000_346_999_347_998_597_598_599_699_698_697_696_695_694_693_329_330_331_448_1120_1119_1121_1118_1122_1117_1123_449_1116_1124_450_1115_1125_1114_1126_451_1113_1127_452_1112_1128_453_1111_1129_454_1110_1130_455_224_896_895_897_789_894_898_893_899_892_225_891_226_890_889_227_888_228_635_636_637_638_223_222_221_220_219_229_230_348_349_352_1104_1103_1105_1102_1106_1101_1107_1100_1108_353_1099_1109_1098_354_1097_355_536_537_538_539_200_199_198_793_792_791_231_232_233_457_1131_458_1132_459_1133_356_357_358_359_360_639_640_1151_1150_641_1149_1148_642_1147_643_1146_644_1145_1144_645_1143_646_1142_647_1141_648_997_996_995_994_993_887_886_885_884_883_882_234_881_235_128_880_361_362_1096_363_1095_364_1094_365_1093_366_692_691_456_790_649_650_651_652_653_654_655_240_992_239_241_238_242_237_243_991_236_244_245_990_246_247_989_248_988_249_987_460_461_462_463_464_1216_1215_1217_1214_1218_1213_1219_1212_1220_465_656_1247_1246_657_1245_658_1244_1243_659_1242_660_1241_661_1240_662_1239_663_1238_664_1237_665_788_787_786_984_250_251_252_253_254_255_256_1088_1087_1089_1086_1090_1085_1091_257_1084_1083_258_1082_1081_259_1080_260_1079_261_540_541_542_785_986_367_368_1200_1199_1201_1198_1202_1197_1203_369_1196_1204_370_1195_1205_1194_1206_371_1193_1207_372_1192_1208_373_1191_1209_374_1190_1210_375_97_98_687_99_100_686_101_685_102_684_103_683_104_682_105_681_106_680_107_679_1092_127_129_126_130_125_131_879_124_132_878_123_133_877_122_134_876_121_135_120_136_875_119_137_874_118_138_873_117_139_872_1078_1077_1076_1075_1074_1073_160_1072_159_161_158_162_157_163_1071_156_164_155_165_1070_154_166_153_167_1069_152_168_1068_151_169_1067_543_544_1136_1135_1137_1134_1138_1139_545_1140_546_547_548_549_985_983_982_981_980_979_978_977_144_976_143_145_142_146_141_147_140_148_975_1231_112_784_111_113_110_114_109_115_783_108_116_782_781_780_779_1236_1235_1234_1233_560_1232_559_561_558_562_557_563_556_564_555_565_554_566_1230_553_567_1229_552_568_262_263_264_265_266_267_268_269_270_271_550_678_677_676_675_674_673_0_96_672_688_1_2_3_4_689_5_6_690_7_8_778_777_776_466_467_468_469_1211_1221_470_1222_471_1223_472_1224_473_1225_474_1226_475_1227_476_1167_1169_1166_1170_1165_1171_1061_1164_1172_177_1163_1173_1162_1174_178_968_967_966_965_376_1189_377_1188_378_1187_379_1186_551_1185_272_1184_273_274_275_276_1183_277_278_1182_279_1181_871_870_974_973_972_666_667_668_669_150_171_172_173_174_175_15_16_768_769_770_771_772_17_1322_971_970_969_380_381_382_383_1296_1295_1297_1294_1298_1293_1299_1292_1300_1291_1301_1290_1156_188_1155_189_190_869_1302_1289_1303_1288_1287_1286_1057_64_1056_63_65_62_66_61_67_60_68_287_1280_1279_1281_1278_1282_1277_1283_1276_1284_477_478_479_1312_1311_1313_1310_1314_1309_1315_1308_1316_1307_1317_1318_1319_1320_775_774_773_14_18_13_19_12_20_11_21_10_22_9_23_24_149_1304_1066_1065_1064_1063_1062_868_867_866_865_32_864_31_33_30_34_29_35_28_36_27_37_26_38_25_964_963_962_961_48_960_47_49_46_50_45_51_44_52_43_53_42_54_41_55_56_57_1228_1180_1179_1178_1177_1058_59_1059_58_1060_69_70_71_72_73_74_286_285_284_1321_1323_1324_1325_1326_1327_1328_575_574_573_572_1329_571_570_1330_569_1331_1176_1175_187_186_185_191_184_1264_1263_1265_1262_1266_183_1261_1267_1260_182_1259_181_1258_180_1257_1256_179_1255_1254_1253_176_1168_1332_1333_1334_1335_670_671_1343_1342_1341_1340_1339_1338_1158_1157_1154_1153_80_1152_79_81_78_82_77_83_76_84_75_85_86_280_281_1337_1336_1306_1305_1159_1160_1161_39_40_1268_1269_1270_1271_1272_1251_1250_1249_1248_95_94_93_92_170_282_283_1275_1274_1273_1285_87_88_1252_91_90_89_,0_1_2_3_4_5_6_7_8_9_10_11_12_13_14_15_16_17_18_19_20_21_22_23_24_25_26_27_28_29_30_31_32_33_34_35_36_37_38_39_40_41_42_43_44_45_46_47_48_49_50_51_52_53_54_55_56_57_58_59_60_61_62_63_64_65_66_67_68_69_70_71_72_73_74_75_76_77_78_79_80_81_82_83_84_85_86_87_88_89_90_91_92_93_94_95_96_97_98_99_100_101_102_103_104_105_106_107_108_109_110_111_112_113_114_115_116_117_118_119_120_121_122_123_124_125_126_127_128_129_130_131_132_133_134_135_136_137_138_139_140_141_142_143_144_145_146_147_148_149_150_151_152_153_154_155_156_157_158_159_160_161_162_163_164_165_166_167_168_169_170_171_172_173_174_175_176_177_178_179_180_181_182_183_184_185_186_187_188_189_190_191_192_193_194_195_196_197_198_199_200_201_202_203_204_205_206_207_208_209_210_211_212_213_214_215_216_217_218_219_220_221_222_223_224_225_226_227_228_229_230_231_232_233_234_235_236_237_238_239_240_241_242_243_244_245_246_247_248_249_250_251_252_253_254_255_256_257_258_259_260_261_262_263_264_265_266_267_268_269_270_271_272_273_274_275_276_277_278_279_280_281_282_283_284_285_286_287_288_289_290_291_292_293_294_295_296_297_298_299_300_301_302_303_304_305_306_307_308_309_310_311_312_313_314_315_316_317_318_319_320_321_322_323_324_325_326_327_328_329_330_331_332_333_334_335_336_337_338_339_340_341_342_343_344_345_346_347_348_349_350_351_352_353_354_355_356_357_358_359_360_361_362_363_364_365_366_367_368_369_370_371_372_373_374_375_376_377_378_379_380_381_382_383_384_385_386_387_388_389_390_391_392_393_394_395_396_397_398_399_400_401_402_403_404_405_406_407_408_409_410_411_412_413_414_415_416_417_418_419_420_421_422_423_424_425_426_427_428_429_430_431_432_433_434_435_436_437_438_439_440_441_442_443_444_445_446_447_448_449_450_451_452_453_454_455_456_457_458_459_460_461_462_463_464_465_466_467_468_469_470_471_472_473_474_475_476_477_478_479_480_481_482_483_484_485_486_487_488_489_490_491_492_493_494_495_496_497_498_499_500_501_502_503_504_505_506_507_508_509_510_511_512_513_514_515_516_517_518_519_520_521_522_523_524_525_526_527_528_529_530_531_532_533_534_535_536_537_538_539_540_541_542_543_544_545_546_547_548_549_550_551_552_553_554_555_556_557_558_559_560_561_562_563_564_565_566_567_568_569_570_571_572_573_574_575_576_577_578_579_580_581_582_583_584_585_586_587_588_589_590_591_592_593_594_595_596_597_598_599_600_601_602_603_604_605_606_607_608_609_610_611_612_613_614_615_616_617_618_619_620_621_622_623_624_625_626_627_628_629_630_631_632_633_634_635_636_637_638_639_640_641_642_643_644_645_646_647_648_649_650_651_652_653_654_655_656_657_658_659_660_661_662_663_664_665_666_667_668_669_670_671_672_673_674_675_676_677_678_679_680_681_682_683_684_685_686_687_688_689_690_691_692_693_694_695_696_697_698_699_700_701_702_703_704_705_706_707_708_709_710_711_712_713_714_715_716_717_718_719_720_721_722_723_724_725_726_727_728_729_730_731_732_733_734_735_736_737_738_739_740_741_742_743_744_745_746_747_748_749_750_751_752_753_754_755_756_757_758_759_760_761_762_763_764_765_766_767_768_769_770_771_772_773_774_775_776_777_778_779_780_781_782_783_784_785_786_787_788_789_790_791_792_793_794_795_796_797_798_799_800_801_802_803_804_805_806_807_808_809_810_811_812_813_814_815_816_817_818_819_820_821_822_823_824_825_826_827_828_829_830_831_832_833_834_835_836_837_838_839_840_841_842_843_844_845_846_847_848_849_850_851_852_853_854_855_856_857_858_859_860_861_862_863_864_865_866_867_868_869_870_871_872_873_874_875_876_877_878_879_880_881_882_883_884_885_886_887_888_889_890_891_892_893_894_895_896_897_898_899_900_901_902_903_904_905_906_907_908_909_910_911_912_913_914_915_916_917_918_919_920_921_922_923_924_925_926_927_928_929_930_931_932_933_934_935_936_937_938_939_940_941_942_943_944_945_946_947_948_949_950_951_952_953_954_955_956_957_958_959_960_961_962_963_964_965_966_967_968_969_970_971_972_973_974_975_976_977_978_979_980_981_982_983_984_985_986_987_988_989_990_991_992_993_994_995_996_997_998_999_1000_1001_1002_1003_1004_1005_1006_1007_1008_1009_1010_1011_1012_1013_1014_1015_1016_1017_1018_1019_1020_1021_1022_1023_1024_1025_1026_1027_1028_1029_1030_1031_1032_1033_1034_1035_1036_1037_1038_1039_1040_1041_1042_1043_1044_1045_1046_1047_1048_1049_1050_1051_1052_1053_1054_1055_1056_1057_1058_1059_1060_1061_1062_1063_1064_1065_1066_1067_1068_1069_1070_1071_1072_1073_1074_1075_1076_1077_1078_1079_1080_1081_1082_1083_1084_1085_1086_1087_1088_1089_1090_1091_1092_1093_1094_1095_1096_1097_1098_1099_1100_1101_1102_1103_1104_1105_1106_1107_1108_1109_1110_1111_1112_1113_1114_1115_1116_1117_1118_1119_1120_1121_1122_1123_1124_1125_1126_1127_1128_1129_1130_1131_1132_1133_1134_1135_1136_1137_1138_1139_1140_1141_1142_1143_1144_1145_1146_1147_1148_1149_1150_1151_1152_1153_1154_1155_1156_1157_1158_1159_1160_1161_1162_1163_1164_1165_1166_1167_1168_1169_1170_1171_1172_1173_1174_1175_1176_1177_1178_1179_1180_1181_1182_1183_1184_1185_1186_1187_1188_1189_1190_1191_1192_1193_1194_1195_1196_1197_1198_1199_1200_1201_1202_1203_1204_1205_1206_1207_1208_1209_1210_1211_1212_1213_1214_1215_1216_1217_1218_1219_1220_1221_1222_1223_1224_1225_1226_1227_1228_1229_1230_1231_1232_1233_1234_1235_1236_1237_1238_1239_1240_1241_1242_1243_1244_1245_1246_1247_1248_1249_1250_1251_1252_1253_1254_1255_1256_1257_1258_1259_1260_1261_1262_1263_1264_1265_1266_1267_1268_1269_1270_1271_1272_1273_1274_1275_1276_1277_1278_1279_1280_1281_1282_1283_1284_1285_1286_1287_1288_1289_1290_1291_1292_1293_1294_1295_1296_1297_1298_1299_1300_1301_1302_1303_1304_1305_1306_1307_1308_1309_1310_1311_1312_1313_1314_1315_1316_1317_1318_1319_1320_1321_1322_1323_1324_1325_1326_1327_1328_1329_1330_1331_1332_1333_1334_1335_1336_1337_1338_1339_1340_1341_1342_1343_,5:{15;16;768;769;770;771;772;17;}62:{1058;59;1059;58;1060;69;70;71;72;73;74;}83:{87;88;}124:{869;}133:{871;870;974;973;972;}137:{971;970;969;}142:{149;}148:{968;967;966;965;}157:{1066;1065;1064;1063;1062;}158:{150;}163:{171;172;173;174;175;}164:{1061;}166:{1167;1169;1166;1170;1165;1171;1164;1172;177;1163;1173;1162;1174;178;}171:{170;}178:{188;189;190;}188:{187;186;185;191;184;1264;1263;1265;1262;1266;183;1261;1267;1260;182;1259;181;1258;180;1257;1256;179;1255;1254;1253;176;1168;}195:{699;698;697;696;695;694;693;}201:{200;199;198;793;792;791;}206:{790;}211:{789;}216:{224;896;895;897;894;898;893;899;892;225;891;226;890;889;227;888;228;}232:{984;}249:{250;251;252;253;254;255;256;1088;1087;1089;1086;1090;1085;1091;257;1084;1083;258;1082;1081;259;1080;260;1079;261;}259:{262;263;264;265;266;267;268;269;270;271;}263:{1180;1179;1178;1177;}277:{287;1280;1279;1281;1278;1282;1277;1283;1276;1284;}295:{713;712;711;}299:{808;}304:{316;804;}305:{807;806;805;}320:{902;901;900;}339:{350;351;}343:{348;349;352;1104;1103;1105;1102;1106;1101;1107;1100;1108;353;1099;1109;1098;354;1097;355;}354:{361;362;1096;363;1095;364;1094;365;1093;366;}363:{367;368;1200;1199;1201;1198;1202;1197;1203;369;1196;1204;370;1195;1205;1194;1206;371;1193;1207;372;1192;1208;373;1191;1209;374;1190;1210;375;}374:{380;381;382;383;1296;1295;1297;1294;1298;1293;1299;1292;1300;1291;1301;1290;}376:{1304;}378:{1302;1289;1303;1288;1287;1286;}411:{412;413;414;415;416;928;927;929;926;930;925;931;417;924;932;418;923;933;922;934;419;921;935;420;920;936;421;919;937;422;918;423;}423:{427;428;429;430;431;432;1024;1023;1025;1022;1026;1021;1027;1020;1028;433;1019;1029;1018;1030;434;1017;1031;435;}435:{426;444;425;445;424;446;447;}443:{448;1120;1119;1121;1118;1122;1117;1123;449;1116;1124;450;1115;1125;1114;1126;451;1113;1127;452;1112;1128;453;1111;1129;454;1110;1130;455;}453:{460;461;462;463;464;1216;1215;1217;1214;1218;1213;1219;1212;1220;465;}464:{466;467;468;469;1211;1221;470;1222;471;1223;472;1224;473;1225;474;1226;475;1227;476;}472:{477;478;479;1312;1311;1313;1310;1314;1309;1315;1308;1316;1307;1317;1318;1319;1320;}474:{1322;}485:{484;486;483;487;482;488;481;489;480;490;752;751;753;750;754;749;755;491;748;756;492;747;757;746;758;493;745;759;494;744;760;495;743;761;496;848;847;849;742;762;846;850;845;851;844;852;497;}490:{843;853;498;842;854;499;841;855;500;840;856;839;501;838;502;}497:{857;858;508;859;509;}500:{510;511;512;944;}502:{503;504;505;506;507;943;945;942;946;941;947;940;948;513;939;949;938;950;514;}512:{515;516;517;518;519;951;520;952;521;953;954;523;955;524;}515:{525;}530:{540;541;542;}537:{543;544;1136;1135;1137;1134;1138;1139;545;1140;546;547;548;549;}538:{550;}543:{551;}555:{1228;}567:{1332;1333;1334;1335;}583:{588;589;590;591;592;863;862;593;594;595;}591:{587;596;}596:{597;598;599;}609:{620;621;}621:{622;619;623;618;624;1055;1054;617;625;1053;616;626;1052;1051;615;627;1050;614;628;1049;613;629;1048;630;1047;631;1046;632;1045;633;}626:{635;636;637;638;}636:{639;640;1151;1150;641;1149;1148;642;1147;643;1146;644;1145;1144;645;1143;646;1142;647;1141;648;}643:{649;650;651;652;653;654;655;}653:{656;1247;1246;657;1245;658;1244;1243;659;1242;660;1241;661;1240;662;1239;663;1238;664;1237;665;}657:{666;667;668;669;}662:{670;671;1343;1342;1341;1340;1339;1338;}666:{1337;1336;}680:{678;677;676;675;674;673;0;96;672;688;1;2;3;4;689;5;6;690;7;8;}691:{97;98;687;99;100;686;101;685;102;684;103;683;104;682;105;681;106;680;107;679;}703:{692;691;}712:{710;709;708;707;706;705;192;704;193;194;195;196;703;197;702;701;700;}724:{293;}726:{289;290;291;719;292;718;717;716;715;714;}732:{731;730;729;728;727;726;725;724;723;722;721;288;720;}744:{741;740;739;738;737;384;736;385;386;387;388;735;389;390;734;391;733;392;732;}756:{485;}761:{763;764;765;766;767;576;577;578;579;580;581;582;583;584;585;}763:{586;}776:{775;774;773;14;18;13;19;12;20;11;21;10;22;9;23;24;}788:{778;777;776;}791:{112;784;111;113;110;114;109;115;783;108;116;782;781;780;779;}797:{785;}798:{788;787;786;}806:{803;802;801;208;800;207;209;206;210;205;211;799;204;212;203;213;798;202;214;216;796;217;795;218;794;}809:{201;215;797;}821:{813;297;311;812;296;312;811;295;313;810;294;314;809;}826:{817;304;816;303;305;302;306;301;307;300;308;815;299;309;298;310;814;}830:{823;822;821;820;819;818;}836:{837;399;401;398;402;397;403;831;396;404;830;395;405;829;394;406;828;393;407;408;827;409;826;410;825;411;824;}844:{836;835;834;833;400;832;}849:{860;861;}871:{39;40;}872:{868;867;866;865;32;864;31;33;30;34;29;35;28;36;27;37;26;38;25;}884:{127;129;126;130;125;131;879;124;132;878;123;133;877;122;134;876;121;135;120;136;875;119;137;874;118;138;873;117;139;872;}892:{887;886;885;884;883;882;234;881;235;128;880;}903:{231;232;233;}906:{223;222;221;220;219;229;230;}912:{329;330;331;}915:{317;910;315;325;909;326;908;327;907;328;906;905;904;903;}923:{917;916;915;914;913;320;912;319;321;318;322;323;324;911;}949:{956;957;958;959;608;607;609;522;606;610;605;611;604;612;}952:{603;602;601;600;}967:{964;963;962;961;48;960;47;49;46;50;45;51;44;52;43;53;42;54;41;55;56;57;}987:{985;983;982;981;980;979;978;977;144;976;143;145;142;146;141;147;140;148;975;}998:{986;}999:{240;992;239;241;238;242;237;243;991;236;244;245;990;246;247;989;248;988;249;987;}1005:{997;996;995;994;993;}1010:{1004;1003;1002;344;1001;345;1000;346;999;347;998;}1017:{1016;1015;1014;1013;1012;1011;1010;1009;336;1008;335;337;334;338;333;339;332;340;1007;341;342;1006;343;1005;}1022:{436;437;438;439;440;441;442;443;}1031:{1032;1033;1034;1035;1036;1037;1038;1039;528;1040;527;529;526;530;531;532;1041;533;534;1042;535;1043;}1042:{536;537;538;539;}1050:{1044;634;}1067:{1057;64;1056;63;65;62;66;61;67;60;68;}1079:{1078;1077;1076;1075;1074;1073;160;1072;159;161;158;162;157;163;1071;156;164;155;165;1070;154;166;153;167;1069;152;168;1068;151;169;1067;}1097:{1092;}1112:{356;357;358;359;360;}1118:{456;}1121:{457;1131;458;1132;459;1133;}1156:{1159;1160;1161;}1162:{1158;1157;1154;1153;80;1152;79;81;78;82;77;83;76;84;75;85;86;}1167:{1156;1155;}1183:{282;283;}1187:{1176;1175;}1191:{280;281;}1193:{1185;272;1184;273;274;275;276;1183;277;278;1182;279;1181;}1198:{376;1189;377;1188;378;1187;379;1186;}1219:{1231;}1240:{1236;1235;1234;1233;560;1232;559;561;558;562;557;563;556;564;555;565;554;566;1230;553;567;1229;552;568;}1249:{1252;91;90;89;}1253:{1251;1250;1249;1248;95;94;93;92;}1264:{1268;1269;1270;1271;1272;}1277:{1275;1274;1273;1285;}1280:{286;285;284;}1313:{1306;1305;}1319:{1321;1323;1324;1325;1326;1327;1328;575;574;573;572;1329;571;570;1330;569;1331;},316_317_318_425_426_524_525_526_617_618_712_713_809_810_914_915_,485-484*0_485-486*0_485-483*0_485-487*0_485-482*0_485-488*0_485-481*0_485-489*0_485-480*0_485-490*0_485-752*0_485-751*0_485-753*0_485-750*0_485-754*0_485-749*0_485-755*0_485-491*0_485-748*0_485-756*0_485-492*0_485-747*0_485-757*0_485-746*0_485-758*0_485-493*0_485-745*0_485-759*0_485-494*0_485-744*0_485-760*0_485-495*0_485-743*0_485-761*0_485-496*0_485-848*0_485-847*0_485-849*0_485-742*0_485-762*0_485-846*0_485-850*0_485-845*0_485-851*0_485-844*0_485-852*0_485-497*0_761-763*1_744-741*1_761-764*1_744-740*1_761-765*1_744-739*1_761-766*1_744-738*1_761-767*1_744-737*1_761-576*1_761-577*1_744-384*1_744-736*1_744-385*1_761-578*1_744-386*1_761-579*1_744-387*1_761-580*1_744-388*1_744-735*1_744-389*1_761-581*1_744-390*1_744-734*1_761-582*1_844-836*1_744-391*1_761-583*1_744-733*1_844-835*1_744-392*1_761-584*1_497-857*1_744-732*1_761-585*1_844-834*1_497-858*1_844-833*1_497-508*1_497-859*1_844-400*1_844-832*1_497-509*1_490-843*1_490-853*1_490-498*1_490-842*1_490-854*1_490-499*1_490-841*1_490-855*1_490-500*1_490-840*1_490-856*1_490-839*1_490-501*1_490-838*1_490-502*1_836-837*2_836-399*2_836-401*2_836-398*2_836-402*2_836-397*2_836-403*2_836-831*2_836-396*2_836-404*2_836-830*2_836-395*2_836-405*2_836-829*2_836-394*2_836-406*2_836-828*2_836-393*2_836-407*2_836-408*2_836-827*2_836-409*2_836-826*2_836-410*2_836-825*2_836-411*2_836-824*2_756-485*1_849-860*2_732-731*2_849-861*2_732-730*2_732-729*2_500-510*2_732-728*2_500-511*2_732-727*2_500-512*2_500-944*2_732-726*2_732-725*2_732-724*2_732-723*2_732-722*2_732-721*2_732-288*2_732-720*2_830-823*3_830-822*3_830-821*3_830-820*3_830-819*3_830-818*3_502-503*2_502-504*2_502-505*2_502-506*2_502-507*2_763-586*2_502-943*2_502-945*2_502-942*2_502-946*2_502-941*2_502-947*2_502-940*2_502-948*2_502-513*2_502-939*2_502-949*2_502-938*2_502-950*2_502-514*2_411-412*4_826-817*4_411-413*4_826-304*4_826-816*4_826-303*4_826-305*4_411-414*4_826-302*4_826-306*4_826-301*4_826-307*4_826-300*4_826-308*4_826-815*4_826-299*4_826-309*4_411-415*4_826-298*4_826-310*4_826-814*4_411-416*4_411-928*4_411-927*4_411-929*4_411-926*4_411-930*4_411-925*4_411-931*4_411-417*4_411-924*4_411-932*4_411-418*4_411-923*4_411-933*4_411-922*4_411-934*4_411-419*4_411-921*4_411-935*4_411-420*4_411-920*4_411-936*4_411-421*4_411-919*4_411-937*4_411-422*4_411-918*4_411-423*4_583-588*3_583-589*3_583-590*3_583-591*3_583-592*3_583-863*3_583-862*3_583-593*3_583-594*3_583-595*3_949-956*3_949-957*3_949-958*3_949-959*3_949-608*3_949-607*3_949-609*3_949-522*3_949-606*3_949-610*3_949-605*3_949-611*3_949-604*3_949-612*3_821-813*4_821-297*4_821-311*4_821-812*4_821-296*4_821-312*4_821-811*4_821-295*4_821-313*4_821-810*4_821-294*4_821-314*4_821-809*4_305-807*5_305-806*5_923-917*5_305-805*5_923-916*5_923-915*5_423-427*5_923-914*5_423-428*5_923-913*5_423-429*5_923-320*5_923-912*5_923-319*5_923-321*5_923-318*5_923-322*5_923-323*5_923-324*5_423-430*5_923-911*5_423-431*5_423-432*5_423-1024*5_423-1023*5_423-1025*5_423-1022*5_423-1026*5_423-1021*5_423-1027*5_423-1020*5_423-1028*5_423-433*5_423-1019*5_423-1029*5_423-1018*5_423-1030*5_423-434*5_423-1017*5_423-1031*5_423-435*5_512-515*3_512-516*3_512-517*3_512-518*3_726-289*3_726-290*3_512-519*3_512-951*3_726-291*3_726-719*3_726-292*3_512-520*3_512-952*3_726-718*3_512-521*3_512-953*3_726-717*3_512-954*3_726-716*3_512-523*3_512-955*3_726-715*3_512-524*3_726-714*3_591-587*4_591-596*4_609-620*4_609-621*4_304-316*5_304-804*5_295-713*5_295-712*5_295-711*5_915-317*6_915-910*6_915-315*6_915-325*6_915-909*6_915-326*6_915-908*6_915-327*6_915-907*6_915-328*6_915-906*6_1017-1016*6_1031-1032*6_915-905*6_1017-1015*6_1031-1033*6_915-904*6_1017-1014*6_1031-1034*6_915-903*6_1017-1013*6_1031-1035*6_1017-1012*6_1031-1036*6_1017-1011*6_1031-1037*6_1017-1010*6_1031-1038*6_1017-1009*6_1031-1039*6_1017-336*6_1017-1008*6_1031-528*6_1031-1040*6_1017-335*6_1017-337*6_1031-527*6_1031-529*6_1017-334*6_1017-338*6_1031-526*6_1031-530*6_1017-333*6_1017-339*6_1031-531*6_1017-332*6_1017-340*6_1031-532*6_1017-1007*6_1031-1041*6_1017-341*6_1031-533*6_1017-342*6_1031-534*6_1017-1006*6_1031-1042*6_1017-343*6_1031-535*6_1017-1005*6_1031-1043*6_724-293*3_809-201*5_809-215*5_809-797*5_621-622*5_621-619*5_621-623*5_621-618*5_621-624*5_621-1055*5_621-1054*5_621-617*5_621-625*5_621-1053*5_621-616*5_621-626*5_621-1052*5_621-1051*5_621-615*5_621-627*5_621-1050*5_621-614*5_621-628*5_621-1049*5_621-613*5_621-629*5_621-1048*5_621-630*5_621-1047*5_621-631*5_621-1046*5_621-632*5_621-1045*5_621-633*5_1022-436*6_1022-437*6_1022-438*6_1022-439*6_1022-440*6_1022-441*6_1022-442*6_1022-443*6_299-808*5_435-426*6_435-444*6_435-425*6_435-445*6_435-424*6_435-446*6_435-447*6_515-525*4_339-350*7_339-351*7_712-710*4_712-709*4_712-708*4_712-707*4_712-706*4_712-705*4_712-192*4_712-704*4_712-193*4_712-194*4_712-195*4_712-196*4_712-703*4_712-197*4_712-702*4_712-701*4_712-700*4_806-803*6_806-802*6_806-801*6_806-208*6_806-800*6_806-207*6_806-209*6_806-206*6_806-210*6_806-205*6_806-211*6_806-799*6_806-204*6_806-212*6_806-203*6_806-213*6_806-798*6_806-202*6_806-214*6_806-216*6_806-796*6_806-217*6_806-795*6_806-218*6_806-794*6_1050-1044*6_1050-634*6_952-603*4_952-602*4_952-601*4_952-600*4_320-902*6_320-901*6_320-900*6_1010-1004*7_1010-1003*7_1010-1002*7_1010-344*7_1010-1001*7_1010-345*7_1010-1000*7_1010-346*7_1010-999*7_1010-347*7_1010-998*7_596-597*5_596-598*5_596-599*5_195-699*5_195-698*5_195-697*5_195-696*5_195-695*5_195-694*5_195-693*5_912-329*6_912-330*6_912-331*6_443-448*7_443-1120*7_443-1119*7_443-1121*7_443-1118*7_443-1122*7_443-1117*7_443-1123*7_443-449*7_443-1116*7_443-1124*7_443-450*7_443-1115*7_443-1125*7_443-1114*7_443-1126*7_443-451*7_443-1113*7_443-1127*7_443-452*7_443-1112*7_443-1128*7_443-453*7_443-1111*7_443-1129*7_443-454*7_443-1110*7_443-1130*7_443-455*7_216-224*7_216-896*7_216-895*7_216-897*7_211-789*7_216-894*7_216-898*7_216-893*7_216-899*7_216-892*7_216-225*7_216-891*7_216-226*7_216-890*7_216-889*7_216-227*7_216-888*7_216-228*7_626-635*7_626-636*7_626-637*7_626-638*7_906-223*7_906-222*7_906-221*7_906-220*7_906-219*7_906-229*7_906-230*7_343-348*8_343-349*8_343-352*8_343-1104*8_343-1103*8_343-1105*8_343-1102*8_343-1106*8_343-1101*8_343-1107*8_343-1100*8_343-1108*8_343-353*8_343-1099*8_343-1109*8_343-1098*8_343-354*8_343-1097*8_343-355*8_1042-536*7_1042-537*7_1042-538*7_1042-539*7_201-200*7_201-199*7_201-198*7_201-793*7_201-792*7_201-791*7_903-231*7_903-232*7_903-233*7_1121-457*8_1121-1131*8_1121-458*8_1121-1132*8_1121-459*8_1121-1133*8_1112-356*8_1112-357*8_1112-358*8_1112-359*8_1112-360*8_636-639*8_636-640*8_636-1151*8_636-1150*8_636-641*8_636-1149*8_636-1148*8_636-642*8_636-1147*8_636-643*8_636-1146*8_636-644*8_636-1145*8_636-1144*8_636-645*8_636-1143*8_636-646*8_636-1142*8_636-647*8_636-1141*8_636-648*8_1005-997*8_1005-996*8_1005-995*8_1005-994*8_1005-993*8_892-887*8_892-886*8_892-885*8_892-884*8_892-883*8_892-882*8_892-234*8_892-881*8_892-235*8_892-128*8_892-880*8_354-361*9_354-362*9_354-1096*9_354-363*9_354-1095*9_354-364*9_354-1094*9_354-365*9_354-1093*9_354-366*9_703-692*8_703-691*8_1118-456*8_206-790*7_643-649*9_643-650*9_643-651*9_643-652*9_643-653*9_643-654*9_643-655*9_999-240*9_999-992*9_999-239*9_999-241*9_999-238*9_999-242*9_999-237*9_999-243*9_999-991*9_999-236*9_999-244*9_999-245*9_999-990*9_999-246*9_999-247*9_999-989*9_999-248*9_999-988*9_999-249*9_999-987*9_453-460*9_453-461*9_453-462*9_453-463*9_453-464*9_453-1216*9_453-1215*9_453-1217*9_453-1214*9_453-1218*9_453-1213*9_453-1219*9_453-1212*9_453-1220*9_453-465*9_653-656*10_653-1247*10_653-1246*10_653-657*10_653-1245*10_653-658*10_653-1244*10_653-1243*10_653-659*10_653-1242*10_653-660*10_653-1241*10_653-661*10_653-1240*10_653-662*10_653-1239*10_653-663*10_653-1238*10_653-664*10_653-1237*10_653-665*10_798-788*8_798-787*8_798-786*8_232-984*9_249-250*10_249-251*10_249-252*10_249-253*10_249-254*10_249-255*10_249-256*10_249-1088*10_249-1087*10_249-1089*10_249-1086*10_249-1090*10_249-1085*10_249-1091*10_249-257*10_249-1084*10_249-1083*10_249-258*10_249-1082*10_249-1081*10_249-259*10_249-1080*10_249-260*10_249-1079*10_249-261*10_530-540*7_530-541*7_530-542*7_797-785*9_998-986*10_363-367*10_363-368*10_363-1200*10_363-1199*10_363-1201*10_363-1198*10_363-1202*10_363-1197*10_363-1203*10_363-369*10_363-1196*10_363-1204*10_363-370*10_363-1195*10_363-1205*10_363-1194*10_363-1206*10_363-371*10_363-1193*10_363-1207*10_363-372*10_363-1192*10_363-1208*10_363-373*10_363-1191*10_363-1209*10_363-374*10_363-1190*10_363-1210*10_363-375*10_691-97*9_691-98*9_691-687*9_691-99*9_691-100*9_691-686*9_691-101*9_691-685*9_691-102*9_691-684*9_691-103*9_691-683*9_691-104*9_691-682*9_691-105*9_691-681*9_691-106*9_691-680*9_691-107*9_691-679*9_1097-1092*10_884-127*9_884-129*9_884-126*9_884-130*9_884-125*9_884-131*9_884-879*9_884-124*9_884-132*9_884-878*9_884-123*9_884-133*9_884-877*9_884-122*9_884-134*9_884-876*9_884-121*9_884-135*9_884-120*9_884-136*9_884-875*9_884-119*9_884-137*9_884-874*9_884-118*9_884-138*9_884-873*9_884-117*9_884-139*9_884-872*9_1079-1078*11_1079-1077*11_1079-1076*11_1079-1075*11_1079-1074*11_1079-1073*11_1079-160*11_1079-1072*11_1079-159*11_1079-161*11_1079-158*11_1079-162*11_1079-157*11_1079-163*11_1079-1071*11_1079-156*11_1079-164*11_1079-155*11_1079-165*11_1079-1070*11_1079-154*11_1079-166*11_1079-153*11_1079-167*11_1079-1069*11_1079-152*11_1079-168*11_1079-1068*11_1079-151*11_1079-169*11_1079-1067*11_537-543*9_537-544*9_537-1136*9_537-1135*9_537-1137*9_537-1134*9_537-1138*9_537-1139*9_537-545*9_537-1140*9_537-546*9_537-547*9_537-548*9_537-549*9_987-985*10_987-983*10_987-982*10_987-981*10_987-980*10_987-979*10_987-978*10_987-977*10_987-144*10_987-976*10_987-143*10_987-145*10_987-142*10_987-146*10_987-141*10_987-147*10_987-140*10_987-148*10_987-975*10_1219-1231*10_791-112*9_791-784*9_791-111*9_791-113*9_791-110*9_791-114*9_791-109*9_791-115*9_791-783*9_791-108*9_791-116*9_791-782*9_791-781*9_791-780*9_791-779*9_1240-1236*11_1240-1235*11_1240-1234*11_1240-1233*11_1240-560*11_1240-1232*11_1240-559*11_1240-561*11_1240-558*11_1240-562*11_1240-557*11_1240-563*11_1240-556*11_1240-564*11_1240-555*11_1240-565*11_1240-554*11_1240-566*11_1240-1230*11_1240-553*11_1240-567*11_1240-1229*11_1240-552*11_1240-568*11_259-262*11_259-263*11_259-264*11_259-265*11_259-266*11_259-267*11_259-268*11_259-269*11_259-270*11_259-271*11_538-550*9_680-678*10_680-677*10_680-676*10_680-675*10_680-674*10_680-673*10_680-0*10_680-96*10_680-672*10_680-688*10_680-1*10_680-2*10_680-3*10_680-4*10_680-689*10_680-5*10_680-6*10_680-690*10_680-7*10_680-8*10_788-778*10_788-777*10_788-776*10_464-466*10_464-467*10_464-468*10_464-469*10_464-1211*10_464-1221*10_464-470*10_464-1222*10_464-471*10_464-1223*10_464-472*10_464-1224*10_464-473*10_464-1225*10_464-474*10_464-1226*10_464-475*10_464-1227*10_464-476*10_166-1167*12_166-1169*12_166-1166*12_166-1170*12_166-1165*12_166-1171*12_164-1061*12_166-1164*12_166-1172*12_166-177*12_166-1163*12_166-1173*12_166-1162*12_166-1174*12_166-178*12_148-968*11_148-967*11_148-966*11_148-965*11_1198-376*12_1198-1189*12_1198-377*12_1198-1188*12_1198-378*12_1198-1187*12_1198-379*12_1198-1186*12_543-551*10_1193-1185*11_1193-272*11_1193-1184*11_1193-273*11_1193-274*11_1193-275*11_1193-276*11_1193-1183*11_1193-277*11_1193-278*11_1193-1182*11_1193-279*11_1193-1181*11_133-871*10_133-870*10_133-974*10_133-973*10_133-972*10_657-666*12_657-667*12_657-668*12_657-669*12_158-150*12_163-171*12_163-172*12_163-173*12_163-174*12_163-175*12_5-15*11_5-16*11_5-768*11_5-769*11_5-770*11_5-771*11_5-772*11_5-17*11_474-1322*11_137-971*10_137-970*10_137-969*10_374-380*11_374-381*11_374-382*11_374-383*11_374-1296*11_374-1295*11_374-1297*11_374-1294*11_374-1298*11_374-1293*11_374-1299*11_374-1292*11_374-1300*11_374-1291*11_374-1301*11_374-1290*11_1167-1156*13_178-188*13_1167-1155*13_178-189*13_178-190*13_124-869*10_378-1302*13_378-1289*13_378-1303*13_378-1288*13_378-1287*13_378-1286*13_1067-1057*12_1067-64*12_1067-1056*12_1067-63*12_1067-65*12_1067-62*12_1067-66*12_1067-61*12_1067-67*12_1067-60*12_1067-68*12_277-287*12_277-1280*12_277-1279*12_277-1281*12_277-1278*12_277-1282*12_277-1277*12_277-1283*12_277-1276*12_277-1284*12_472-477*11_472-478*11_472-479*11_472-1312*11_472-1311*11_472-1313*11_472-1310*11_472-1314*11_472-1309*11_472-1315*11_472-1308*11_472-1316*11_472-1307*11_472-1317*11_472-1318*11_472-1319*11_472-1320*11_776-775*11_776-774*11_776-773*11_776-14*11_776-18*11_776-13*11_776-19*11_776-12*11_776-20*11_776-11*11_776-21*11_776-10*11_776-22*11_776-9*11_776-23*11_776-24*11_142-149*11_376-1304*13_157-1066*12_157-1065*12_157-1064*12_157-1063*12_157-1062*12_872-868*11_872-867*11_872-866*11_872-865*11_872-32*11_872-864*11_872-31*11_872-33*11_872-30*11_872-34*11_872-29*11_872-35*11_872-28*11_872-36*11_872-27*11_872-37*11_872-26*11_872-38*11_872-25*11_967-964*12_967-963*12_967-962*12_967-961*12_967-48*12_967-960*12_967-47*12_967-49*12_967-46*12_967-50*12_967-45*12_967-51*12_967-44*12_967-52*12_967-43*12_967-53*12_967-42*12_967-54*12_967-41*12_967-55*12_967-56*12_967-57*12_555-1228*11_263-1180*12_263-1179*12_263-1178*12_263-1177*12_62-1058*13_62-59*13_62-1059*13_62-58*13_62-1060*13_62-69*13_62-70*13_62-71*13_62-72*13_62-73*13_62-74*13_1280-286*13_1280-285*13_1280-284*13_1319-1321*12_1319-1323*12_1319-1324*12_1319-1325*12_1319-1326*12_1319-1327*12_1319-1328*12_1319-575*12_1319-574*12_1319-573*12_1319-572*12_1319-1329*12_1319-571*12_1319-570*12_1319-1330*12_1319-569*12_1319-1331*12_1187-1176*12_1187-1175*12_188-187*14_188-186*14_188-185*14_188-191*14_188-184*14_188-1264*14_188-1263*14_188-1265*14_188-1262*14_188-1266*14_188-183*14_188-1261*14_188-1267*14_188-1260*14_188-182*14_188-1259*14_188-181*14_188-1258*14_188-180*14_188-1257*14_188-1256*14_188-179*14_188-1255*14_188-1254*14_188-1253*14_188-176*14_188-1168*14_567-1332*12_567-1333*12_567-1334*12_567-1335*12_662-670*13_662-671*13_662-1343*13_662-1342*13_662-1341*13_662-1340*13_662-1339*13_662-1338*13_1162-1158*13_1162-1157*13_1162-1154*13_1162-1153*13_1162-80*13_1162-1152*13_1162-79*13_1162-81*13_1162-78*13_1162-82*13_1162-77*13_1162-83*13_1162-76*13_1162-84*13_1162-75*13_1162-85*13_1162-86*13_1191-280*13_1191-281*13_666-1337*13_666-1336*13_1313-1306*12_1313-1305*12_1156-1159*14_1156-1160*14_1156-1161*14_871-39*11_871-40*11_1264-1268*15_1264-1269*15_1264-1270*15_1264-1271*15_1264-1272*15_1253-1251*15_1253-1250*15_1253-1249*15_1253-1248*15_1253-95*15_1253-94*15_1253-93*15_1253-92*15_171-170*13_1183-282*13_1183-283*13_1277-1275*13_1277-1274*13_1277-1273*13_1277-1285*13_83-87*15_83-88*15_1249-1252*16_1249-91*16_1249-90*16_1249-89*16_
