"id","Scenario","Actual Range","Protocol","Buildings","Total nodes","Nodes on circ","Total coverage","Coverage on circ","Alert received mean time","Hops","Slots","Messages sent","Messages received", "Starting x", "Starting y","Starting node", "Vehicle distance", "Received node ids", "Node ids", "Transmission map", "Received on circ nodes", "Transmission vector"
0,1,500,300,1,1318,47,1064,31,231432,12.8387,248.419,246,1064,555.14,1359.85,309,35,310_308_531_532_312_529_307_535_326_306_315_316_314_544_327_543_309_841_852_317_318_410_409_411_863_319_875_412_406_413_405_414_404_403_416_418_480_402_417_429_428_485_454_476_477_427_478_444_436_437_401_481_325_400_919_908_399_952_426_432_422_433_415_528_537_538_527_311_536_533_986_997_321_526_539_540_407_886_320_322_446_438_447_445_439_434_448_435_440_443_441_450_575_897_323_290_395_1008_301_394_398_520_299_292_484_393_483_392_391_390_389_425_424_449_420_421_479_423_1063_1074_1052_388_249_1041_244_1030_266_1108_245_1019_265_246_248_396_482_534_264_263_286_303_298_304_295_545_826_817_570_525_568_524_523_498_522_495_241_496_494_493_492_546_491_1097_14_1119_1085_284_3_58_285_1307_305_293_294_300_941_963_930_518_577_521_547_377_376_378_257_126_374_379_256_380_381_66_830_819_1130_287_124_373_123_127_261_122_974_517_255_259_254_260_253_252_121_559_576_548_558_574_500_549_586_597_816_815_775_814_786_813_797_812_499_501_550_128_129_120_808_551_557_555_556_560_585_561_581_582_580_562_554_583_600_563_251_65_822_567_569_821_823_824_64_369_370_368_809_811_827_828_806_820_818_288_289_371_599_596_579_584_598_803_47_387_385_384_383_250_68_109_382_108_367_366_804_802_801_1277_800_1276_1275_810_1273_1272_602_1271_1270_1269_1268_1242_1256_592_502_589_62_365_112_363_588_1266_593_590_1265_591_587_595_601_1257_1244_61_63_107_60_106_94_83_84_85_89_829_831_877_552_372_262_282_281_169_158_1243_1245_1251_1224_1246_1247_1223_1278_1253_1208_1254_1255_1196_1200_1201_1202_86_87_111_90_1170_1168_1203_1169_1204_1291_1287_1171_1290_1288_1172_1190_277_1289_1173_1191_276_1140_1175_1139_1192_1142_1138_1193_345_344_1143_1194_346_1145_1035_1034_1005_1033_164_1006_1136_1144_1004_1250_1003_165_1137_1002_166_1036_1179_1134_1177_199_1180_1181_1007_163_1109_215_1110_1111_170_1118_168_206_207_208_167_172_173_214_212_1112_211_194_174_193_175_192_190_177_189_178_1120_179_1122_171_1123_181_186_1124_185_182_1125_205_1126_184_204_195_183_187_188_1186_1187_203_1188_832_833_869_1009_1010_1042_1043_1044_1094_1045_1046_1199_1121_1113_1114_1115_1128_1116_1127_1117_1129_1076_1075_1131_1073_1132_1135_1072_1071_1146_176_196_1141_1056_217_1070_1069_1053_1061_1062_1064_1066_1065_220_835_850_849_1098_1079_1080_1078_198_467_466_458_566_1198_1197_1195_1176_1178_1206_1107_1037_273_272_1001_1060_1054_197_218_1077_1081_1095_1091_1092_1093_983_834_848_853_851_1068_1067_219_1038_1088_1039_1040_1047_1048_981_980_979_969_923_1055_1182_1183_1106_1184_1105_1104_1084_226_1099_1089_1083_1090_1082_67_279_313_278_324_283_291_1057_1051_1058_1050_1049_1059_470_471_472_468_329_328_1087_222_982_978_977_336_302_115_130_117_134_131_135_137_362_361_110_270_92_565_572_348_1249_349_223_1086_1100_1103_984_1101_1102_973_972_221_953_210_216_1264_1262_209_93_34_473_474_463_459_846_845_837_836_951_975_950_88_1248_1240_347_267_356_360_357_359_358_1301_1300_1302_1303_1299_139_140_157_1313_1314_141_155_1160_152_1159_1158_153_1157_154_1155_1156_1154_1153_1150_1161_144_159_143_148_48_146_1151_1267_1261_1219_764_752_1133_876_878_807_805_149_145_160_161_1147_465_469_462_730_460_892_791_503_847_844_862_838_854_843_228_949_229_948_954_955_461_455_452_891_879_790_792_789_793_150_1148_162_4_1312_1304_1297_1305_1295_1310_947_946_966_956_453_442_464_475_431_594_1230_69_80_91_116_132_133_22_21_17_16_571_825_456_268_271_504_243_505_242_341_451_23_20_24_26_1308_39_1149_151_46_41_40_49_38_37_35_213_102_1260_1259_842_861_840_839_893_866_788_868_855_985_50_15_13_27_29_30_12_42_11_10_9_31_32_33_340_342_513_512_343_514_510_297_511_296_103_101_741_608_856_867_857_865_515_1274_509_1174_1285_258_1163_247_1152_191_180_202_236_1296_36_1306_1311_1315_1309_1316_1317_507_506_864_945_957_965_964_967_968_787_785_784_873_783_516_1258_880_881_794_882_883_884_885_782_781_890_18_225_136_19_25_1263_1252_1241_125_147_1221_269_1220_619_419_397_486_708_497_508_224_519_530_1185_777_889_776_778_887_1222_1214_858_859_541_430_408_386_375_630_364_335_1218_1282_1281_1286_1216_1280_1284_860_763_874_697_641_653_686_1213_1279_1283_1211_1229_1212_1228_1226_774_773_888_753_755_751_750_754_756_749_747_748_744_757_894_743_759_742_664_675_1210_1234_1227_1235_1209_1236_1237_1205_2_745_740_746_737_736_733_732_728_729_731_727_723_711_725_720_352_542_113_553_564_1207_1231_1233_1238_1232_1225_721_722_718_703_694_716_693_692_691_695_687_681_678_1239_735_738_734_739_354_760_353_1096_715_717_714_713_724_709_707_712_726_706_899_898_902_901_685_684_683_682_705_710_704_699_690_688_689_677_679_680_676_674_671_673_669_668_667_660_698_696_,0_1_2_3_4_5_6_7_8_9_10_11_12_13_14_15_16_17_18_19_20_21_22_23_24_25_26_27_28_29_30_31_32_33_34_35_36_37_38_39_40_41_42_43_44_45_46_47_48_49_50_51_52_53_54_55_56_57_58_59_60_61_62_63_64_65_66_67_68_69_70_71_72_73_74_75_76_77_78_79_80_81_82_83_84_85_86_87_88_89_90_91_92_93_94_95_96_97_98_99_100_101_102_103_104_105_106_107_108_109_110_111_112_113_114_115_116_117_118_119_120_121_122_123_124_125_126_127_128_129_130_131_132_133_134_135_136_137_138_139_140_141_142_143_144_145_146_147_148_149_150_151_152_153_154_155_156_157_158_159_160_161_162_163_164_165_166_167_168_169_170_171_172_173_174_175_176_177_178_179_180_181_182_183_184_185_186_187_188_189_190_191_192_193_194_195_196_197_198_199_200_201_202_203_204_205_206_207_208_209_210_211_212_213_214_215_216_217_218_219_220_221_222_223_224_225_226_227_228_229_230_231_232_233_234_235_236_237_238_239_240_241_242_243_244_245_246_247_248_249_250_251_252_253_254_255_256_257_258_259_260_261_262_263_264_265_266_267_268_269_270_271_272_273_274_275_276_277_278_279_280_281_282_283_284_285_286_287_288_289_290_291_292_293_294_295_296_297_298_299_300_301_302_303_304_305_306_307_308_309_310_311_312_313_314_315_316_317_318_319_320_321_322_323_324_325_326_327_328_329_330_331_332_333_334_335_336_337_338_339_340_341_342_343_344_345_346_347_348_349_350_351_352_353_354_355_356_357_358_359_360_361_362_363_364_365_366_367_368_369_370_371_372_373_374_375_376_377_378_379_380_381_382_383_384_385_386_387_388_389_390_391_392_393_394_395_396_397_398_399_400_401_402_403_404_405_406_407_408_409_410_411_412_413_414_415_416_417_418_419_420_421_422_423_424_425_426_427_428_429_430_431_432_433_434_435_436_437_438_439_440_441_442_443_444_445_446_447_448_449_450_451_452_453_454_455_456_457_458_459_460_461_462_463_464_465_466_467_468_469_470_471_472_473_474_475_476_477_478_479_480_481_482_483_484_485_486_487_488_489_490_491_492_493_494_495_496_497_498_499_500_501_502_503_504_505_506_507_508_509_510_511_512_513_514_515_516_517_518_519_520_521_522_523_524_525_526_527_528_529_530_531_532_533_534_535_536_537_538_539_540_541_542_543_544_545_546_547_548_549_550_551_552_553_554_555_556_557_558_559_560_561_562_563_564_565_566_567_568_569_570_571_572_573_574_575_576_577_578_579_580_581_582_583_584_585_586_587_588_589_590_591_592_593_594_595_596_597_598_599_600_601_602_603_604_605_606_607_608_609_610_611_612_613_614_615_616_617_618_619_620_621_622_623_624_625_626_627_628_629_630_631_632_633_634_635_636_637_638_639_640_641_642_643_644_645_646_647_648_649_650_651_652_653_654_655_656_657_658_659_660_661_662_663_664_665_666_667_668_669_670_671_672_673_674_675_676_677_678_679_680_681_682_683_684_685_686_687_688_689_690_691_692_693_694_695_696_697_698_699_700_701_702_703_704_705_706_707_708_709_710_711_712_713_714_715_716_717_718_719_720_721_722_723_724_725_726_727_728_729_730_731_732_733_734_735_736_737_738_739_740_741_742_743_744_745_746_747_748_749_750_751_752_753_754_755_756_757_758_759_760_761_762_763_764_765_766_767_768_769_770_771_772_773_774_775_776_777_778_779_780_781_782_783_784_785_786_787_788_789_790_791_792_793_794_795_796_797_798_799_800_801_802_803_804_805_806_807_808_809_810_811_812_813_814_815_816_817_818_819_820_821_822_823_824_825_826_827_828_829_830_831_832_833_834_835_836_837_838_839_840_841_842_843_844_845_846_847_848_849_850_851_852_853_854_855_856_857_858_859_860_861_862_863_864_865_866_867_868_869_870_871_872_873_874_875_876_877_878_879_880_881_882_883_884_885_886_887_888_889_890_891_892_893_894_895_896_897_898_899_900_901_902_903_904_905_906_907_908_909_910_911_912_913_914_915_916_917_918_919_920_921_922_923_924_925_926_927_928_929_930_931_932_933_934_935_936_937_938_939_940_941_942_943_944_945_946_947_948_949_950_951_952_953_954_955_956_957_958_959_960_961_962_963_964_965_966_967_968_969_970_971_972_973_974_975_976_977_978_979_980_981_982_983_984_985_986_987_988_989_990_991_992_993_994_995_996_997_998_999_1000_1001_1002_1003_1004_1005_1006_1007_1008_1009_1010_1011_1012_1013_1014_1015_1016_1017_1018_1019_1020_1021_1022_1023_1024_1025_1026_1027_1028_1029_1030_1031_1032_1033_1034_1035_1036_1037_1038_1039_1040_1041_1042_1043_1044_1045_1046_1047_1048_1049_1050_1051_1052_1053_1054_1055_1056_1057_1058_1059_1060_1061_1062_1063_1064_1065_1066_1067_1068_1069_1070_1071_1072_1073_1074_1075_1076_1077_1078_1079_1080_1081_1082_1083_1084_1085_1086_1087_1088_1089_1090_1091_1092_1093_1094_1095_1096_1097_1098_1099_1100_1101_1102_1103_1104_1105_1106_1107_1108_1109_1110_1111_1112_1113_1114_1115_1116_1117_1118_1119_1120_1121_1122_1123_1124_1125_1126_1127_1128_1129_1130_1131_1132_1133_1134_1135_1136_1137_1138_1139_1140_1141_1142_1143_1144_1145_1146_1147_1148_1149_1150_1151_1152_1153_1154_1155_1156_1157_1158_1159_1160_1161_1162_1163_1164_1165_1166_1167_1168_1169_1170_1171_1172_1173_1174_1175_1176_1177_1178_1179_1180_1181_1182_1183_1184_1185_1186_1187_1188_1189_1190_1191_1192_1193_1194_1195_1196_1197_1198_1199_1200_1201_1202_1203_1204_1205_1206_1207_1208_1209_1210_1211_1212_1213_1214_1215_1216_1217_1218_1219_1220_1221_1222_1223_1224_1225_1226_1227_1228_1229_1230_1231_1232_1233_1234_1235_1236_1237_1238_1239_1240_1241_1242_1243_1244_1245_1246_1247_1248_1249_1250_1251_1252_1253_1254_1255_1256_1257_1258_1259_1260_1261_1262_1263_1264_1265_1266_1267_1268_1269_1270_1271_1272_1273_1274_1275_1276_1277_1278_1279_1280_1281_1282_1283_1284_1285_1286_1287_1288_1289_1290_1291_1292_1293_1294_1295_1296_1297_1298_1299_1300_1301_1302_1303_1304_1305_1306_1307_1308_1309_1310_1311_1312_1313_1314_1315_1316_1317_,20:{19;}22:{23;20;24;26;1308;39;}34:{103;101;}36:{25;1263;1252;1241;}37:{50;15;13;27;29;30;12;42;11;10;9;31;32;33;}62:{61;63;107;60;106;94;83;84;85;89;}85:{86;87;111;90;}87:{88;}91:{213;102;}92:{93;34;}108:{67;}112:{115;130;117;134;131;135;137;362;361;110;270;92;}123:{128;129;120;}126:{124;373;123;127;261;122;}129:{369;370;368;}130:{116;132;133;22;21;17;16;}136:{125;147;1221;269;1220;}139:{4;1312;1304;1297;1305;1295;1310;}143:{1149;151;46;41;40;49;38;37;35;}148:{149;145;160;161;1147;}154:{1161;144;159;143;148;48;146;1151;}160:{150;1148;162;}173:{194;174;193;175;192;190;177;189;178;1120;179;1122;171;1123;181;186;1124;185;182;1125;205;1126;184;204;195;183;187;188;1186;1187;203;1188;}189:{176;196;}191:{202;236;}198:{197;218;1077;1081;1095;1091;1092;1093;983;}210:{209;}211:{210;216;}213:{225;136;}222:{223;1086;1100;1103;984;1101;1102;}229:{947;946;966;956;}248:{377;376;378;257;126;374;379;256;380;381;66;}252:{64;}255:{62;}256:{255;259;254;260;253;252;121;}258:{1163;247;1152;191;180;}265:{264;263;286;}278:{336;302;}281:{279;313;278;324;283;291;}284:{1130;287;}287:{288;289;371;}288:{1141;}292:{303;298;304;295;}296:{507;506;}303:{293;294;300;}306:{320;322;}309:{310;308;531;532;312;529;307;535;326;306;315;}315:{316;314;544;327;543;309;841;852;317;}317:{318;410;409;411;863;319;875;412;406;413;405;414;404;403;416;418;480;402;417;429;428;485;}322:{897;323;}328:{764;752;}335:{2;}336:{347;267;356;360;357;359;358;1301;1300;}341:{340;342;513;512;343;514;510;297;511;296;}347:{268;271;}349:{1248;1240;}358:{1302;1303;1299;139;140;157;1313;1314;141;155;1160;152;1159;1158;153;1157;154;1155;1156;1154;1153;1150;}366:{365;112;363;}369:{367;366;}371:{372;262;282;281;169;158;}380:{251;65;}383:{382;108;}390:{1063;1074;1052;388;249;1041;244;1030;266;1108;245;1019;265;246;248;396;482;}397:{408;386;375;630;364;335;}400:{986;997;321;}402:{401;481;325;400;919;908;399;952;}410:{407;886;}417:{454;476;477;478;444;}418:{420;421;479;423;}426:{425;424;449;}428:{426;432;422;433;415;}429:{427;436;437;}437:{446;438;447;445;439;434;448;435;440;}444:{443;441;450;575;}449:{586;597;}455:{456;}459:{461;455;452;}463:{453;442;464;475;431;}466:{470;471;472;468;329;328;}472:{473;474;463;459;}473:{465;469;462;730;460;}475:{451;}495:{496;494;493;492;546;491;}501:{592;502;589;}502:{503;}503:{504;243;505;242;341;}505:{516;}508:{224;519;530;}511:{515;1274;509;1174;1285;258;}519:{542;113;553;564;1207;}523:{577;521;547;}527:{526;539;540;}529:{528;537;538;527;311;536;533;}533:{534;}539:{498;522;495;241;}544:{545;826;817;570;525;568;524;523;}547:{559;576;548;558;574;500;549;}548:{499;501;550;}550:{551;557;555;556;560;585;}554:{552;}560:{561;581;582;580;562;554;583;600;563;}565:{571;825;}566:{565;572;}568:{822;567;569;821;823;824;}588:{1264;1262;}589:{588;1266;593;590;1265;591;587;}596:{595;601;1257;1244;}600:{599;596;579;584;598;803;}608:{619;419;397;486;708;497;508;}683:{704;699;690;}690:{688;689;677;679;680;676;674;671;673;669;668;667;660;}697:{664;675;}704:{698;696;}708:{697;641;653;686;}712:{705;710;}716:{715;717;714;713;}720:{721;722;718;703;694;716;693;692;691;695;687;681;678;}723:{724;709;707;712;726;706;899;898;}728:{727;723;711;725;720;352;}730:{608;}735:{902;}737:{735;738;734;739;354;760;353;}743:{745;740;746;737;736;}745:{733;732;728;729;731;}752:{741;}753:{750;754;756;749;747;}756:{748;744;757;894;743;759;742;}776:{774;773;888;753;755;751;}783:{782;781;890;}788:{787;785;784;873;783;}791:{891;879;790;792;789;793;}803:{804;802;801;1277;800;1276;1275;810;1273;}808:{467;466;458;}812:{809;811;827;828;806;}817:{816;815;775;814;786;813;797;812;}822:{566;}823:{820;818;}828:{829;831;877;}829:{832;833;869;}830:{808;}832:{835;850;849;}841:{830;819;}843:{842;861;840;839;893;866;788;868;855;985;}846:{847;844;862;838;854;843;}848:{846;845;837;836;}849:{834;848;853;851;}857:{858;859;541;430;}859:{860;763;874;}867:{864;}868:{856;867;857;865;}876:{892;791;}877:{876;878;807;805;}879:{880;881;794;882;883;884;885;}890:{777;889;776;778;887;}902:{901;685;684;683;682;}945:{965;964;967;968;}946:{945;957;}950:{228;949;229;948;954;955;}952:{941;963;930;518;}963:{974;517;}972:{951;975;950;}978:{973;972;221;953;}980:{1055;}981:{969;923;}997:{290;395;1008;301;394;398;520;299;292;484;393;483;392;391;390;389;}1003:{1009;1010;1042;1043;1044;1094;1045;1046;1199;}1035:{1036;1179;1177;1180;1181;1007;1109;215;1110;1111;1118;}1037:{1038;1088;1039;1040;1047;1048;981;980;979;}1044:{1098;}1045:{1079;1080;1078;198;}1055:{1057;1051;1058;1050;1049;1059;}1061:{1060;1054;}1064:{1068;1067;219;}1073:{1056;217;1070;1069;1053;1061;1062;1064;1066;1065;220;}1085:{47;387;385;384;383;250;68;109;}1088:{1087;222;982;978;977;}1108:{1097;14;1119;1085;284;3;58;285;1307;305;}1110:{214;212;1112;211;}1118:{1121;1113;1114;1115;1128;1116;1127;1117;1129;1076;1075;1131;1073;1132;1135;1072;1071;1146;}1134:{1133;}1137:{1134;199;163;170;168;206;207;208;167;172;173;}1183:{1082;}1198:{1182;1183;1106;1184;1105;1104;1084;226;1099;1089;1083;1090;}1199:{1198;1197;1195;1176;1178;1206;1107;1037;273;272;1001;}1201:{1170;1168;1203;1169;1204;1291;1287;1171;1290;1288;1172;1190;277;1289;1173;1191;276;1140;1175;1139;1192;1142;1138;1193;345;344;1143;1194;346;1145;1035;1034;1005;1033;164;1006;1136;1144;1004;1250;1003;165;1137;1002;166;}1207:{1096;}1211:{1210;1234;1227;1235;1209;1236;1237;1205;}1214:{1213;1279;1283;}1219:{594;1230;69;80;91;}1220:{1218;1282;1281;1286;1216;1280;1284;}1228:{1231;1233;1238;1232;1225;}1230:{1185;}1233:{1239;}1251:{348;1249;349;}1257:{1243;1245;1251;1224;1246;1247;1223;1278;1253;1208;1254;1255;1196;1200;1201;1202;}1258:{1222;1214;}1260:{1258;}1261:{1260;1259;}1264:{1267;1261;1219;}1269:{1256;}1273:{1272;602;1271;1270;1269;1268;1242;}1281:{1212;1228;1226;}1283:{1211;1229;}1285:{1296;36;}1305:{1306;1311;1315;1309;1316;1317;}1306:{18;},63_64_68_106_107_109_120_121_270_271_272_273_336_344_345_347_356_361_368_369_777_781_888_889_890_1206_1209_1236_1237_1247_1248_,309-310*0_309-308*0_309-531*0_309-532*0_309-312*0_309-529*0_309-307*0_309-535*0_309-326*0_309-306*0_309-315*0_315-316*1_315-314*1_315-544*1_315-327*1_315-543*1_315-309*1_315-841*1_315-852*1_315-317*1_317-318*2_317-410*2_317-409*2_317-411*2_317-863*2_317-319*2_317-875*2_317-412*2_317-406*2_317-413*2_317-405*2_317-414*2_317-404*2_317-403*2_317-416*2_317-418*2_317-480*2_317-402*2_317-417*2_317-429*2_317-428*2_317-485*2_417-454*3_417-476*3_417-477*3_429-427*3_417-478*3_417-444*3_429-436*3_429-437*3_402-401*3_402-481*3_402-325*3_402-400*3_402-919*3_402-908*3_402-399*3_402-952*3_428-426*3_428-432*3_428-422*3_428-433*3_428-415*3_529-528*1_529-537*1_529-538*1_529-527*1_529-311*1_529-536*1_529-533*1_400-986*4_400-997*4_400-321*4_527-526*2_527-539*2_527-540*2_410-407*3_410-886*3_306-320*1_306-322*1_437-446*4_437-438*4_437-447*4_437-445*4_437-439*4_437-434*4_437-448*4_437-435*4_437-440*4_444-443*4_444-441*4_444-450*4_444-575*4_322-897*2_322-323*2_997-290*5_997-395*5_997-1008*5_997-301*5_997-394*5_997-398*5_997-520*5_997-299*5_997-292*5_997-484*5_997-393*5_997-483*5_997-392*5_997-391*5_997-390*5_997-389*5_426-425*4_426-424*4_426-449*4_418-420*3_418-421*3_418-479*3_418-423*3_390-1063*6_390-1074*6_390-1052*6_390-388*6_390-249*6_390-1041*6_390-244*6_390-1030*6_390-266*6_390-1108*6_390-245*6_390-1019*6_390-265*6_390-246*6_390-248*6_390-396*6_390-482*6_533-534*2_265-264*7_265-263*7_265-286*7_292-303*6_292-298*6_292-304*6_292-295*6_544-545*2_544-826*2_544-817*2_544-570*2_544-525*2_544-568*2_544-524*2_544-523*2_539-498*3_539-522*3_539-495*3_539-241*3_495-496*4_495-494*4_495-493*4_495-492*4_495-546*4_495-491*4_1108-1097*7_1108-14*7_1108-1119*7_1108-1085*7_1108-284*7_1108-3*7_1108-58*7_1108-285*7_1108-1307*7_1108-305*7_303-293*7_303-294*7_303-300*7_952-941*4_952-963*4_952-930*4_952-518*4_523-577*3_523-521*3_523-547*3_248-377*7_248-376*7_248-378*7_248-257*7_248-126*7_248-374*7_248-379*7_248-256*7_248-380*7_248-381*7_248-66*7_841-830*2_841-819*2_284-1130*8_284-287*8_126-124*8_126-373*8_126-123*8_126-127*8_126-261*8_126-122*8_963-974*5_963-517*5_256-255*8_256-259*8_256-254*8_256-260*8_256-253*8_256-252*8_256-121*8_547-559*4_547-576*4_547-548*4_547-558*4_547-574*4_547-500*4_547-549*4_449-586*5_449-597*5_817-816*3_817-815*3_817-775*3_817-814*3_817-786*3_817-813*3_817-797*3_817-812*3_548-499*5_548-501*5_548-550*5_123-128*9_123-129*9_123-120*9_830-808*3_550-551*6_550-557*6_550-555*6_550-556*6_550-560*6_550-585*6_560-561*7_560-581*7_560-582*7_560-580*7_560-562*7_560-554*7_560-583*7_560-600*7_560-563*7_380-251*8_380-65*8_568-822*3_568-567*3_568-569*3_568-821*3_568-823*3_568-824*3_252-64*9_129-369*10_129-370*10_129-368*10_812-809*4_812-811*4_812-827*4_812-828*4_812-806*4_823-820*4_823-818*4_287-288*9_287-289*9_287-371*9_600-599*8_600-596*8_600-579*8_600-584*8_600-598*8_600-803*8_1085-47*8_1085-387*8_1085-385*8_1085-384*8_1085-383*8_1085-250*8_1085-68*8_1085-109*8_383-382*9_383-108*9_369-367*11_369-366*11_803-804*9_803-802*9_803-801*9_803-1277*9_803-800*9_803-1276*9_803-1275*9_803-810*9_803-1273*9_1273-1272*10_1273-602*10_1273-1271*10_1273-1270*10_1273-1269*10_1273-1268*10_1273-1242*10_1269-1256*11_501-592*6_501-502*6_501-589*6_255-62*9_366-365*12_366-112*12_366-363*12_589-588*7_589-1266*7_589-593*7_589-590*7_589-1265*7_589-591*7_589-587*7_596-595*9_596-601*9_596-1257*9_596-1244*9_62-61*10_62-63*10_62-107*10_62-60*10_62-106*10_62-94*10_62-83*10_62-84*10_62-85*10_62-89*10_828-829*5_828-831*5_828-877*5_554-552*8_371-372*10_371-262*10_371-282*10_371-281*10_371-169*10_371-158*10_1257-1243*10_1257-1245*10_1257-1251*10_1257-1224*10_1257-1246*10_1257-1247*10_1257-1223*10_1257-1278*10_1257-1253*10_1257-1208*10_1257-1254*10_1257-1255*10_1257-1196*10_1257-1200*10_1257-1201*10_1257-1202*10_85-86*11_85-87*11_85-111*11_85-90*11_1201-1170*11_1201-1168*11_1201-1203*11_1201-1169*11_1201-1204*11_1201-1291*11_1201-1287*11_1201-1171*11_1201-1290*11_1201-1288*11_1201-1172*11_1201-1190*11_1201-277*11_1201-1289*11_1201-1173*11_1201-1191*11_1201-276*11_1201-1140*11_1201-1175*11_1201-1139*11_1201-1192*11_1201-1142*11_1201-1138*11_1201-1193*11_1201-345*11_1201-344*11_1201-1143*11_1201-1194*11_1201-346*11_1201-1145*11_1201-1035*11_1201-1034*11_1201-1005*11_1201-1033*11_1201-164*11_1201-1006*11_1201-1136*11_1201-1144*11_1201-1004*11_1201-1250*11_1201-1003*11_1201-165*11_1201-1137*11_1201-1002*11_1201-166*11_1035-1036*12_1035-1179*12_1137-1134*12_1035-1177*12_1137-199*12_1035-1180*12_1035-1181*12_1035-1007*12_1137-163*12_1035-1109*12_1035-215*12_1035-1110*12_1035-1111*12_1137-170*12_1035-1118*12_1137-168*12_1137-206*12_1137-207*12_1137-208*12_1137-167*12_1137-172*12_1137-173*12_1110-214*13_1110-212*13_1110-1112*13_1110-211*13_173-194*13_173-174*13_173-193*13_173-175*13_173-192*13_173-190*13_173-177*13_173-189*13_173-178*13_173-1120*13_173-179*13_173-1122*13_173-171*13_173-1123*13_173-181*13_173-186*13_173-1124*13_173-185*13_173-182*13_173-1125*13_173-205*13_173-1126*13_173-184*13_173-204*13_173-195*13_173-183*13_173-187*13_173-188*13_173-1186*13_173-1187*13_173-203*13_173-1188*13_829-832*6_829-833*6_829-869*6_1003-1009*12_1003-1010*12_1003-1042*12_1003-1043*12_1003-1044*12_1003-1094*12_1003-1045*12_1003-1046*12_1003-1199*12_1118-1121*13_1118-1113*13_1118-1114*13_1118-1115*13_1118-1128*13_1118-1116*13_1118-1127*13_1118-1117*13_1118-1129*13_1118-1076*13_1118-1075*13_1118-1131*13_1118-1073*13_1118-1132*13_1118-1135*13_1118-1072*13_1118-1071*13_1118-1146*13_189-176*14_189-196*14_288-1141*10_1073-1056*14_1073-217*14_1073-1070*14_1073-1069*14_1073-1053*14_1073-1061*14_1073-1062*14_1073-1064*14_1073-1066*14_1073-1065*14_1073-220*14_832-835*7_832-850*7_832-849*7_1044-1098*13_1045-1079*13_1045-1080*13_1045-1078*13_1045-198*13_808-467*4_808-466*4_808-458*4_822-566*4_1199-1198*13_1199-1197*13_1199-1195*13_1199-1176*13_1199-1178*13_1199-1206*13_1199-1107*13_1199-1037*13_1199-273*13_1199-272*13_1199-1001*13_1061-1060*15_1061-1054*15_198-197*14_198-218*14_198-1077*14_198-1081*14_198-1095*14_198-1091*14_198-1092*14_198-1093*14_198-983*14_849-834*8_849-848*8_849-853*8_849-851*8_1064-1068*15_1064-1067*15_1064-219*15_1037-1038*14_1037-1088*14_1037-1039*14_1037-1040*14_1037-1047*14_1037-1048*14_1037-981*14_1037-980*14_1037-979*14_981-969*15_981-923*15_980-1055*15_1198-1182*14_1198-1183*14_1198-1106*14_1198-1184*14_1198-1105*14_1198-1104*14_1198-1084*14_1198-226*14_1198-1099*14_1198-1089*14_1198-1083*14_1198-1090*14_1183-1082*15_108-67*10_281-279*11_281-313*11_281-278*11_281-324*11_281-283*11_281-291*11_1055-1057*16_1055-1051*16_1055-1058*16_1055-1050*16_1055-1049*16_1055-1059*16_466-470*5_466-471*5_466-472*5_466-468*5_466-329*5_466-328*5_1088-1087*15_1088-222*15_1088-982*15_1088-978*15_1088-977*15_278-336*12_278-302*12_112-115*13_112-130*13_112-117*13_112-134*13_112-131*13_112-135*13_112-137*13_112-362*13_112-361*13_112-110*13_112-270*13_112-92*13_566-565*5_566-572*5_1251-348*11_1251-1249*11_1251-349*11_222-223*16_222-1086*16_222-1100*16_222-1103*16_222-984*16_222-1101*16_222-1102*16_978-973*16_978-972*16_978-221*16_978-953*16_211-210*14_211-216*14_588-1264*8_588-1262*8_210-209*15_92-93*14_92-34*14_472-473*6_472-474*6_472-463*6_472-459*6_848-846*9_848-845*9_848-837*9_848-836*9_972-951*17_972-975*17_972-950*17_87-88*12_349-1248*12_349-1240*12_336-347*13_336-267*13_336-356*13_336-360*13_336-357*13_336-359*13_336-358*13_336-1301*13_336-1300*13_358-1302*14_358-1303*14_358-1299*14_358-139*14_358-140*14_358-157*14_358-1313*14_358-1314*14_358-141*14_358-155*14_358-1160*14_358-152*14_358-1159*14_358-1158*14_358-153*14_358-1157*14_358-154*14_358-1155*14_358-1156*14_358-1154*14_358-1153*14_358-1150*14_154-1161*15_154-144*15_154-159*15_154-143*15_154-148*15_154-48*15_154-146*15_154-1151*15_1264-1267*9_1264-1261*9_1264-1219*9_328-764*6_328-752*6_1134-1133*13_877-876*6_877-878*6_877-807*6_877-805*6_148-149*16_148-145*16_148-160*16_148-161*16_148-1147*16_473-465*7_473-469*7_473-462*7_473-730*7_473-460*7_876-892*7_876-791*7_502-503*7_846-847*10_846-844*10_846-862*10_846-838*10_846-854*10_846-843*10_950-228*18_950-949*18_950-229*18_950-948*18_950-954*18_950-955*18_459-461*7_459-455*7_459-452*7_791-891*8_791-879*8_791-790*8_791-792*8_791-789*8_791-793*8_160-150*17_160-1148*17_160-162*17_139-4*15_139-1312*15_139-1304*15_139-1297*15_139-1305*15_139-1295*15_139-1310*15_229-947*19_229-946*19_229-966*19_229-956*19_463-453*7_463-442*7_463-464*7_463-475*7_463-431*7_1219-594*10_1219-1230*10_1219-69*10_1219-80*10_1219-91*10_130-116*14_130-132*14_130-133*14_130-22*14_130-21*14_130-17*14_130-16*14_565-571*6_565-825*6_455-456*8_347-268*14_347-271*14_503-504*8_503-243*8_503-505*8_503-242*8_503-341*8_475-451*8_22-23*15_22-20*15_22-24*15_22-26*15_22-1308*15_22-39*15_143-1149*16_143-151*16_143-46*16_143-41*16_143-40*16_143-49*16_143-38*16_143-37*16_143-35*16_91-213*11_91-102*11_1261-1260*10_1261-1259*10_843-842*11_843-861*11_843-840*11_843-839*11_843-893*11_843-866*11_843-788*11_843-868*11_843-855*11_843-985*11_37-50*17_37-15*17_37-13*17_37-27*17_37-29*17_37-30*17_37-12*17_37-42*17_37-11*17_37-10*17_37-9*17_37-31*17_37-32*17_37-33*17_341-340*9_341-342*9_341-513*9_341-512*9_341-343*9_341-514*9_341-510*9_341-297*9_341-511*9_341-296*9_34-103*15_34-101*15_752-741*7_730-608*8_868-856*12_868-867*12_868-857*12_868-865*12_511-515*10_511-1274*10_511-509*10_511-1174*10_511-1285*10_511-258*10_258-1163*11_258-247*11_258-1152*11_258-191*11_258-180*11_191-202*12_191-236*12_1285-1296*11_1285-36*11_1305-1306*16_1305-1311*16_1305-1315*16_1305-1309*16_1305-1316*16_1305-1317*16_296-507*10_296-506*10_867-864*13_946-945*20_946-957*20_945-965*21_945-964*21_945-967*21_945-968*21_788-787*12_788-785*12_788-784*12_788-873*12_788-783*12_505-516*9_1260-1258*11_879-880*9_879-881*9_879-794*9_879-882*9_879-883*9_879-884*9_879-885*9_783-782*13_783-781*13_783-890*13_1306-18*17_213-225*12_213-136*12_20-19*16_36-25*12_36-1263*12_36-1252*12_36-1241*12_136-125*13_136-147*13_136-1221*13_136-269*13_136-1220*13_608-619*9_608-419*9_608-397*9_608-486*9_608-708*9_608-497*9_608-508*9_508-224*10_508-519*10_508-530*10_1230-1185*11_890-777*14_890-889*14_890-776*14_890-778*14_890-887*14_1258-1222*12_1258-1214*12_857-858*13_857-859*13_857-541*13_857-430*13_397-408*10_397-386*10_397-375*10_397-630*10_397-364*10_397-335*10_1220-1218*14_1220-1282*14_1220-1281*14_1220-1286*14_1220-1216*14_1220-1280*14_1220-1284*14_859-860*14_859-763*14_859-874*14_708-697*10_708-641*10_708-653*10_708-686*10_1214-1213*13_1214-1279*13_1214-1283*13_1283-1211*14_1283-1229*14_1281-1212*15_1281-1228*15_1281-1226*15_776-774*15_776-773*15_776-888*15_776-753*15_776-755*15_776-751*15_753-750*16_753-754*16_753-756*16_753-749*16_753-747*16_756-748*17_756-744*17_756-757*17_756-894*17_756-743*17_756-759*17_756-742*17_697-664*11_697-675*11_1211-1210*15_1211-1234*15_1211-1227*15_1211-1235*15_1211-1209*15_1211-1236*15_1211-1237*15_1211-1205*15_335-2*11_743-745*18_743-740*18_743-746*18_743-737*18_743-736*18_745-733*19_745-732*19_745-728*19_745-729*19_745-731*19_728-727*20_728-723*20_728-711*20_728-725*20_728-720*20_728-352*20_519-542*11_519-113*11_519-553*11_519-564*11_519-1207*11_1228-1231*16_1228-1233*16_1228-1238*16_1228-1232*16_1228-1225*16_720-721*21_720-722*21_720-718*21_720-703*21_720-694*21_720-716*21_720-693*21_720-692*21_720-691*21_720-695*21_720-687*21_720-681*21_720-678*21_1233-1239*17_737-735*19_737-738*19_737-734*19_737-739*19_737-354*19_737-760*19_737-353*19_1207-1096*12_716-715*22_716-717*22_716-714*22_716-713*22_723-724*21_723-709*21_723-707*21_723-712*21_723-726*21_723-706*21_723-899*21_723-898*21_735-902*20_902-901*21_902-685*21_902-684*21_902-683*21_902-682*21_712-705*22_712-710*22_683-704*22_683-699*22_683-690*22_690-688*23_690-689*23_690-677*23_690-679*23_690-680*23_690-676*23_690-674*23_690-671*23_690-673*23_690-669*23_690-668*23_690-667*23_690-660*23_704-698*23_704-696*23_
