"id","Scenario","Actual Range","Protocol","Buildings","Total nodes","Nodes on circ","Total coverage","Coverage on circ","Alert received mean time","Hops","Slots","Messages sent","Messages received", "Starting x", "Starting y","Starting node", "Vehicle distance", "Received node ids", "Node ids", "Transmission map", "Received on circ nodes", "Transmission vector"
0,1,100,300,0,1318,63,873,13,457054,17.6923,458.385,236,873,2107,1888.02,956,35,957_948_966_949_947_965_946_958_228_955_964_976_962_956_975_950_961_945_229_973_977_978_972_951_960_959_967_968_938_954_979_980_929_928_931_927_932_933_926_939_940_942_969_970_981_221_1048_1049_1047_982_943_937_944_936_1046_1045_1094_971_921_1044_1043_1050_1051_925_924_922_920_923_918_666_665_904_651_654_650_655_663_656_657_643_662_644_642_658_645_917_914_915_916_994_995_1028_1029_1027_996_1031_993_998_999_1032_649_1026_648_1025_1053_351_350_1042_983_1092_646_230_647_330_1040_222_1039_1087_1088_223_1086_640_639_661_659_1093_1091_1095_1098_1081_1082_1079_1090_1083_231_1089_1099_226_1084_1100_1104_1103_1105_1101_1184_1183_1106_1107_1182_1181_1180_212_211_1037_1000_992_991_1011_1010_1001_990_1012_210_1102_209_214_216_215_1114_1110_232_1179_1178_1036_1038_1054_1060_1055_1067_1061_1056_1069_227_1009_331_332_660_1113_1115_1112_1116_1118_1111_1109_1121_1120_1002_989_1007_1003_988_1004_1006_1005_333_1177_1035_1176_1122_1123_1062_1064_1070_1066_1065_1173_1175_334_337_1034_1124_1128_1125_171_1126_1127_205_170_204_206_168_1057_1071_1058_1072_1073_614_616_613_615_612_617_611_1021_1129_338_207_208_339_913_912_903_911_672_632_610_621_631_609_622_629_1075_1076_198_1077_1078_1080_218_607_620_618_1022_1020_239_1018_238_1017_673_671_669_674_668_670_606_605_604_676_667_1131_200_1186_1132_201_1187_628_627_623_1117_197_1059_217_203_1135_1194_1143_1133_1193_1138_1145_1142_1192_164_1136_1139_1140_1191_1189_161_1188_1146_603_233_237_234_235_602_680_679_677_678_196_1273_1275_1272_1276_1277_1271_601_598_802_596_681_690_687_688_695_689_691_186_185_1147_1144_160_162_149_199_165_1137_150_1148_1134_184_182_187_181_183_195_179_166_595_803_599_188_151_1149_148_146_1150_1156_1153_144_163_1161_1154_600_580_582_581_579_583_159_143_1155_1157_154_1151_561_560_584_556_555_557_562_554_551_550_558_578_552_585_549_587_548_588_563_825_571_565_824_572_823_1265_589_1264_1266_593_590_591_594_592_501_343_502_342_500_547_559_576_499_546_573_574_566_577_567_523_568_569_804_801_822_821_570_525_820_543_341_512_340_513_507_506_503_509_153_1158_145_1159_142_152_178_189_177_190_176_521_522_526_536_524_527_311_535_544_537_528_1219_1230_514_529_538_310_531_539_309_532_192_175_193_174_194_173_515_510_511_1185_1241_1196_1174_172_167_498_540_496_799_800_798_805_796_297_296_505_1160_308_533_295_1274_1163_258_1252_1152_247_1263_25_202_1141_806_810_36_1130_1285_534_897_307_908_886_306_322_323_321_320_406_405_875_407_319_404_863_807_878_811_877_827_809_403_325_480_402_919_491_316_545_315_826_775_314_817_786_327_155_141_156_1162_157_140_5_48_7_6_1295_139_240_495_241_494_242_243_504_516_812_828_813_829_818_409_318_317_852_8_9_46_45_4_10_1314_797_329_470_808_467_328_764_517_518_301_44_11_43_520_300_974_963_986_997_299_484_952_485_290_814_815_816_483_941_482_481_930_400_401_399_492_398_298_294_293_303_1296_47_1307_58_1119_1299_1297_1302_1300_1298_1313_1303_1312_292_1008_1019_410_411_841_3_1097_14_305_1108_304_1052_1063_1085_1074_284_389_390_1041_388_249_244_266_387_312_326_830_819_831_832_835_466_471_472_458_752_457_468_459_456_1311_1304_1305_1301_1310_1315_1306_1309_412_833_834_850_836_849_1308_26_1317_1316_24_848_853_869_42_395_394_393_396_385_245_384_246_265_392_1030_391_469_473_460_462_474_461_463_413_414_464_453_452_442_465_475_451_41_138_40_12_13_50_23_133_22_20_132_18_15_49_16_19_21_17_27_415_421_39_38_37_35_28_379_29_30_416_479_420_418_417_454_131_130_134_115_135_116_112_117_137_55_56_110_111_89_85_54_53_83_51_90_86_88_87_92_84_429_428_476_422_93_34_103_33_427_477_426_118_119_478_52_82_94_81_101_100_432_425_433_434_444_435_436_450_446_447_437_586_449_445_575_79_78_60_438_439_99_98_77_95_76_96_75_97_443_440_441_74_,0_1_2_3_4_5_6_7_8_9_10_11_12_13_14_15_16_17_18_19_20_21_22_23_24_25_26_27_28_29_30_31_32_33_34_35_36_37_38_39_40_41_42_43_44_45_46_47_48_49_50_51_52_53_54_55_56_57_58_59_60_61_62_63_64_65_66_67_68_69_70_71_72_73_74_75_76_77_78_79_80_81_82_83_84_85_86_87_88_89_90_91_92_93_94_95_96_97_98_99_100_101_102_103_104_105_106_107_108_109_110_111_112_113_114_115_116_117_118_119_120_121_122_123_124_125_126_127_128_129_130_131_132_133_134_135_136_137_138_139_140_141_142_143_144_145_146_147_148_149_150_151_152_153_154_155_156_157_158_159_160_161_162_163_164_165_166_167_168_169_170_171_172_173_174_175_176_177_178_179_180_181_182_183_184_185_186_187_188_189_190_191_192_193_194_195_196_197_198_199_200_201_202_203_204_205_206_207_208_209_210_211_212_213_214_215_216_217_218_219_220_221_222_223_224_225_226_227_228_229_230_231_232_233_234_235_236_237_238_239_240_241_242_243_244_245_246_247_248_249_250_251_252_253_254_255_256_257_258_259_260_261_262_263_264_265_266_267_268_269_270_271_272_273_274_275_276_277_278_279_280_281_282_283_284_285_286_287_288_289_290_291_292_293_294_295_296_297_298_299_300_301_302_303_304_305_306_307_308_309_310_311_312_313_314_315_316_317_318_319_320_321_322_323_324_325_326_327_328_329_330_331_332_333_334_335_336_337_338_339_340_341_342_343_344_345_346_347_348_349_350_351_352_353_354_355_356_357_358_359_360_361_362_363_364_365_366_367_368_369_370_371_372_373_374_375_376_377_378_379_380_381_382_383_384_385_386_387_388_389_390_391_392_393_394_395_396_397_398_399_400_401_402_403_404_405_406_407_408_409_410_411_412_413_414_415_416_417_418_419_420_421_422_423_424_425_426_427_428_429_430_431_432_433_434_435_436_437_438_439_440_441_442_443_444_445_446_447_448_449_450_451_452_453_454_455_456_457_458_459_460_461_462_463_464_465_466_467_468_469_470_471_472_473_474_475_476_477_478_479_480_481_482_483_484_485_486_487_488_489_490_491_492_493_494_495_496_497_498_499_500_501_502_503_504_505_506_507_508_509_510_511_512_513_514_515_516_517_518_519_520_521_522_523_524_525_526_527_528_529_530_531_532_533_534_535_536_537_538_539_540_541_542_543_544_545_546_547_548_549_550_551_552_553_554_555_556_557_558_559_560_561_562_563_564_565_566_567_568_569_570_571_572_573_574_575_576_577_578_579_580_581_582_583_584_585_586_587_588_589_590_591_592_593_594_595_596_597_598_599_600_601_602_603_604_605_606_607_608_609_610_611_612_613_614_615_616_617_618_619_620_621_622_623_624_625_626_627_628_629_630_631_632_633_634_635_636_637_638_639_640_641_642_643_644_645_646_647_648_649_650_651_652_653_654_655_656_657_658_659_660_661_662_663_664_665_666_667_668_669_670_671_672_673_674_675_676_677_678_679_680_681_682_683_684_685_686_687_688_689_690_691_692_693_694_695_696_697_698_699_700_701_702_703_704_705_706_707_708_709_710_711_712_713_714_715_716_717_718_719_720_721_722_723_724_725_726_727_728_729_730_731_732_733_734_735_736_737_738_739_740_741_742_743_744_745_746_747_748_749_750_751_752_753_754_755_756_757_758_759_760_761_762_763_764_765_766_767_768_769_770_771_772_773_774_775_776_777_778_779_780_781_782_783_784_785_786_787_788_789_790_791_792_793_794_795_796_797_798_799_800_801_802_803_804_805_806_807_808_809_810_811_812_813_814_815_816_817_818_819_820_821_822_823_824_825_826_827_828_829_830_831_832_833_834_835_836_837_838_839_840_841_842_843_844_845_846_847_848_849_850_851_852_853_854_855_856_857_858_859_860_861_862_863_864_865_866_867_868_869_870_871_872_873_874_875_876_877_878_879_880_881_882_883_884_885_886_887_888_889_890_891_892_893_894_895_896_897_898_899_900_901_902_903_904_905_906_907_908_909_910_911_912_913_914_915_916_917_918_919_920_921_922_923_924_925_926_927_928_929_930_931_932_933_934_935_936_937_938_939_940_941_942_943_944_945_946_947_948_949_950_951_952_953_954_955_956_957_958_959_960_961_962_963_964_965_966_967_968_969_970_971_972_973_974_975_976_977_978_979_980_981_982_983_984_985_986_987_988_989_990_991_992_993_994_995_996_997_998_999_1000_1001_1002_1003_1004_1005_1006_1007_1008_1009_1010_1011_1012_1013_1014_1015_1016_1017_1018_1019_1020_1021_1022_1023_1024_1025_1026_1027_1028_1029_1030_1031_1032_1033_1034_1035_1036_1037_1038_1039_1040_1041_1042_1043_1044_1045_1046_1047_1048_1049_1050_1051_1052_1053_1054_1055_1056_1057_1058_1059_1060_1061_1062_1063_1064_1065_1066_1067_1068_1069_1070_1071_1072_1073_1074_1075_1076_1077_1078_1079_1080_1081_1082_1083_1084_1085_1086_1087_1088_1089_1090_1091_1092_1093_1094_1095_1096_1097_1098_1099_1100_1101_1102_1103_1104_1105_1106_1107_1108_1109_1110_1111_1112_1113_1114_1115_1116_1117_1118_1119_1120_1121_1122_1123_1124_1125_1126_1127_1128_1129_1130_1131_1132_1133_1134_1135_1136_1137_1138_1139_1140_1141_1142_1143_1144_1145_1146_1147_1148_1149_1150_1151_1152_1153_1154_1155_1156_1157_1158_1159_1160_1161_1162_1163_1164_1165_1166_1167_1168_1169_1170_1171_1172_1173_1174_1175_1176_1177_1178_1179_1180_1181_1182_1183_1184_1185_1186_1187_1188_1189_1190_1191_1192_1193_1194_1195_1196_1197_1198_1199_1200_1201_1202_1203_1204_1205_1206_1207_1208_1209_1210_1211_1212_1213_1214_1215_1216_1217_1218_1219_1220_1221_1222_1223_1224_1225_1226_1227_1228_1229_1230_1231_1232_1233_1234_1235_1236_1237_1238_1239_1240_1241_1242_1243_1244_1245_1246_1247_1248_1249_1250_1251_1252_1253_1254_1255_1256_1257_1258_1259_1260_1261_1262_1263_1264_1265_1266_1267_1268_1269_1270_1271_1272_1273_1274_1275_1276_1277_1278_1279_1280_1281_1282_1283_1284_1285_1286_1287_1288_1289_1290_1291_1292_1293_1294_1295_1296_1297_1298_1299_1300_1301_1302_1303_1304_1305_1306_1307_1308_1309_1310_1311_1312_1313_1314_1315_1316_1317_,7:{8;9;46;45;4;10;1314;}8:{44;11;43;}12:{18;15;49;16;}14:{1074;284;389;390;1041;}20:{19;21;17;27;}26:{23;133;22;20;132;}28:{29;30;}30:{51;}37:{35;28;}42:{41;138;40;12;13;50;}44:{42;}49:{39;38;37;}51:{52;}55:{83;}76:{74;}78:{77;95;76;96;75;97;}81:{79;78;60;}83:{82;94;81;}89:{90;86;88;87;92;84;}92:{93;34;103;33;}100:{99;98;}103:{101;100;}110:{111;89;85;54;53;}117:{118;119;}130:{116;112;117;137;}132:{131;130;134;115;135;}137:{55;56;110;}140:{1299;1297;1302;1300;1298;1313;1303;1312;}150:{151;1149;148;146;1150;1156;1153;144;163;1161;1154;}153:{1160;}165:{166;}174:{172;167;}179:{178;189;177;190;176;}185:{184;182;187;181;183;195;179;}187:{188;}190:{192;175;193;}192:{174;194;173;}196:{186;185;}197:{196;}200:{203;1135;1194;1143;1133;1193;1138;1145;1142;1192;164;1136;}206:{207;208;}211:{210;1102;209;214;216;215;1114;1110;}221:{1048;1049;1047;982;}227:{1002;989;1007;1003;988;1004;}230:{232;}232:{614;616;613;615;612;617;611;1021;}234:{1273;1275;1272;1276;}241:{242;243;504;516;}290:{395;394;393;396;}295:{298;294;293;303;}297:{295;1274;}298:{292;1008;1019;}301:{520;300;974;963;986;997;299;484;952;485;290;}318:{410;411;841;}320:{409;318;317;852;}321:{320;406;405;875;407;319;404;863;}327:{312;326;830;819;}330:{331;332;}331:{333;}333:{334;337;}334:{338;}338:{339;913;912;903;911;672;}342:{341;512;340;513;507;506;503;509;}351:{330;}384:{379;}387:{385;245;384;246;265;}394:{392;1030;}404:{403;325;480;402;919;491;}410:{412;}412:{413;414;}413:{415;421;}415:{416;479;420;418;417;454;}417:{429;428;476;422;}427:{432;425;433;434;444;}429:{427;477;426;}434:{435;436;450;446;447;437;586;449;445;575;}437:{438;439;}438:{443;}443:{440;441;}458:{457;468;459;456;}462:{464;453;452;442;465;475;451;}467:{466;471;472;458;752;}468:{469;473;460;462;474;461;463;}477:{478;}507:{297;296;505;}514:{515;510;511;1185;1241;1196;1174;}516:{517;518;301;}522:{498;540;496;}528:{529;538;310;531;539;309;532;}529:{308;533;}533:{534;897;307;908;886;306;322;323;321;}540:{240;495;241;494;}544:{316;545;315;826;775;314;817;786;327;}549:{547;559;576;499;546;}551:{552;585;549;587;548;588;}559:{521;522;}560:{556;555;557;562;554;551;550;558;578;}562:{563;825;571;565;824;572;823;}568:{822;821;570;525;820;543;}570:{526;536;524;527;311;535;544;537;528;}572:{573;574;566;577;567;523;568;569;}588:{1265;589;1264;1266;593;590;591;594;}591:{592;501;343;502;342;500;}594:{1219;1230;514;}598:{595;803;599;}599:{600;580;582;581;579;583;}600:{561;560;584;}604:{603;233;237;234;235;602;}607:{606;605;604;}610:{607;620;618;1022;}611:{632;610;621;631;609;622;629;}629:{628;627;623;}640:{660;}642:{640;639;661;659;}644:{646;230;}645:{231;}648:{647;}655:{657;643;662;644;642;658;645;}666:{665;904;651;654;650;655;663;656;}673:{676;667;}676:{680;679;}678:{681;690;687;688;695;689;691;}679:{677;678;}786:{797;329;470;808;467;328;764;}800:{806;810;}801:{799;800;798;805;796;}803:{804;801;}806:{807;878;811;877;827;809;}809:{812;828;813;829;818;}818:{814;815;816;}829:{831;832;835;}832:{833;834;850;836;849;}850:{848;853;869;}903:{673;671;669;674;668;670;}917:{994;995;1028;1029;1027;996;1031;993;}920:{917;914;915;916;}921:{922;920;923;918;}925:{666;}926:{925;924;}928:{926;}929:{928;931;927;932;933;}938:{939;940;942;}942:{943;937;944;936;}944:{351;350;}945:{938;954;}946:{945;229;}952:{483;941;482;481;930;400;401;399;492;398;}956:{957;948;966;949;947;965;946;958;228;955;}960:{929;}962:{960;959;967;968;}965:{964;976;962;956;975;950;961;}968:{969;970;}969:{971;921;}975:{973;977;978;972;951;}978:{979;980;}979:{981;221;}994:{998;999;}999:{1000;992;991;1011;1010;1001;990;1012;}1000:{227;1009;}1002:{1006;1005;}1006:{1034;}1021:{1020;239;1018;238;1017;}1031:{1032;649;1026;648;1025;}1040:{1038;}1041:{391;}1042:{1040;222;1039;1087;1088;223;1086;}1044:{1042;983;1092;}1045:{1044;1043;}1047:{1046;1045;1094;}1049:{1050;1051;}1050:{1053;}1053:{1054;1060;1055;1067;1061;1056;1069;}1056:{1057;1071;1058;1072;}1061:{1062;1064;1070;1066;1065;}1071:{1073;}1073:{1075;1076;198;1077;1078;1080;218;}1074:{388;249;244;266;387;}1075:{1117;197;1059;217;}1083:{1089;1099;226;1084;1100;1104;1103;1105;1101;1184;}1092:{1093;1091;1095;1098;1081;1082;1079;1090;1083;}1099:{1183;}1110:{1109;1121;1120;}1114:{1113;1115;1112;1116;1118;1111;}1121:{1122;1123;}1123:{1124;1128;1125;171;1126;1127;205;170;204;206;168;}1125:{1129;}1129:{1131;200;1186;1132;201;1187;}1138:{1139;1140;1191;1189;161;1188;1146;}1146:{1147;1144;160;162;149;199;165;1137;150;1148;1134;}1154:{159;143;1155;1157;154;1151;}1160:{155;141;156;1162;157;140;5;48;7;6;1295;139;}1161:{153;1158;145;1159;142;152;}1174:{1163;258;1252;1152;247;1263;25;202;1141;}1176:{1173;1175;}1178:{1177;1035;1176;}1180:{1179;1178;1036;}1183:{1106;1107;1182;1181;1180;212;211;1037;}1252:{36;1130;1285;}1272:{1271;}1276:{1277;}1277:{601;598;802;596;}1285:{1296;47;1307;58;1119;}1307:{3;1097;14;305;1108;304;1052;1063;1085;}1309:{1308;26;1317;1316;24;}1312:{1311;1304;1305;1301;1310;1315;1306;1309;},167_168_173_206_207_208_1122_1123_1124_1128_1275_1276_1277_,956-957*0_956-948*0_956-966*0_956-949*0_956-947*0_956-965*0_956-946*0_956-958*0_956-228*0_956-955*0_965-964*1_965-976*1_965-962*1_965-956*1_965-975*1_965-950*1_965-961*1_946-945*1_946-229*1_975-973*2_975-977*2_975-978*2_975-972*2_975-951*2_962-960*2_962-959*2_962-967*2_962-968*2_945-938*2_945-954*2_978-979*3_978-980*3_960-929*3_929-928*4_929-931*4_929-927*4_929-932*4_929-933*4_928-926*5_938-939*3_938-940*3_938-942*3_968-969*3_968-970*3_979-981*4_979-221*4_221-1048*5_221-1049*5_221-1047*5_221-982*5_942-943*4_942-937*4_942-944*4_942-936*4_1047-1046*6_1047-1045*6_1047-1094*6_969-971*4_969-921*4_1045-1044*7_1045-1043*7_1049-1050*6_1049-1051*6_926-925*6_926-924*6_921-922*5_921-920*5_921-923*5_921-918*5_925-666*7_666-665*8_666-904*8_666-651*8_666-654*8_666-650*8_666-655*8_666-663*8_666-656*8_655-657*9_655-643*9_655-662*9_655-644*9_655-642*9_655-658*9_655-645*9_920-917*6_920-914*6_920-915*6_920-916*6_917-994*7_917-995*7_917-1028*7_917-1029*7_917-1027*7_917-996*7_917-1031*7_917-993*7_994-998*8_994-999*8_1031-1032*8_1031-649*8_1031-1026*8_1031-648*8_1031-1025*8_1050-1053*7_944-351*5_944-350*5_1044-1042*8_1044-983*8_1044-1092*8_644-646*10_644-230*10_648-647*9_351-330*6_1042-1040*9_1042-222*9_1042-1039*9_1042-1087*9_1042-1088*9_1042-223*9_1042-1086*9_642-640*10_642-639*10_642-661*10_642-659*10_1092-1093*9_1092-1091*9_1092-1095*9_1092-1098*9_1092-1081*9_1092-1082*9_1092-1079*9_1092-1090*9_1092-1083*9_645-231*10_1083-1089*10_1083-1099*10_1083-226*10_1083-1084*10_1083-1100*10_1083-1104*10_1083-1103*10_1083-1105*10_1083-1101*10_1083-1184*10_1099-1183*11_1183-1106*12_1183-1107*12_1183-1182*12_1183-1181*12_1183-1180*12_1183-212*12_1183-211*12_1183-1037*12_999-1000*9_999-992*9_999-991*9_999-1011*9_999-1010*9_999-1001*9_999-990*9_999-1012*9_211-210*13_211-1102*13_211-209*13_211-214*13_211-216*13_211-215*13_211-1114*13_211-1110*13_230-232*11_1180-1179*13_1180-1178*13_1180-1036*13_1040-1038*10_1053-1054*8_1053-1060*8_1053-1055*8_1053-1067*8_1053-1061*8_1053-1056*8_1053-1069*8_1000-227*10_1000-1009*10_330-331*7_330-332*7_640-660*11_1114-1113*14_1114-1115*14_1114-1112*14_1114-1116*14_1114-1118*14_1114-1111*14_1110-1109*14_1110-1121*14_1110-1120*14_227-1002*11_227-989*11_227-1007*11_227-1003*11_227-988*11_227-1004*11_1002-1006*12_1002-1005*12_331-333*8_1178-1177*14_1178-1035*14_1178-1176*14_1121-1122*15_1121-1123*15_1061-1062*9_1061-1064*9_1061-1070*9_1061-1066*9_1061-1065*9_1176-1173*15_1176-1175*15_333-334*9_333-337*9_1006-1034*13_1123-1124*16_1123-1128*16_1123-1125*16_1123-171*16_1123-1126*16_1123-1127*16_1123-205*16_1123-170*16_1123-204*16_1123-206*16_1123-168*16_1056-1057*9_1056-1071*9_1056-1058*9_1056-1072*9_1071-1073*10_232-614*12_232-616*12_232-613*12_232-615*12_232-612*12_232-617*12_232-611*12_232-1021*12_1125-1129*17_334-338*10_206-207*17_206-208*17_338-339*11_338-913*11_338-912*11_338-903*11_338-911*11_338-672*11_611-632*13_611-610*13_611-621*13_611-631*13_611-609*13_611-622*13_611-629*13_1073-1075*11_1073-1076*11_1073-198*11_1073-1077*11_1073-1078*11_1073-1080*11_1073-218*11_610-607*14_610-620*14_610-618*14_610-1022*14_1021-1020*13_1021-239*13_1021-1018*13_1021-238*13_1021-1017*13_903-673*12_903-671*12_903-669*12_903-674*12_903-668*12_903-670*12_607-606*15_607-605*15_607-604*15_673-676*13_673-667*13_1129-1131*18_1129-200*18_1129-1186*18_1129-1132*18_1129-201*18_1129-1187*18_629-628*14_629-627*14_629-623*14_1075-1117*12_1075-197*12_1075-1059*12_1075-217*12_200-203*19_200-1135*19_200-1194*19_200-1143*19_200-1133*19_200-1193*19_200-1138*19_200-1145*19_200-1142*19_200-1192*19_200-164*19_200-1136*19_1138-1139*20_1138-1140*20_1138-1191*20_1138-1189*20_1138-161*20_1138-1188*20_1138-1146*20_604-603*16_604-233*16_604-237*16_604-234*16_604-235*16_604-602*16_676-680*14_676-679*14_679-677*15_679-678*15_197-196*13_234-1273*17_234-1275*17_234-1272*17_234-1276*17_1276-1277*18_1272-1271*18_1277-601*19_1277-598*19_1277-802*19_1277-596*19_678-681*16_678-690*16_678-687*16_678-688*16_678-695*16_678-689*16_678-691*16_196-186*14_196-185*14_1146-1147*21_1146-1144*21_1146-160*21_1146-162*21_1146-149*21_1146-199*21_1146-165*21_1146-1137*21_1146-150*21_1146-1148*21_1146-1134*21_185-184*15_185-182*15_185-187*15_185-181*15_185-183*15_185-195*15_185-179*15_165-166*22_598-595*20_598-803*20_598-599*20_187-188*16_150-151*22_150-1149*22_150-148*22_150-146*22_150-1150*22_150-1156*22_150-1153*22_150-144*22_150-163*22_150-1161*22_150-1154*22_599-600*21_599-580*21_599-582*21_599-581*21_599-579*21_599-583*21_1154-159*23_1154-143*23_1154-1155*23_1154-1157*23_1154-154*23_1154-1151*23_600-561*22_600-560*22_600-584*22_560-556*23_560-555*23_560-557*23_560-562*23_560-554*23_560-551*23_560-550*23_560-558*23_560-578*23_551-552*24_551-585*24_551-549*24_551-587*24_551-548*24_551-588*24_562-563*24_562-825*24_562-571*24_562-565*24_562-824*24_562-572*24_562-823*24_588-1265*25_588-589*25_588-1264*25_588-1266*25_588-593*25_588-590*25_588-591*25_588-594*25_591-592*26_591-501*26_591-343*26_591-502*26_591-342*26_591-500*26_549-547*25_549-559*25_549-576*25_549-499*25_549-546*25_572-573*25_572-574*25_572-566*25_572-577*25_572-567*25_572-523*25_572-568*25_572-569*25_803-804*21_803-801*21_568-822*26_568-821*26_568-570*26_568-525*26_568-820*26_568-543*26_342-341*27_342-512*27_342-340*27_342-513*27_342-507*27_342-506*27_342-503*27_342-509*27_1161-153*23_1161-1158*23_1161-145*23_1161-1159*23_1161-142*23_1161-152*23_179-178*16_179-189*16_179-177*16_179-190*16_179-176*16_559-521*26_559-522*26_570-526*27_570-536*27_570-524*27_570-527*27_570-311*27_570-535*27_570-544*27_570-537*27_570-528*27_594-1219*26_594-1230*26_594-514*26_528-529*28_528-538*28_528-310*28_528-531*28_528-539*28_528-309*28_528-532*28_190-192*17_190-175*17_190-193*17_192-174*18_192-194*18_192-173*18_514-515*27_514-510*27_514-511*27_514-1185*27_514-1241*27_514-1196*27_514-1174*27_174-172*19_174-167*19_522-498*27_522-540*27_522-496*27_801-799*22_801-800*22_801-798*22_801-805*22_801-796*22_507-297*28_507-296*28_507-505*28_153-1160*24_529-308*29_529-533*29_297-295*29_297-1274*29_1174-1163*28_1174-258*28_1174-1252*28_1174-1152*28_1174-247*28_1174-1263*28_1174-25*28_1174-202*28_1174-1141*28_800-806*23_800-810*23_1252-36*29_1252-1130*29_1252-1285*29_533-534*30_533-897*30_533-307*30_533-908*30_533-886*30_533-306*30_533-322*30_533-323*30_533-321*30_321-320*31_321-406*31_321-405*31_321-875*31_321-407*31_321-319*31_321-404*31_321-863*31_806-807*24_806-878*24_806-811*24_806-877*24_806-827*24_806-809*24_404-403*32_404-325*32_404-480*32_404-402*32_404-919*32_404-491*32_544-316*28_544-545*28_544-315*28_544-826*28_544-775*28_544-314*28_544-817*28_544-786*28_544-327*28_1160-155*25_1160-141*25_1160-156*25_1160-1162*25_1160-157*25_1160-140*25_1160-5*25_1160-48*25_1160-7*25_1160-6*25_1160-1295*25_1160-139*25_540-240*28_540-495*28_540-241*28_540-494*28_241-242*29_241-243*29_241-504*29_241-516*29_809-812*25_809-828*25_809-813*25_809-829*25_809-818*25_320-409*32_320-318*32_320-317*32_320-852*32_7-8*26_7-9*26_7-46*26_7-45*26_7-4*26_7-10*26_7-1314*26_786-797*29_786-329*29_786-470*29_786-808*29_786-467*29_786-328*29_786-764*29_516-517*30_516-518*30_516-301*30_8-44*27_8-11*27_8-43*27_301-520*31_301-300*31_301-974*31_301-963*31_301-986*31_301-997*31_301-299*31_301-484*31_301-952*31_301-485*31_301-290*31_818-814*26_818-815*26_818-816*26_952-483*32_952-941*32_952-482*32_952-481*32_952-930*32_952-400*32_952-401*32_952-399*32_952-492*32_952-398*32_295-298*30_295-294*30_295-293*30_295-303*30_1285-1296*30_1285-47*30_1285-1307*30_1285-58*30_1285-1119*30_140-1299*26_140-1297*26_140-1302*26_140-1300*26_140-1298*26_140-1313*26_140-1303*26_140-1312*26_298-292*31_298-1008*31_298-1019*31_318-410*33_318-411*33_318-841*33_1307-3*31_1307-1097*31_1307-14*31_1307-305*31_1307-1108*31_1307-304*31_1307-1052*31_1307-1063*31_1307-1085*31_14-1074*32_14-284*32_14-389*32_14-390*32_14-1041*32_1074-388*33_1074-249*33_1074-244*33_1074-266*33_1074-387*33_327-312*29_327-326*29_327-830*29_327-819*29_829-831*26_829-832*26_829-835*26_467-466*30_467-471*30_467-472*30_467-458*30_467-752*30_458-457*31_458-468*31_458-459*31_458-456*31_1312-1311*27_1312-1304*27_1312-1305*27_1312-1301*27_1312-1310*27_1312-1315*27_1312-1306*27_1312-1309*27_410-412*34_832-833*27_832-834*27_832-850*27_832-836*27_832-849*27_1309-1308*28_1309-26*28_1309-1317*28_1309-1316*28_1309-24*28_850-848*28_850-853*28_850-869*28_44-42*28_290-395*32_290-394*32_290-393*32_290-396*32_387-385*34_387-245*34_387-384*34_387-246*34_387-265*34_394-392*33_394-1030*33_1041-391*33_468-469*32_468-473*32_468-460*32_468-462*32_468-474*32_468-461*32_468-463*32_412-413*35_412-414*35_462-464*33_462-453*33_462-452*33_462-442*33_462-465*33_462-475*33_462-451*33_42-41*29_42-138*29_42-40*29_42-12*29_42-13*29_42-50*29_26-23*29_26-133*29_26-22*29_26-20*29_26-132*29_12-18*30_12-15*30_12-49*30_12-16*30_20-19*30_20-21*30_20-17*30_20-27*30_413-415*36_413-421*36_49-39*31_49-38*31_49-37*31_37-35*32_37-28*32_384-379*35_28-29*33_28-30*33_415-416*37_415-479*37_415-420*37_415-418*37_415-417*37_415-454*37_132-131*30_132-130*30_132-134*30_132-115*30_132-135*30_130-116*31_130-112*31_130-117*31_130-137*31_137-55*32_137-56*32_137-110*32_110-111*33_110-89*33_110-85*33_110-54*33_110-53*33_55-83*33_30-51*34_89-90*34_89-86*34_89-88*34_89-87*34_89-92*34_89-84*34_417-429*38_417-428*38_417-476*38_417-422*38_92-93*35_92-34*35_92-103*35_92-33*35_429-427*39_429-477*39_429-426*39_117-118*32_117-119*32_477-478*40_51-52*35_83-82*34_83-94*34_83-81*34_103-101*36_103-100*36_427-432*40_427-425*40_427-433*40_427-434*40_427-444*40_434-435*41_434-436*41_434-450*41_434-446*41_434-447*41_434-437*41_434-586*41_434-449*41_434-445*41_434-575*41_81-79*35_81-78*35_81-60*35_437-438*42_437-439*42_100-99*37_100-98*37_78-77*36_78-95*36_78-76*36_78-96*36_78-75*36_78-97*36_438-443*43_443-440*44_443-441*44_76-74*37_
